Sensor #1 X,Sensor #1 Y,Sensor #1 Z,"Sensor #1 Euler Angles (Z Y'X"") Z","Sensor #1 Euler Angles (Z Y'X"") Y'","Sensor #1 Euler Angles (Z Y'X"") X""","Sensor #1 Rotation Matrix M0,0","Sensor #1 Rotation Matrix M0,1","Sensor #1 Rotation Matrix M0,2","Sensor #1 Rotation Matrix M1,0","Sensor #1 Rotation Matrix M1,1","Sensor #1 Rotation Matrix M1,2","Sensor #1 Rotation Matrix M2,0","Sensor #1 Rotation Matrix M2,1","Sensor #1 Rotation Matrix M2,2",Sensor #2 X,Sensor #2 Y,Sensor #2 Z,"Sensor #2 Euler Angles (Z Y'X"") Z","Sensor #2 Euler Angles (Z Y'X"") Y'","Sensor #2 Euler Angles (Z Y'X"") X""","Sensor #2 Rotation Matrix M0,0","Sensor #2 Rotation Matrix M0,1","Sensor #2 Rotation Matrix M0,2","Sensor #2 Rotation Matrix M1,0","Sensor #2 Rotation Matrix M1,1","Sensor #2 Rotation Matrix M1,2","Sensor #2 Rotation Matrix M2,0","Sensor #2 Rotation Matrix M2,1","Sensor #2 Rotation Matrix M2,2",Sensor #3 X,Sensor #3 Y,Sensor #3 Z,"Sensor #3 Euler Angles (Z Y'X"") Z","Sensor #3 Euler Angles (Z Y'X"") Y'","Sensor #3 Euler Angles (Z Y'X"") X""","Sensor #3 Rotation Matrix M0,0","Sensor #3 Rotation Matrix M0,1","Sensor #3 Rotation Matrix M0,2","Sensor #3 Rotation Matrix M1,0","Sensor #3 Rotation Matrix M1,1","Sensor #3 Rotation Matrix M1,2","Sensor #3 Rotation Matrix M2,0","Sensor #3 Rotation Matrix M2,1","Sensor #3 Rotation Matrix M2,2",Sensor #4 X,Sensor #4 Y,Sensor #4 Z,"Sensor #4 Euler Angles (Z Y'X"") Z","Sensor #4 Euler Angles (Z Y'X"") Y'","Sensor #4 Euler Angles (Z Y'X"") X""","Sensor #4 Rotation Matrix M0,0","Sensor #4 Rotation Matrix M0,1","Sensor #4 Rotation Matrix M0,2","Sensor #4 Rotation Matrix M1,0","Sensor #4 Rotation Matrix M1,1","Sensor #4 Rotation Matrix M1,2","Sensor #4 Rotation Matrix M2,0","Sensor #4 Rotation Matrix M2,1","Sensor #4 Rotation Matrix M2,2",Sensor #5 X,Sensor #5 Y,Sensor #5 Z,"Sensor #5 Euler Angles (Z Y'X"") Z","Sensor #5 Euler Angles (Z Y'X"") Y'","Sensor #5 Euler Angles (Z Y'X"") X""","Sensor #5 Rotation Matrix M0,0","Sensor #5 Rotation Matrix M0,1","Sensor #5 Rotation Matrix M0,2","Sensor #5 Rotation Matrix M1,0","Sensor #5 Rotation Matrix M1,1","Sensor #5 Rotation Matrix M1,2","Sensor #5 Rotation Matrix M2,0","Sensor #5 Rotation Matrix M2,1","Sensor #5 Rotation Matrix M2,2",Sensor #6 X,Sensor #6 Y,Sensor #6 Z,"Sensor #6 Euler Angles (Z Y'X"") Z","Sensor #6 Euler Angles (Z Y'X"") Y'","Sensor #6 Euler Angles (Z Y'X"") X""","Sensor #6 Rotation Matrix M0,0","Sensor #6 Rotation Matrix M0,1","Sensor #6 Rotation Matrix M0,2","Sensor #6 Rotation Matrix M1,0","Sensor #6 Rotation Matrix M1,1","Sensor #6 Rotation Matrix M1,2","Sensor #6 Rotation Matrix M2,0","Sensor #6 Rotation Matrix M2,1","Sensor #6 Rotation Matrix M2,2"
0.257063,0.153591,-0.097194,-179.465848,-30.105895,-178.335981,-0.864667,-0.023877,-0.501096,-0.008061,0.999399,-0.033699,0.5016,-0.02511,-0.86434,0.311088,0.133945,-0.082125,-146.555472,-21.692288,55.333064,-0.774834,0.566922,-0.277726,-0.511773,-0.306503,0.802081,0.369622,0.764097,0.528434,0.389446,0.181719,-0.123872,-154.140447,-43.91975,-78.490274,-0.647975,-0.524725,0.551777,-0.314075,-0.475751,-0.821412,0.69365,-0.705709,0.143703,0.256394,-0.170083,-0.100096,177.109285,-41.652414,-16.302762,-0.746317,-0.234727,0.622921,0.037686,-0.94923,-0.312524,0.66461,-0.20975,0.717159,0.305284,-0.157693,-0.090832,177.017952,-6.130296,-6.682536,-0.992841,-0.064075,0.099867,0.051721,-0.99112,-0.121728,0.10679,-0.115702,0.987526,0.387995,-0.187942,-0.114272,125.364678,-54.737684,-171.92544,-0.333624,0.740399,-0.582644,0.470068,0.667083,0.577736,0.816517,-0.080944,-0.570555
0.257063,0.153591,-0.097194,-179.477261,-30.105517,-178.347386,-0.86466,-0.023578,-0.501102,-0.007889,0.999411,-0.0334,0.501594,-0.024937,-0.864336,0.311088,0.133945,-0.082237,-146.580126,-21.702175,55.350081,-0.77507,0.56685,-0.277492,-0.51145,-0.306517,0.802352,0.369782,0.76422,0.528183,0.389446,0.181719,-0.123872,-154.171345,-43.900358,-78.457742,-0.647975,-0.524661,0.551285,-0.313643,-0.475347,-0.821479,0.693406,-0.705642,0.144107,0.256505,-0.170083,-0.100096,177.106642,-41.635124,-16.300426,-0.746317,-0.234692,0.622695,0.03772,-0.94906,-0.312506,0.664385,-0.209768,0.717329,0.305284,-0.157693,-0.090943,177.017972,-6.143906,-6.668181,-0.992811,-0.064077,0.100117,0.051719,-0.991145,-0.121492,0.107026,-0.115452,0.98753,0.387995,-0.187942,-0.114272,125.375488,-54.713157,-171.944849,-0.334015,0.740611,-0.582321,0.470431,0.666899,0.577696,0.81627,-0.080828,-0.571131
0.257063,0.153591,-0.097194,-179.481219,-30.09004,-178.331643,-0.864667,-0.023638,-0.500864,-0.007829,0.999403,-0.033634,0.50136,-0.025175,-0.864336,0.311088,0.133945,-0.082237,-146.56076,-21.709045,55.345685,-0.774676,0.566966,-0.277617,-0.511566,-0.306123,0.802241,0.369893,0.764095,0.528183,0.389446,0.181719,-0.12376,-154.196581,-43.913686,-78.417239,-0.648215,-0.524493,0.551521,-0.313407,-0.476083,-0.821359,0.693574,-0.705522,0.144602,0.256505,-0.170083,-0.100096,177.102503,-41.651033,-16.284681,-0.746248,-0.234642,0.622939,0.037771,-0.94923,-0.312298,0.664592,-0.209524,0.717228,0.305284,-0.157693,-0.090832,177.003153,-6.144332,-6.653337,-0.992782,-0.064308,0.10011,0.051975,-0.991145,-0.121261,0.107033,-0.115196,0.987559,0.387995,-0.187942,-0.114384,125.413439,-54.747117,-171.982214,-0.334167,0.740666,-0.58237,0.469985,0.666932,0.578073,0.816613,-0.080422,-0.570947
0.257063,0.153591,-0.097082,-179.465602,-30.090286,-178.335847,-0.864667,-0.023873,-0.50086,-0.008065,0.999399,-0.033697,0.501364,-0.025112,-0.86434,0.311088,0.133945,-0.082125,-146.563074,-21.701912,55.366766,-0.774913,0.566854,-0.277896,-0.511678,-0.306109,0.802357,0.369778,0.764373,0.52796,0.389558,0.181608,-0.12376,-154.219402,-43.907085,-78.403766,-0.648583,-0.524387,0.551438,-0.313266,-0.476249,-0.821465,0.693491,-0.705663,0.144803,0.256505,-0.170083,-0.100096,177.119773,-41.64839,-16.290942,-0.746248,-0.234416,0.622973,0.037545,-0.94923,-0.312213,0.664558,-0.209609,0.717228,0.305284,-0.157693,-0.090832,176.98997,-6.145579,-6.666729,-0.992811,-0.064564,0.100088,0.052205,-0.991145,-0.121517,0.107055,-0.115427,0.98753,0.388107,-0.188054,-0.114272,125.423213,-54.709684,-171.990231,-0.334482,0.740576,-0.582177,0.470259,0.667008,0.577731,0.816235,-0.080396,-0.571338
0.257063,0.153591,-0.097082,-179.485422,-30.090171,-178.316032,-0.864675,-0.023701,-0.500862,-0.007766,0.999396,-0.033869,0.501362,-0.025411,-0.864336,0.311088,0.133945,-0.082125,-146.575536,-21.687477,55.388089,-0.775149,0.566545,-0.278056,-0.511592,-0.306095,0.802465,0.369544,0.764659,0.527737,0.389446,0.181608,-0.123872,-154.190684,-43.951425,-78.424326,-0.647968,-0.524824,0.551782,-0.31337,-0.476486,-0.82131,0.694048,-0.705203,0.144445,0.256505,-0.170083,-0.100096,177.112991,-41.647012,-16.272863,-0.746179,-0.234331,0.622991,0.03763,-0.94923,-0.311988,0.66454,-0.209384,0.717297,0.305284,-0.157693,-0.090832,176.989152,-6.145167,-6.652611,-0.992782,-0.064551,0.100096,0.052218,-0.991145,-0.121274,0.107048,-0.115183,0.987559,0.388107,-0.188054,-0.11416,125.422934,-54.682548,-171.969934,-0.334723,0.740418,-0.582272,0.470602,0.667159,0.577285,0.815962,-0.080657,-0.57173
0.257175,0.153591,-0.097082,-179.501039,-30.089923,-178.311828,-0.864675,-0.023465,-0.500866,-0.00753,0.9994,-0.033806,0.501359,-0.025474,-0.864332,0.311088,0.133945,-0.082125,-146.565385,-21.69478,55.387847,-0.775149,0.566743,-0.278174,-0.511789,-0.306095,0.802472,0.369662,0.764652,0.527737,0.389446,0.181608,-0.123872,-154.157094,-43.968126,-78.412438,-0.647473,-0.524685,0.552308,-0.313599,-0.47689,-0.820875,0.694258,-0.704902,0.144536,0.256505,-0.170083,-0.100208,177.071663,-41.650912,-16.242258,-0.74611,-0.234697,0.62294,0.038166,-0.94923,-0.311933,0.66459,-0.208988,0.717366,0.305284,-0.157693,-0.090832,176.987502,-6.130736,-6.638733,-0.992754,-0.064524,0.099859,0.052245,-0.99112,-0.121023,0.106797,-0.114947,0.987613,0.388107,-0.188165,-0.114049,125.4303,-54.632107,-172.018707,-0.33519,0.740857,-0.581427,0.47113,0.666715,0.577363,0.815452,-0.080268,-0.57249
0.257063,0.153591,-0.097194,-179.505492,-30.105662,-178.296346,-0.864682,-0.023532,-0.5011,-0.007463,0.999392,-0.034044,0.501596,-0.025708,-0.864332,0.311088,0.133945,-0.082237,-146.552123,-21.713815,55.381302,-0.774755,0.566977,-0.278102,-0.511786,-0.305715,0.802442,0.369971,0.764445,0.527724,0.389446,0.181608,-0.12376,-154.180479,-43.964697,-78.417571,-0.64772,-0.524846,0.551983,-0.313392,-0.476688,-0.821143,0.694215,-0.705002,0.144491,0.256394,-0.170083,-0.100208,177.056635,-41.664319,-16.235779,-0.745659,-0.234939,0.623046,0.038339,-0.948949,-0.312001,0.664765,-0.20885,0.717196,0.305172,-0.157693,-0.090832,176.973501,-6.131569,-6.638009,-0.992754,-0.064767,0.099845,0.052488,-0.99112,-0.121036,0.106812,-0.114935,0.987613,0.388107,-0.187942,-0.114049,125.468155,-54.632549,-172.003994,-0.335431,0.740186,-0.582027,0.47081,0.667419,0.576782,0.815457,-0.080395,-0.572329
0.257063,0.153591,-0.097194,-179.509696,-30.105792,-178.280735,-0.86469,-0.023596,-0.501098,-0.0074,0.999385,-0.034279,0.501598,-0.025944,-0.864332,0.311088,0.133945,-0.082237,-146.576786,-21.723696,55.39833,-0.774992,0.566905,-0.277868,-0.511464,-0.305729,0.802714,0.370131,0.764568,0.527473,0.389446,0.181608,-0.12376,-154.17914,-43.963332,-78.395338,-0.647473,-0.524745,0.552001,-0.313291,-0.476688,-0.820959,0.694198,-0.704818,0.144738,0.256394,-0.170083,-0.100208,177.054391,-41.653552,-16.235994,-0.74611,-0.234922,0.622906,0.038392,-0.94923,-0.312018,0.664625,-0.208903,0.717366,0.305172,-0.157693,-0.090832,176.973515,-6.145173,-6.623649,-0.992725,-0.064769,0.100095,0.052487,-0.991145,-0.1208,0.107048,-0.114684,0.987617,0.388218,-0.187942,-0.11416,125.517022,-54.635597,-172.028898,-0.335822,0.739887,-0.582209,0.47051,0.667787,0.576607,0.815488,-0.080145,-0.572353
0.257063,0.153591,-0.097082,-179.5139,-30.105922,-178.265125,-0.864697,-0.023659,-0.501096,-0.007336,0.999377,-0.034515,0.5016,-0.026179,-0.864332,0.311088,0.133945,-0.082237,-146.575997,-21.728293,55.413117,-0.774835,0.56683,-0.277957,-0.511375,-0.305334,0.802793,0.370206,0.764646,0.527236,0.389446,0.181608,-0.12376,-154.183459,-43.987817,-78.409206,-0.647473,-0.525053,0.552061,-0.313231,-0.47689,-0.821077,0.694505,-0.7047,0.144536,0.256394,-0.170083,-0.100208,177.03712,-41.656191,-16.22973,-0.74611,-0.235148,0.622871,0.038617,-0.94923,-0.312103,0.664659,-0.208818,0.717366,0.305172,-0.157693,-0.090832,176.988347,-6.158361,-6.624135,-0.992725,-0.06454,0.100353,0.052229,-0.991171,-0.120795,0.107277,-0.11469,0.987591,0.388218,-0.18783,-0.114049,125.552433,-54.622986,-172.054926,-0.336214,0.739745,-0.582157,0.470444,0.667971,0.576446,0.81536,-0.079908,-0.57256
0.257063,0.153591,-0.097082,-179.513646,-30.090312,-178.264995,-0.864697,-0.023655,-0.50086,-0.00734,0.999377,-0.034513,0.501364,-0.026181,-0.864332,0.311088,0.133945,-0.082237,-146.571947,-21.74776,55.410727,-0.774835,0.567146,-0.277878,-0.511454,-0.305348,0.802881,0.370521,0.764558,0.527222,0.389334,0.181608,-0.12376,-154.173257,-44.001094,-78.40246,-0.647226,-0.525075,0.552262,-0.313254,-0.477093,-0.820911,0.694672,-0.704499,0.144581,0.256394,-0.170083,-0.100208,177.032965,-41.672099,-16.213963,-0.746041,-0.235097,0.623115,0.038668,-0.9494,-0.311895,0.664867,-0.208574,0.717265,0.305172,-0.157693,-0.090832,176.988356,-6.171968,-6.609777,-0.992696,-0.064542,0.100604,0.052227,-0.991196,-0.120558,0.107513,-0.114439,0.987595,0.388218,-0.188054,-0.113937,125.535264,-54.554342,-172.06509,-0.336531,0.739972,-0.581496,0.471185,0.667679,0.576132,0.814666,-0.079911,-0.573321
0.257063,0.153591,-0.097082,-179.513646,-30.090312,-178.264995,-0.864697,-0.023655,-0.50086,-0.00734,0.999377,-0.034513,0.501364,-0.026181,-0.864332,0.311088,0.133945,-0.082237,-146.575997,-21.728293,55.413117,-0.774835,0.56683,-0.277957,-0.511375,-0.305334,0.802793,0.370206,0.764646,0.527236,0.389334,0.181608,-0.123872,-154.176769,-44.027387,-78.412748,-0.646858,-0.52555,0.552097,-0.313027,-0.476927,-0.821006,0.695002,-0.704156,0.144379,0.256394,-0.170083,-0.100208,177.032965,-41.672099,-16.213963,-0.746041,-0.235097,0.623115,0.038668,-0.9494,-0.311895,0.664867,-0.208574,0.717265,0.305172,-0.157693,-0.090832,176.989177,-6.172381,-6.623895,-0.992725,-0.064555,0.100596,0.052215,-0.991196,-0.120802,0.10752,-0.114683,0.987566,0.388218,-0.187942,-0.113826,125.572796,-54.561102,-172.08203,-0.336923,0.739868,-0.58164,0.471081,0.667863,0.576064,0.814734,-0.079767,-0.573528
0.257175,0.153591,-0.097082,-179.525061,-30.08993,-178.276402,-0.86469,-0.023356,-0.500866,-0.007168,0.999389,-0.034214,0.501359,-0.026009,-0.864328,0.311088,0.133945,-0.082237,-146.569894,-21.716136,55.415264,-0.774835,0.566712,-0.278154,-0.511494,-0.30532,0.802711,0.370008,0.764728,0.52725,0.389223,0.181719,-0.123872,-154.154706,-44.032186,-78.429878,-0.646858,-0.525489,0.552405,-0.313334,-0.477129,-0.820923,0.695062,-0.70424,0.144177,0.256394,-0.170194,-0.100208,177.015279,-41.668209,-16.205161,-0.74559,-0.235305,0.622995,0.038875,-0.948949,-0.311946,0.664816,-0.208455,0.717265,0.305172,-0.157693,-0.090943,176.989177,-6.172381,-6.623895,-0.992725,-0.064555,0.100596,0.052215,-0.991196,-0.120802,0.10752,-0.114683,0.987566,0.388107,-0.187942,-0.113937,125.526513,-54.571152,-172.016496,-0.33638,0.739639,-0.58211,0.471126,0.668014,0.575818,0.814836,-0.080381,-0.573136
0.257175,0.153591,-0.097082,-179.529263,-30.090058,-178.260791,-0.864697,-0.02342,-0.500864,-0.007104,0.999381,-0.03445,0.501361,-0.026245,-0.864328,0.311088,0.133945,-0.082125,-146.569894,-21.716136,55.415264,-0.774835,0.566712,-0.278154,-0.511494,-0.30532,0.802711,0.370008,0.764728,0.52725,0.389334,0.181719,-0.12376,-154.176248,-44.024221,-78.3941,-0.646978,-0.525282,0.552339,-0.313093,-0.477295,-0.820845,0.694962,-0.704196,0.144626,0.256394,-0.170194,-0.100208,176.997999,-41.670847,-16.198892,-0.74559,-0.23553,0.622961,0.039101,-0.948949,-0.312031,0.66485,-0.20837,0.717265,0.305172,-0.157693,-0.090832,176.959524,-6.159608,-6.608562,-0.992696,-0.065014,0.100332,0.052728,-0.991171,-0.120577,0.107298,-0.114421,0.98762,0.388107,-0.188054,-0.113937,125.489656,-54.550128,-171.99057,-0.336305,0.739887,-0.581931,0.471662,0.66772,0.575743,0.814623,-0.080697,-0.573505
0.257063,0.153479,-0.097194,-179.545134,-30.105414,-178.256713,-0.864697,-0.023188,-0.501103,-0.006865,0.999385,-0.034388,0.501592,-0.026306,-0.864324,0.311088,0.133945,-0.082125,-146.563791,-21.70398,55.417414,-0.774835,0.566593,-0.278351,-0.511612,-0.305307,0.80263,0.369811,0.764809,0.527264,0.389334,0.181719,-0.12376,-154.185117,-44.009571,-78.378597,-0.646978,-0.525158,0.552155,-0.312969,-0.477093,-0.820828,0.694779,-0.704214,0.144828,0.256394,-0.170194,-0.100208,176.997999,-41.670847,-16.198892,-0.74559,-0.23553,0.622961,0.039101,-0.948949,-0.312031,0.66485,-0.20837,0.717265,0.305172,-0.157693,-0.090832,176.960353,-6.173627,-6.608318,-0.992696,-0.065028,0.100575,0.052714,-0.991196,-0.120584,0.107542,-0.114414,0.987595,0.388107,-0.18783,-0.11416,125.517763,-54.58798,-171.967895,-0.336229,0.739306,-0.582724,0.471067,0.668348,0.575504,0.815006,-0.080851,-0.572952
0.257063,0.153479,-0.097194,-179.54488,-30.089804,-178.256587,-0.864697,-0.023184,-0.500868,-0.006869,0.999385,-0.034386,0.501357,-0.026308,-0.864324,0.311088,0.133945,-0.082125,-146.563791,-21.70398,55.417414,-0.774835,0.566593,-0.278351,-0.511612,-0.305307,0.80263,0.369811,0.764809,0.527264,0.389334,0.181608,-0.12376,-154.216848,-43.988325,-78.349599,-0.647346,-0.524928,0.551889,-0.312705,-0.477056,-0.820917,0.694512,-0.704372,0.145233,0.256394,-0.170194,-0.100208,176.997999,-41.670847,-16.198892,-0.74559,-0.23553,0.622961,0.039101,-0.948949,-0.312031,0.66485,-0.20837,0.717265,0.305172,-0.157804,-0.090832,176.946351,-6.174457,-6.607588,-0.992696,-0.065272,0.10056,0.052957,-0.991196,-0.120597,0.107556,-0.114401,0.987595,0.388107,-0.18783,-0.114049,125.541879,-54.579109,-171.986018,-0.336621,0.73936,-0.582634,0.471197,0.668348,0.57545,0.814917,-0.080721,-0.573344
0.257063,0.153479,-0.097194,-179.54488,-30.089804,-178.256587,-0.864697,-0.023184,-0.500868,-0.006869,0.999385,-0.034386,0.501357,-0.026308,-0.864324,0.311088,0.133945,-0.082125,-146.589248,-21.709256,55.419656,-0.775229,0.566596,-0.278029,-0.511378,-0.305715,0.802823,0.369897,0.764853,0.52725,0.389334,0.181719,-0.12376,-154.181595,-43.983286,-78.368332,-0.647346,-0.524684,0.55232,-0.313196,-0.477258,-0.820732,0.694448,-0.704557,0.145031,0.256394,-0.170194,-0.100208,176.97392,-41.672091,-16.174541,-0.745521,-0.23567,0.622945,0.039411,-0.948949,-0.311891,0.664867,-0.208059,0.717333,0.305172,-0.157693,-0.090832,176.961181,-6.187647,-6.608074,-0.992696,-0.065043,0.100818,0.052699,-0.991222,-0.120591,0.107785,-0.114407,0.987569,0.388107,-0.187719,-0.11416,125.55532,-54.594771,-171.984875,-0.336621,0.739202,-0.582868,0.470963,0.668532,0.575436,0.815075,-0.080707,-0.57316
0.257063,0.153479,-0.097082,-179.560497,-30.08955,-178.252383,-0.864697,-0.022948,-0.500871,-0.006633,0.999389,-0.034323,0.501353,-0.026371,-0.864321,0.311088,0.133945,-0.082125,-146.583146,-21.697099,55.421804,-0.775229,0.566478,-0.278226,-0.511497,-0.305701,0.802741,0.3697,0.764935,0.527264,0.389334,0.181608,-0.123537,-154.200655,-43.955369,-78.359609,-0.647593,-0.524538,0.551935,-0.31305,-0.476854,-0.820882,0.694098,-0.704775,0.145187,0.256394,-0.170194,-0.100208,176.991626,-41.675983,-16.183343,-0.745972,-0.235463,0.623064,0.039204,-0.9494,-0.31184,0.664917,-0.208178,0.717333,0.305172,-0.157693,-0.090832,176.94718,-6.188477,-6.607343,-0.992696,-0.065286,0.100804,0.052943,-0.991222,-0.120604,0.107799,-0.114394,0.987569,0.387995,-0.18783,-0.114049,125.504333,-54.572324,-171.969048,-0.336229,0.739464,-0.58249,0.471301,0.668164,0.575519,0.814848,-0.080865,-0.573136
0.257063,0.153479,-0.097194,-179.54093,-30.105288,-178.272323,-0.86469,-0.023124,-0.501105,-0.006928,0.999393,-0.034153,0.501591,-0.02607,-0.864324,0.311088,0.133945,-0.082237,-146.58694,-21.71639,55.398574,-0.774992,0.566708,-0.27775,-0.511267,-0.305729,0.802707,0.370013,0.764575,0.527473,0.389223,0.181608,-0.123537,-154.197122,-43.929093,-78.349373,-0.647961,-0.524063,0.552099,-0.313277,-0.47702,-0.820787,0.693768,-0.705117,0.145389,0.256394,-0.170194,-0.100208,177.008899,-41.673348,-16.189612,-0.745972,-0.235238,0.623099,0.038979,-0.9494,-0.311755,0.664883,-0.208264,0.717333,0.305172,-0.157804,-0.090832,176.947174,-6.174874,-6.621706,-0.992725,-0.065284,0.100553,0.052944,-0.991196,-0.12084,0.107563,-0.114644,0.987566,0.388107,-0.187719,-0.113937,125.588535,-54.562799,-172.019871,-0.337013,0.739022,-0.582619,0.470935,0.668716,0.575183,0.814752,-0.080379,-0.573368
0.257063,0.153479,-0.097194,-179.552344,-30.104912,-178.283729,-0.864682,-0.022825,-0.501111,-0.006756,0.999404,-0.033854,0.501585,-0.025898,-0.864321,0.311088,0.133945,-0.082237,-146.587733,-21.711795,55.38379,-0.775149,0.566782,-0.277661,-0.511355,-0.306123,0.802628,0.369938,0.764496,0.52771,0.389223,0.181608,-0.123425,-154.191161,-43.882884,-78.366155,-0.648456,-0.52365,0.551944,-0.313599,-0.476617,-0.820919,0.693187,-0.705721,0.145298,0.256394,-0.170083,-0.100208,177.03033,-41.654804,-16.211651,-0.746041,-0.235063,0.622889,0.038702,-0.94923,-0.311877,0.664641,-0.208592,0.717435,0.305172,-0.157693,-0.090832,176.947164,-6.161272,-6.636069,-0.992754,-0.065283,0.100303,0.052946,-0.991171,-0.121076,0.107327,-0.114895,0.987562,0.388107,-0.187719,-0.113937,125.602875,-54.591269,-172.03007,-0.337089,0.739166,-0.582723,0.470791,0.668641,0.575471,0.81504,-0.080275,-0.573368
0.257063,0.153479,-0.097194,-179.508496,-30.105029,-178.338974,-0.86466,-0.023106,-0.501109,-0.007418,0.999419,-0.033273,0.501587,-0.025064,-0.864328,0.3112,0.133945,-0.082237,-146.569972,-21.709475,55.349837,-0.77507,0.567047,-0.27761,-0.511648,-0.306517,0.802359,0.3699,0.764213,0.528183,0.389111,0.181719,-0.123537,-154.136419,-43.8903,-78.461343,-0.648463,-0.523982,0.552183,-0.314367,-0.476285,-0.821156,0.69328,-0.706092,0.144152,0.256394,-0.170194,-0.100208,177.04615,-41.668347,-16.247594,-0.745728,-0.235249,0.622994,0.03848,-0.948949,-0.312312,0.664818,-0.208991,0.717127,0.305172,-0.157693,-0.090943,176.947996,-6.175292,-6.635824,-0.992754,-0.065297,0.100546,0.052932,-0.991196,-0.121083,0.107571,-0.114888,0.987537,0.388107,-0.187719,-0.113937,125.588802,-54.589858,-172.040219,-0.336772,0.739181,-0.582525,0.470592,0.668566,0.575629,0.815025,-0.080116,-0.572976
0.257175,0.153591,-0.097194,-179.479788,-30.073667,-178.389757,-0.864638,-0.023145,-0.50064,-0.007851,0.999437,-0.032626,0.501113,-0.024298,-0.864332,0.3112,0.133945,-0.082237,-146.549905,-21.714283,55.294818,-0.774755,0.567423,-0.277279,-0.511829,-0.306926,0.801975,0.369978,0.763651,0.528879,0.389223,0.181719,-0.123425,-154.148271,-43.814885,-78.447204,-0.648958,-0.523321,0.551661,-0.314442,-0.475478,-0.821254,0.692331,-0.70673,0.144464,0.256394,-0.170194,-0.100208,177.052943,-41.669734,-16.265678,-0.745797,-0.235334,0.622976,0.038395,-0.948949,-0.312537,0.664836,-0.209216,0.717058,0.305172,-0.157693,-0.090943,176.949652,-6.189729,-6.649698,-0.992782,-0.065324,0.100782,0.052904,-0.991222,-0.121334,0.107821,-0.115124,0.987482,0.388107,-0.187607,-0.113937,125.640165,-54.639379,-172.076463,-0.336923,0.739076,-0.582809,0.469912,0.668783,0.575993,0.815526,-0.079696,-0.572609
0.257175,0.153591,-0.097194,-179.456003,-30.089249,-178.425316,-0.864624,-0.023257,-0.500876,-0.008209,0.999447,-0.032219,0.501348,-0.023761,-0.864336,0.3112,0.133945,-0.082237,-146.560873,-21.702394,55.280297,-0.774913,0.5673,-0.277073,-0.51172,-0.30732,0.801889,0.369786,0.763579,0.529116,0.389223,0.181719,-0.123648,-154.140791,-43.830831,-78.484824,-0.649205,-0.523546,0.551828,-0.314666,-0.475679,-0.821455,0.692531,-0.706897,0.144015,0.256394,-0.170083,-0.100208,177.064639,-41.699185,-16.285884,-0.745415,-0.23547,0.623323,0.038222,-0.948839,-0.312764,0.66522,-0.209371,0.716648,0.305172,-0.157804,-0.090943,176.937312,-6.205003,-6.662841,-0.992811,-0.065595,0.101003,0.05312,-0.991247,-0.121597,0.108086,-0.115347,0.987428,0.388107,-0.187607,-0.113937,125.627388,-54.644522,-172.0663,-0.336531,0.738826,-0.582936,0.469587,0.668966,0.575941,0.815578,-0.079719,-0.572033
0.257175,0.153591,-0.097194,-179.467419,-30.088885,-178.436725,-0.864616,-0.022958,-0.500881,-0.008037,0.999458,-0.03192,0.501343,-0.023589,-0.864332,0.3112,0.134057,-0.082237,-146.542315,-21.704658,55.261133,-0.774676,0.567491,-0.277109,-0.511925,-0.30732,0.801698,0.369822,0.763375,0.529352,0.389446,0.181608,-0.123648,-154.189176,-43.761884,-78.474355,-0.649949,-0.523229,0.550858,-0.314349,-0.474672,-0.821922,0.691663,-0.707533,0.144279,0.256394,-0.170083,-0.100208,177.086073,-41.680625,-16.30791,-0.745484,-0.235296,0.623114,0.037946,-0.948668,-0.312887,0.664978,-0.2097,0.71675,0.305172,-0.157693,-0.090943,176.950476,-6.190146,-6.663817,-0.992811,-0.065337,0.100775,0.052892,-0.991222,-0.121577,0.107828,-0.115367,0.987453,0.388107,-0.187384,-0.113826,125.779076,-54.719628,-172.143604,-0.337466,0.73816,-0.58378,0.468268,0.669917,0.576045,0.816335,-0.078889,-0.571715
0.257175,0.153591,-0.097194,-179.447828,-30.104595,-178.456674,-0.864609,-0.023134,-0.501116,-0.008333,0.999461,-0.03175,0.50158,-0.023287,-0.864336,0.3112,0.133945,-0.082237,-146.551536,-21.70509,55.265288,-0.775071,0.567572,-0.277102,-0.512006,-0.307715,0.801817,0.369829,0.763493,0.529352,0.389558,0.181496,-0.123648,-154.171761,-43.727641,-78.462165,-0.649949,-0.522737,0.550922,-0.314593,-0.47447,-0.821704,0.691231,-0.707751,0.14448,0.256394,-0.170194,-0.100096,177.075588,-41.684663,-16.319731,-0.745553,-0.235606,0.623062,0.038087,-0.948668,-0.313197,0.66503,-0.20984,0.716681,0.305172,-0.157804,-0.091055,176.951311,-6.204167,-6.663574,-0.992811,-0.065352,0.101018,0.052877,-0.991247,-0.121584,0.108072,-0.11536,0.987428,0.388107,-0.187384,-0.113826,125.852733,-54.748871,-172.184843,-0.337541,0.737362,-0.584269,0.467106,0.670758,0.575892,0.81663,-0.078344,-0.570799
0.257175,0.153591,-0.097194,-179.447598,-30.088986,-178.456542,-0.864609,-0.023131,-0.50088,-0.008336,0.999461,-0.031748,0.501344,-0.023289,-0.864336,0.3112,0.134057,-0.082348,-146.535924,-21.73125,55.237659,-0.77444,0.567917,-0.276751,-0.511892,-0.307348,0.801671,0.370253,0.763008,0.529561,0.389558,0.181496,-0.123648,-154.14978,-43.732392,-78.479143,-0.649949,-0.522677,0.55123,-0.314901,-0.474672,-0.82162,0.691291,-0.707835,0.144279,0.256394,-0.170194,-0.100096,177.072938,-41.667369,-16.317393,-0.745553,-0.235572,0.622836,0.038121,-0.948498,-0.313179,0.664805,-0.209858,0.716851,0.305172,-0.157804,-0.091055,176.966137,-6.203746,-6.678427,-0.992841,-0.065121,0.101025,0.052621,-0.991247,-0.121815,0.108064,-0.115616,0.987399,0.388107,-0.187384,-0.113937,125.843171,-54.786323,-172.177082,-0.337225,0.737452,-0.584463,0.466832,0.670682,0.576234,0.817007,-0.078368,-0.570407
0.257175,0.153591,-0.097194,-179.43221,-30.104826,-178.46088,-0.864609,-0.02337,-0.501112,-0.008568,0.999457,-0.031813,0.501584,-0.023224,-0.86434,0.3112,0.134057,-0.082237,-146.548401,-21.716823,55.258978,-0.774676,0.567609,-0.276912,-0.511806,-0.307334,0.80178,0.37002,0.763293,0.529338,0.389558,0.181608,-0.123648,-154.125832,-43.732641,-78.455336,-0.649821,-0.522249,0.551796,-0.315174,-0.475241,-0.821191,0.691294,-0.707776,0.144573,0.256394,-0.170194,-0.100096,177.090219,-41.664717,-16.323659,-0.745553,-0.235346,0.622871,0.037896,-0.948498,-0.313094,0.66477,-0.209943,0.716851,0.305172,-0.157693,-0.091055,176.9653,-6.189725,-6.678668,-0.992841,-0.065107,0.100782,0.052636,-0.991222,-0.121807,0.107821,-0.115623,0.987424,0.388107,-0.187384,-0.114049,125.908762,-54.851698,-172.212791,-0.337377,0.737191,-0.584982,0.465917,0.671079,0.57658,0.817665,-0.077931,-0.569858
0.257063,0.153591,-0.097194,-179.436415,-30.104959,-178.445267,-0.864616,-0.023433,-0.50111,-0.008505,0.99945,-0.032049,0.501586,-0.02346,-0.86434,0.3112,0.134057,-0.082237,-146.559377,-21.704939,55.244464,-0.774834,0.567486,-0.276705,-0.511698,-0.307729,0.801694,0.369827,0.763221,0.529575,0.389558,0.181608,-0.123537,-154.076225,-43.716432,-78.453353,-0.649573,-0.52172,0.552368,-0.315749,-0.475442,-0.820722,0.69109,-0.707877,0.14462,0.256394,-0.170194,-0.100096,177.092869,-41.682011,-16.326,-0.745553,-0.235381,0.623096,0.037861,-0.948668,-0.313112,0.664996,-0.209925,0.716681,0.305172,-0.157693,-0.091055,176.979299,-6.188887,-6.6794,-0.992841,-0.064863,0.100797,0.052392,-0.991222,-0.121795,0.107807,-0.115636,0.987424,0.387995,-0.187496,-0.113937,125.894208,-54.823098,-172.202472,-0.337301,0.737047,-0.584877,0.466062,0.671155,0.576293,0.817377,-0.078036,-0.569858
0.257175,0.153591,-0.097194,-179.460442,-30.10499,-178.409835,-0.864631,-0.023324,-0.50111,-0.008143,0.99944,-0.032457,0.501586,-0.023995,-0.864336,0.311311,0.133945,-0.082237,-146.580244,-21.695533,55.284697,-0.775307,0.567185,-0.276947,-0.511605,-0.307715,0.802,0.369674,0.763704,0.529116,0.389446,0.181608,-0.123648,-154.054094,-43.805044,-78.460698,-0.64883,-0.522404,0.55309,-0.315698,-0.476451,-0.820455,0.692207,-0.70704,0.144354,0.256394,-0.170194,-0.100208,177.068791,-41.683275,-16.301641,-0.745484,-0.235521,0.62308,0.038172,-0.948668,-0.312972,0.665012,-0.209615,0.71675,0.305172,-0.157693,-0.091055,176.993299,-6.188049,-6.680131,-0.992841,-0.06462,0.100811,0.052149,-0.991222,-0.121782,0.107792,-0.115649,0.987424,0.387883,-0.187384,-0.113937,126.031002,-54.863149,-172.290529,-0.338237,0.7365,-0.585293,0.465013,0.671917,0.576319,0.81778,-0.077126,-0.569728
0.257175,0.153591,-0.097194,-179.464409,-30.089513,-178.394091,-0.864638,-0.023384,-0.500872,-0.008083,0.999433,-0.032691,0.501352,-0.024232,-0.864336,0.311311,0.133945,-0.082237,-146.605845,-21.697702,55.297808,-0.775149,0.566834,-0.276602,-0.511003,-0.307334,0.802146,0.369709,0.763716,0.528865,0.389446,0.181608,-0.12376,-154.001082,-43.854586,-78.472601,-0.6476,-0.522848,0.553534,-0.31584,-0.476523,-0.820008,0.69283,-0.706257,0.144041,0.256394,-0.170194,-0.100208,177.07022,-41.667089,-16.271945,-0.745797,-0.235109,0.62301,0.038169,-0.948949,-0.312452,0.664801,-0.209301,0.717058,0.305172,-0.157693,-0.091055,177.005642,-6.172781,-6.66698,-0.992811,-0.06435,0.100589,0.051933,-0.991196,-0.121519,0.107527,-0.115425,0.987479,0.387995,-0.187384,-0.113826,126.128747,-54.842208,-172.320104,-0.339262,0.735738,-0.585751,0.464754,0.672799,0.575523,0.817569,-0.076887,-0.570175
0.257175,0.153479,-0.097194,-179.473056,-30.105386,-178.362998,-0.864652,-0.023514,-0.501104,-0.007952,0.999418,-0.033164,0.501592,-0.024702,-0.864336,0.3112,0.133945,-0.082237,-146.609375,-21.726773,55.329115,-0.775228,0.567082,-0.276693,-0.510987,-0.306954,0.802511,0.370181,0.763904,0.528378,0.389334,0.181719,-0.12376,-153.963909,-43.929042,-78.44104,-0.646731,-0.522977,0.554638,-0.315936,-0.477901,-0.819296,0.693767,-0.705377,0.144267,0.256394,-0.170194,-0.100208,177.063428,-41.665704,-16.253861,-0.745728,-0.235024,0.623028,0.038254,-0.948949,-0.312227,0.664783,-0.209076,0.717127,0.305172,-0.157693,-0.090943,177.017988,-6.157516,-6.653827,-0.992782,-0.064079,0.100368,0.051717,-0.991171,-0.121256,0.107262,-0.115202,0.987533,0.387883,-0.187049,-0.11416,126.218449,-54.89393,-172.340907,-0.339262,0.734517,-0.586801,0.463229,0.674074,0.575141,0.818089,-0.076505,-0.5689
0.257175,0.153591,-0.097082,-179.465848,-30.105895,-178.335981,-0.864667,-0.023877,-0.501096,-0.008061,0.999399,-0.033699,0.5016,-0.02511,-0.86434,0.3112,0.133945,-0.082237,-146.603278,-21.714609,55.331258,-0.775228,0.566964,-0.27689,-0.511105,-0.30694,0.802429,0.369984,0.763985,0.528392,0.389334,0.181719,-0.12376,-153.922853,-43.961773,-78.467011,-0.646484,-0.523063,0.55533,-0.31639,-0.478509,-0.819062,0.694178,-0.705244,0.143907,0.256394,-0.170194,-0.100208,177.050237,-41.669461,-16.220232,-0.746041,-0.234872,0.623149,0.038442,-0.9494,-0.31181,0.664832,-0.208659,0.717265,0.305172,-0.157581,-0.090943,177.03199,-6.156682,-6.654555,-0.992782,-0.063836,0.100382,0.051474,-0.991171,-0.121243,0.107248,-0.115214,0.987533,0.387883,-0.187049,-0.11416,126.28304,-54.905313,-172.335443,-0.339895,0.733935,-0.587506,0.462998,0.674771,0.574595,0.818203,-0.076592,-0.569139
0.257175,0.153479,-0.097082,-179.474257,-30.106163,-178.304758,-0.864682,-0.024004,-0.501092,-0.007934,0.999384,-0.03417,0.501604,-0.025581,-0.86434,0.311311,0.133945,-0.082237,-146.627147,-21.729081,55.363073,-0.775307,0.566818,-0.276745,-0.510694,-0.306559,0.80278,0.370218,0.764187,0.527904,0.389446,0.182054,-0.123648,-153.815692,-43.962795,-78.429879,-0.645617,-0.521963,0.556991,-0.317464,-0.479687,-0.817724,0.694191,-0.70499,0.144331,0.256282,-0.170194,-0.100208,177.040814,-41.650782,-16.199839,-0.745972,-0.234752,0.622942,0.038562,-0.94923,-0.311567,0.664589,-0.208452,0.717504,0.30506,-0.157693,-0.090943,177.01717,-6.157107,-6.639709,-0.992754,-0.064066,0.100375,0.05173,-0.991171,-0.121012,0.107255,-0.114959,0.987562,0.387883,-0.187161,-0.11416,126.280808,-54.885763,-172.344431,-0.339895,0.733897,-0.58731,0.463036,0.674771,0.574504,0.818007,-0.076501,-0.569139
0.257175,0.153479,-0.097082,-179.478462,-30.106297,-178.289148,-0.86469,-0.024067,-0.50109,-0.007871,0.999377,-0.034406,0.501606,-0.025817,-0.86434,0.311311,0.133945,-0.082237,-146.643416,-21.733942,55.361185,-0.775307,0.566739,-0.276429,-0.510378,-0.306574,0.802854,0.370297,0.764113,0.52789,0.389446,0.181942,-0.123648,-153.7708,-43.974178,-78.460646,-0.64525,-0.52201,0.557381,-0.317911,-0.479725,-0.817533,0.694334,-0.704935,0.143925,0.256282,-0.170194,-0.100208,177.038182,-41.633493,-16.19753,-0.745972,-0.234718,0.622716,0.038596,-0.94906,-0.311549,0.664363,-0.20847,0.717674,0.30506,-0.157693,-0.090832,177.043526,-6.141017,-6.627281,-0.992725,-0.063553,0.100168,0.05127,-0.991145,-0.120737,0.106976,-0.114748,0.987617,0.387772,-0.187272,-0.114049,126.254626,-54.860936,-172.32589,-0.339819,0.733948,-0.587167,0.463377,0.674665,0.574323,0.817757,-0.076713,-0.56932
0.257175,0.153591,-0.097082,-179.478714,-30.121909,-178.289281,-0.86469,-0.024071,-0.501326,-0.007867,0.999377,-0.034408,0.501842,-0.025815,-0.86434,0.311311,0.133945,-0.082237,-146.645713,-21.726798,55.382255,-0.775544,0.566628,-0.276708,-0.51049,-0.306559,0.80297,0.370181,0.764391,0.527668,0.389334,0.181942,-0.12376,-153.729202,-44.011764,-78.501847,-0.644514,-0.52253,0.557606,-0.31813,-0.479598,-0.817437,0.694806,-0.704537,0.143316,0.256282,-0.170194,-0.100208,177.031802,-41.638628,-16.181986,-0.746355,-0.234651,0.62282,0.038699,-0.949511,-0.311357,0.66443,-0.208279,0.717742,0.305172,-0.157581,-0.090943,177.070718,-6.138953,-6.614617,-0.992696,-0.063053,0.100203,0.050796,-0.991145,-0.120468,0.10694,-0.11453,0.987645,0.387883,-0.187161,-0.113937,126.33013,-54.874656,-172.360042,-0.340604,0.733738,-0.587456,0.463166,0.675029,0.574185,0.817895,-0.076424,-0.569742
0.257063,0.153591,-0.097082,-179.463097,-30.122161,-178.29349,-0.86469,-0.024307,-0.501322,-0.008103,0.999373,-0.034472,0.501845,-0.025751,-0.864344,0.311311,0.133945,-0.082237,-146.657925,-21.751126,55.37799,-0.775544,0.566864,-0.276313,-0.510253,-0.306588,0.803133,0.370576,0.764228,0.527639,0.389334,0.181831,-0.12376,-153.756927,-44.032751,-78.520815,-0.644761,-0.523,0.557342,-0.317864,-0.479598,-0.817824,0.695069,-0.704518,0.143069,0.256282,-0.170306,-0.100096,177.042287,-41.634614,-16.170176,-0.746286,-0.23434,0.622872,0.038559,-0.949511,-0.311047,0.664378,-0.208138,0.717811,0.30506,-0.157581,-0.090832,177.070718,-6.138953,-6.614617,-0.992696,-0.063053,0.100203,0.050796,-0.991145,-0.120468,0.10694,-0.11453,0.987645,0.387772,-0.187161,-0.113826,126.303957,-54.84983,-172.341508,-0.340529,0.73379,-0.587313,0.463507,0.674923,0.574005,0.817646,-0.076636,-0.569924
0.257063,0.153479,-0.097082,-179.48292,-30.122043,-178.273671,-0.864697,-0.024134,-0.501324,-0.007804,0.999369,-0.034644,0.501844,-0.026051,-0.86434,0.311311,0.133834,-0.082237,-146.647758,-21.758432,55.377741,-0.775544,0.567062,-0.276432,-0.51045,-0.306588,0.80314,0.370694,0.764221,0.527639,0.389334,0.181942,-0.123872,-153.697399,-44.032962,-78.531094,-0.644147,-0.522761,0.557872,-0.318393,-0.479637,-0.817347,0.695072,-0.70438,0.14291,0.256282,-0.170194,-0.100096,177.059557,-41.631984,-16.176438,-0.746286,-0.234115,0.622906,0.038333,-0.949511,-0.310962,0.664344,-0.208223,0.717811,0.30506,-0.157581,-0.090832,177.099555,-6.151313,-6.615842,-0.992696,-0.062581,0.100475,0.050296,-0.991171,-0.120449,0.107155,-0.114548,0.98762,0.387772,-0.187161,-0.113937,126.316992,-54.852808,-172.329387,-0.340453,0.733328,-0.587675,0.463183,0.675362,0.573686,0.817676,-0.07671,-0.56956
0.257175,0.153479,-0.097082,-179.471358,-30.118232,-178.261577,-0.864234,-0.024431,-0.501254,-0.007974,0.999357,-0.034939,0.501786,-0.026219,-0.863873,0.311311,0.133834,-0.082237,-146.651819,-21.738962,55.380121,-0.775544,0.566746,-0.27651,-0.510371,-0.306574,0.803051,0.370378,0.76431,0.527653,0.389223,0.181942,-0.123872,-153.662733,-44.030995,-78.568553,-0.644026,-0.522785,0.558061,-0.318819,-0.479473,-0.817322,0.695047,-0.704526,0.14246,0.256282,-0.170194,-0.100208,177.055399,-41.647895,-16.160673,-0.746218,-0.234064,0.62315,0.038384,-0.949681,-0.310754,0.664551,-0.20798,0.717709,0.30506,-0.157469,-0.090943,177.114389,-6.164502,-6.616345,-0.992696,-0.062352,0.100733,0.050038,-0.991196,-0.120444,0.107383,-0.114554,0.987595,0.387883,-0.187049,-0.113937,126.393949,-54.873294,-172.343297,-0.341163,0.732852,-0.588289,0.462845,0.675982,0.573336,0.817882,-0.076602,-0.569801
0.257175,0.153479,-0.097082,-179.471358,-30.118232,-178.261577,-0.864234,-0.024431,-0.501254,-0.007974,0.999357,-0.034939,0.501786,-0.026219,-0.863873,0.311311,0.133834,-0.082237,-146.657925,-21.751126,55.37799,-0.775544,0.566864,-0.276313,-0.510253,-0.306588,0.803133,0.370576,0.764228,0.527639,0.389223,0.181942,-0.123872,-153.646475,-44.082142,-78.569455,-0.643532,-0.523136,0.558522,-0.318802,-0.480083,-0.817106,0.695689,-0.704007,0.142343,0.256282,-0.170194,-0.100208,177.04599,-41.629225,-16.1403,-0.746149,-0.233945,0.622942,0.038503,-0.949511,-0.310511,0.664308,-0.207772,0.717948,0.304949,-0.157581,-0.090832,177.099566,-6.164934,-6.601499,-0.992667,-0.062583,0.100726,0.050294,-0.991196,-0.120213,0.107391,-0.114298,0.987623,0.387995,-0.186937,-0.113714,126.473508,-54.79769,-172.391477,-0.342191,0.732171,-0.588118,0.462892,0.676677,0.572373,0.817122,-0.076199,-0.570435
0.257175,0.153479,-0.096971,-179.479775,-30.118503,-178.230344,-0.864249,-0.024558,-0.50125,-0.007847,0.999342,-0.03541,0.50179,-0.02669,-0.863873,0.311423,0.133945,-0.082237,-146.660219,-21.743982,55.399059,-0.775781,0.566753,-0.276592,-0.510364,-0.306574,0.803249,0.37046,0.764507,0.527417,0.389223,0.181831,-0.123872,-153.663505,-44.133967,-78.510682,-0.642914,-0.52336,0.558811,-0.318257,-0.480857,-0.816731,0.696338,-0.703158,0.142923,0.256282,-0.170194,-0.100208,177.030216,-41.615695,-16.104395,-0.746463,-0.233758,0.622838,0.038726,-0.949792,-0.310076,0.664131,-0.207373,0.718255,0.30506,-0.157581,-0.090943,177.112761,-6.177332,-6.57377,-0.99261,-0.062328,0.100997,0.050062,-0.991222,-0.119721,0.107606,-0.113817,0.987655,0.387995,-0.186937,-0.113714,126.496543,-54.761817,-172.388382,-0.342826,0.732064,-0.588119,0.463361,0.676827,0.571874,0.816761,-0.076335,-0.571221
0.257175,0.153479,-0.096971,-179.492402,-30.11891,-178.183497,-0.864273,-0.024749,-0.501244,-0.007657,0.999318,-0.036118,0.501796,-0.027397,-0.863873,0.311311,0.133945,-0.082237,-146.659442,-21.748565,55.41385,-0.775623,0.566679,-0.27668,-0.510276,-0.306179,0.803327,0.370534,0.764586,0.52718,0.389334,0.181831,-0.123983,-153.682462,-44.190181,-78.492731,-0.642421,-0.523954,0.558842,-0.317749,-0.481264,-0.816702,0.697042,-0.702452,0.143008,0.25617,-0.170306,-0.100208,176.984728,-41.635456,-16.058025,-0.746327,-0.234074,0.623031,0.039313,-0.949962,-0.309813,0.664389,-0.206734,0.718222,0.304949,-0.157469,-0.090943,177.126771,-6.190132,-6.560162,-0.992581,-0.062087,0.101261,0.049817,-0.991247,-0.119472,0.107828,-0.11358,0.987658,0.387995,-0.187049,-0.113602,126.588124,-54.681142,-172.445904,-0.344248,0.731632,-0.587819,0.463732,0.67734,0.570965,0.815947,-0.075912,-0.57243
0.257175,0.153479,-0.096971,-179.492402,-30.11891,-178.183497,-0.864273,-0.024749,-0.501244,-0.007657,0.999318,-0.036118,0.501796,-0.027397,-0.863873,0.311423,0.133834,-0.082125,-146.6719,-21.734113,55.435169,-0.77586,0.56637,-0.27684,-0.51019,-0.306165,0.803436,0.3703,0.764871,0.526957,0.389223,0.181942,-0.12376,-153.633069,-44.177044,-78.5097,-0.642053,-0.523693,0.55917,-0.318256,-0.481101,-0.816392,0.696878,-0.702516,0.142805,0.256282,-0.170306,-0.100208,176.952824,-41.601858,-15.983766,-0.746505,-0.233683,0.622737,0.039739,-0.950073,-0.308908,0.66395,-0.205902,0.718834,0.304949,-0.157581,-0.090943,177.13914,-6.188523,-6.532663,-0.992524,-0.061818,0.101289,0.049599,-0.991247,-0.118972,0.1078,-0.113106,0.987715,0.387995,-0.186937,-0.113714,126.612814,-54.666306,-172.432247,-0.344492,0.731117,-0.588181,0.463642,0.677852,0.570397,0.815798,-0.076055,-0.572461
0.257175,0.153479,-0.096971,-179.501089,-30.134794,-178.152403,-0.864289,-0.024879,-0.501476,-0.007526,0.999302,-0.036591,0.502036,-0.027867,-0.863873,0.311423,0.133834,-0.082125,-146.682066,-21.726802,55.435416,-0.77586,0.566173,-0.276722,-0.509993,-0.306165,0.803429,0.370181,0.764878,0.526957,0.389223,0.181942,-0.12376,-153.624246,-44.191726,-78.525394,-0.642053,-0.523816,0.559354,-0.318379,-0.481304,-0.816409,0.697062,-0.702499,0.142601,0.256282,-0.170306,-0.100208,176.939258,-41.59909,-15.947663,-0.746369,-0.233513,0.622773,0.039909,-0.950073,-0.308457,0.663914,-0.205451,0.71897,0.304949,-0.157469,-0.090943,177.140144,-6.202889,-6.519137,-0.992982,-0.061826,0.101552,0.049605,-0.99176,-0.11875,0.108049,-0.11287,0.987718,0.387772,-0.187049,-0.113826,126.565071,-54.655779,-172.377416,-0.344342,0.731297,-0.588288,0.464248,0.677639,0.570216,0.815691,-0.076661,-0.572824
