Sensor #1 X,Sensor #1 Y,Sensor #1 Z,"Sensor #1 Euler Angles (Z Y'X"") Z","Sensor #1 Euler Angles (Z Y'X"") Y'","Sensor #1 Euler Angles (Z Y'X"") X""","Sensor #1 Rotation Matrix M0,0","Sensor #1 Rotation Matrix M0,1","Sensor #1 Rotation Matrix M0,2","Sensor #1 Rotation Matrix M1,0","Sensor #1 Rotation Matrix M1,1","Sensor #1 Rotation Matrix M1,2","Sensor #1 Rotation Matrix M2,0","Sensor #1 Rotation Matrix M2,1","Sensor #1 Rotation Matrix M2,2",Sensor #2 X,Sensor #2 Y,Sensor #2 Z,"Sensor #2 Euler Angles (Z Y'X"") Z","Sensor #2 Euler Angles (Z Y'X"") Y'","Sensor #2 Euler Angles (Z Y'X"") X""","Sensor #2 Rotation Matrix M0,0","Sensor #2 Rotation Matrix M0,1","Sensor #2 Rotation Matrix M0,2","Sensor #2 Rotation Matrix M1,0","Sensor #2 Rotation Matrix M1,1","Sensor #2 Rotation Matrix M1,2","Sensor #2 Rotation Matrix M2,0","Sensor #2 Rotation Matrix M2,1","Sensor #2 Rotation Matrix M2,2",Sensor #3 X,Sensor #3 Y,Sensor #3 Z,"Sensor #3 Euler Angles (Z Y'X"") Z","Sensor #3 Euler Angles (Z Y'X"") Y'","Sensor #3 Euler Angles (Z Y'X"") X""","Sensor #3 Rotation Matrix M0,0","Sensor #3 Rotation Matrix M0,1","Sensor #3 Rotation Matrix M0,2","Sensor #3 Rotation Matrix M1,0","Sensor #3 Rotation Matrix M1,1","Sensor #3 Rotation Matrix M1,2","Sensor #3 Rotation Matrix M2,0","Sensor #3 Rotation Matrix M2,1","Sensor #3 Rotation Matrix M2,2",Sensor #4 X,Sensor #4 Y,Sensor #4 Z,"Sensor #4 Euler Angles (Z Y'X"") Z","Sensor #4 Euler Angles (Z Y'X"") Y'","Sensor #4 Euler Angles (Z Y'X"") X""","Sensor #4 Rotation Matrix M0,0","Sensor #4 Rotation Matrix M0,1","Sensor #4 Rotation Matrix M0,2","Sensor #4 Rotation Matrix M1,0","Sensor #4 Rotation Matrix M1,1","Sensor #4 Rotation Matrix M1,2","Sensor #4 Rotation Matrix M2,0","Sensor #4 Rotation Matrix M2,1","Sensor #4 Rotation Matrix M2,2",Sensor #5 X,Sensor #5 Y,Sensor #5 Z,"Sensor #5 Euler Angles (Z Y'X"") Z","Sensor #5 Euler Angles (Z Y'X"") Y'","Sensor #5 Euler Angles (Z Y'X"") X""","Sensor #5 Rotation Matrix M0,0","Sensor #5 Rotation Matrix M0,1","Sensor #5 Rotation Matrix M0,2","Sensor #5 Rotation Matrix M1,0","Sensor #5 Rotation Matrix M1,1","Sensor #5 Rotation Matrix M1,2","Sensor #5 Rotation Matrix M2,0","Sensor #5 Rotation Matrix M2,1","Sensor #5 Rotation Matrix M2,2",Sensor #6 X,Sensor #6 Y,Sensor #6 Z,"Sensor #6 Euler Angles (Z Y'X"") Z","Sensor #6 Euler Angles (Z Y'X"") Y'","Sensor #6 Euler Angles (Z Y'X"") X""","Sensor #6 Rotation Matrix M0,0","Sensor #6 Rotation Matrix M0,1","Sensor #6 Rotation Matrix M0,2","Sensor #6 Rotation Matrix M1,0","Sensor #6 Rotation Matrix M1,1","Sensor #6 Rotation Matrix M1,2","Sensor #6 Rotation Matrix M2,0","Sensor #6 Rotation Matrix M2,1","Sensor #6 Rotation Matrix M2,2"
0.263091,0.160846,-0.101324,-174.117741,-36.157044,124.759192,-0.802728,0.423681,-0.418849,-0.082703,0.617027,0.782491,0.590001,0.663043,-0.460127,0.325934,0.146112,-0.102775,-158.131135,-19.573358,-143.660986,-0.873989,-0.484142,-0.029901,-0.35079,0.673809,-0.650214,0.335013,-0.558067,-0.758633,0.404738,0.171004,-0.136931,-153.353345,-50.276947,-114.842811,-0.570658,-0.812244,0.117615,-0.286345,0.063109,-0.955804,0.769142,-0.579494,-0.26829,0.014064,0.215317,0.162185,103.289817,-55.663752,51.79314,-0.129591,-0.452294,0.882206,0.548642,-0.773669,-0.316039,0.825742,0.44308,0.348755,0.031589,-0.212834,-0.166399,157.933958,-40.953595,-39.685844,-0.699396,-0.676906,0.227574,0.283513,-0.555436,-0.781236,0.655448,-0.482191,0.581094,0.109054,-0.245315,-0.212275,161.708984,-28.123827,131.680126,-0.836681,0.542811,-0.063558,0.27656,0.521317,0.807099,0.471379,0.658218,-0.586041
0.263091,0.160958,-0.101436,-174.011333,-36.223062,124.55828,-0.801495,0.424716,-0.419386,-0.08408,0.615361,0.783566,0.59093,0.663824,-0.457228,0.325934,0.146112,-0.102887,-158.129275,-19.576205,-143.731299,-0.874228,-0.484237,-0.030397,-0.350919,0.674458,-0.649544,0.33506,-0.557285,-0.759521,0.405073,0.171115,-0.136931,-153.76559,-50.182756,-114.671616,-0.573897,-0.810581,0.113618,-0.28282,0.066443,-0.956654,0.768091,-0.581492,-0.267108,0.022994,0.202146,0.157497,100.548093,-56.704274,54.165836,-0.100489,-0.451465,0.886599,0.539663,-0.773357,-0.332634,0.835848,0.44504,0.321376,0.022547,-0.199774,-0.163385,155.505705,-41.795597,-38.550041,-0.678303,-0.702184,0.215945,0.309039,-0.539353,-0.783199,0.666475,-0.464589,0.583023,0.099566,-0.23326,-0.211048,160.909697,-28.565134,131.272425,-0.8296,0.555266,-0.052448,0.287118,0.506068,0.813186,0.478157,0.659839,-0.57912
0.262979,0.161069,-0.101436,-173.881735,-36.292492,124.295606,-0.800901,0.426093,-0.419726,-0.08585,0.612646,0.785567,0.591908,0.66553,-0.453919,0.325822,0.146224,-0.102887,-158.14905,-19.536773,-143.861649,-0.874549,-0.483574,-0.031241,-0.350697,0.676249,-0.647796,0.334412,-0.555683,-0.760961,0.40485,0.171004,-0.136931,-153.866311,-50.162471,-114.634177,-0.574571,-0.810203,0.112485,-0.281899,0.067408,-0.95683,0.767864,-0.58186,-0.266816,0.030696,0.190649,0.152809,99.856632,-58.112028,54.298522,-0.090413,-0.456754,0.884928,0.520366,-0.779245,-0.349037,0.849083,0.428933,0.308236,0.015404,-0.18783,-0.159032,153.475867,-42.566551,-38.707678,-0.658587,-0.726878,0.193066,0.328706,-0.508934,-0.79521,0.676446,-0.460494,0.574633,0.091418,-0.221763,-0.208592,160.460716,-29.316057,130.051936,-0.82113,0.568291,-0.041232,0.291411,0.481476,0.826408,0.489627,0.66702,-0.560727
0.262979,0.161069,-0.101436,-173.851878,-36.291411,124.163071,-0.800713,0.426712,-0.419158,-0.086252,0.611131,0.786667,0.591892,0.666485,-0.452315,0.32571,0.146447,-0.102998,-158.142344,-19.471923,-144.002731,-0.874716,-0.482947,-0.031615,-0.350883,0.678085,-0.645735,0.333345,-0.553944,-0.762515,0.404626,0.171004,-0.137154,-153.944057,-50.153492,-114.696393,-0.575171,-0.810153,0.110455,-0.281225,0.06946,-0.956931,0.767764,-0.581769,-0.26754,0.03717,0.18038,0.147563,99.256523,-60.359417,54.45233,-0.07952,-0.459728,0.884381,0.48792,-0.791513,-0.367578,0.869145,0.402281,0.287449,0.009599,-0.177115,-0.153451,152.615634,-43.585351,-40.354909,-0.642901,-0.746838,0.168697,0.333026,-0.471053,-0.816577,0.689434,-0.468975,0.551923,0.085055,-0.211048,-0.204574,160.042895,-29.963534,128.172737,-0.813518,0.579843,-0.022272,0.295407,0.44748,0.843829,0.499449,0.68051,-0.534985
0.262979,0.161069,-0.101547,-173.829199,-36.312506,124.037411,-0.80053,0.427642,-0.41869,-0.086553,0.609564,0.787864,0.592189,0.66734,-0.450761,0.325487,0.146335,-0.10311,-158.189407,-19.355399,-144.104978,-0.875654,-0.481295,-0.031554,-0.350424,0.680039,-0.643932,0.331427,-0.552993,-0.764069,0.404738,0.170669,-0.13682,-154.23021,-50.001914,-114.671141,-0.578412,-0.808362,0.106688,-0.279239,0.073733,-0.9572,0.766066,-0.583744,-0.268136,0.041523,0.172678,0.139861,97.714289,-63.594091,55.734748,-0.059711,-0.458735,0.886614,0.440801,-0.809064,-0.388923,0.895666,0.367599,0.250432,0.005581,-0.16852,-0.146084,152.077689,-45.658622,-42.421593,-0.617327,-0.771911,0.150617,0.327166,-0.426116,-0.843242,0.715188,-0.471432,0.515893,0.080032,-0.201225,-0.199997,159.909174,-30.969351,125.898433,-0.804505,0.592748,-0.005558,0.294261,0.408062,0.863968,0.514579,0.694031,-0.502366
0.262868,0.161181,-0.101547,-173.739318,-36.337102,123.867984,-0.800148,0.428212,-0.418853,-0.087781,0.607931,0.78899,0.592535,0.668465,-0.448648,0.325375,0.146335,-0.10311,-158.281946,-19.270248,-144.124069,-0.876508,-0.479369,-0.031767,-0.349125,0.68141,-0.643144,0.330024,-0.552927,-0.764514,0.404403,0.17078,-0.136931,-154.317917,-49.996901,-114.70539,-0.578952,-0.808267,0.104813,-0.278408,0.075504,-0.957328,0.76601,-0.583687,-0.268533,0.045095,0.167655,0.131043,97.057441,-66.753968,56.46088,-0.048441,-0.453516,0.889746,0.391275,-0.828069,-0.400787,0.918819,0.32871,0.217891,0.002344,-0.162381,-0.137936,150.959634,-47.83397,-43.146616,-0.586664,-0.797274,0.140846,0.325734,-0.391615,-0.860369,0.741203,-0.459012,0.489711,0.075791,-0.193077,-0.195309,160.108241,-32.275595,123.673139,-0.794297,0.606407,0.004283,0.287402,0.370767,0.88287,0.533992,0.703087,-0.468424
0.262868,0.161404,-0.101547,-173.602553,-36.419767,123.563949,-0.798978,0.429934,-0.419115,-0.089584,0.604929,0.791067,0.593697,0.670051,-0.444574,0.325152,0.146224,-0.103445,-158.472848,-19.224821,-144.21947,-0.877899,-0.47663,-0.034143,-0.346294,0.684237,-0.64167,0.329276,-0.5518,-0.765638,0.404403,0.171004,-0.136931,-154.375336,-49.882207,-114.947449,-0.580785,-0.807577,0.1011,-0.278573,0.080666,-0.956934,0.764721,-0.584077,-0.271708,0.047774,0.164306,0.123565,94.626322,-68.175948,59.196342,-0.029968,-0.445752,0.894568,0.370338,-0.836156,-0.404246,0.92833,0.319171,0.190292,-0.0012,-0.158362,-0.131239,151.422671,-49.01699,-44.185456,-0.575678,-0.805013,0.141999,0.313574,-0.377802,-0.870976,0.754904,-0.457037,0.47022,0.072107,-0.187719,-0.190174,160.573095,-33.182515,122.891238,-0.788723,0.61394,-0.00135,0.27817,0.359722,0.890431,0.547308,0.702369,-0.454231
0.262756,0.161404,-0.101659,-173.408422,-36.485449,123.167317,-0.798064,0.431569,-0.419314,-0.09222,0.600951,0.793805,0.594619,0.672592,-0.439584,0.325041,0.146447,-0.10378,-158.459964,-19.131732,-144.378451,-0.878373,-0.475874,-0.034138,-0.34671,0.686211,-0.639349,0.327741,-0.550017,-0.767645,0.404403,0.171115,-0.137043,-154.559836,-49.740642,-114.929621,-0.583302,-0.805974,0.098796,-0.277473,0.083681,-0.95696,0.763127,-0.585807,-0.272291,0.049225,0.162632,0.116979,90.713682,-69.351948,63.21925,-0.004388,-0.439564,0.898075,0.35228,-0.841083,-0.409959,0.935764,0.314564,0.158765,-0.00399,-0.156688,-0.125099,152.65506,-50.40196,-45.958848,-0.565807,-0.811255,0.145613,0.292597,-0.362725,-0.884511,0.770535,-0.458082,0.443001,0.069093,-0.184147,-0.185598,161.2364,-34.021794,122.057328,-0.784272,0.619642,-0.00888,0.266432,0.350438,0.897712,0.559508,0.70208,-0.439685
0.262644,0.161516,-0.101771,-173.255321,-36.564816,122.95625,-0.796888,0.432425,-0.42046,-0.094243,0.599348,0.794755,0.595732,0.673443,-0.436608,0.325375,0.14667,-0.104003,-158.408816,-18.991089,-144.590218,-0.878669,-0.475065,-0.033626,-0.347733,0.6887,-0.636072,0.325421,-0.547558,-0.77021,0.40418,0.170892,-0.137378,-154.774001,-49.67653,-114.903567,-0.585142,-0.80502,0.095896,-0.275671,0.086497,-0.957245,0.762403,-0.586733,-0.272397,0.049337,0.162632,0.111733,84.682806,-70.366168,69.375054,0.031127,-0.432201,0.901196,0.334444,-0.845116,-0.416862,0.941859,0.314371,0.118321,0.006474,0.157051,0.119881,156.340301,-51.954167,-50.07075,-0.563922,-0.81064,0.155213,0.247071,-0.345011,-0.905133,0.787518,-0.472412,0.395408,0.066973,-0.182249,-0.181914,162.033174,-34.738873,121.33882,-0.781047,0.623305,-0.018842,0.253278,0.345124,0.903513,0.569837,0.70141,-0.427115
0.262756,0.161851,-0.101882,-173.034387,-36.577,122.591916,-0.796411,0.432942,-0.420866,-0.097302,0.595963,0.796931,0.595903,0.676112,-0.432257,0.325152,0.146782,-0.104226,-158.308922,-18.898167,-144.886199,-0.878798,-0.475349,-0.03371,-0.349558,0.691365,-0.632236,0.323887,-0.544018,-0.773664,0.403957,0.171115,-0.137713,-154.743764,-49.556299,-115.079905,-0.586388,-0.804242,0.094392,-0.276637,0.089604,-0.956658,0.761044,-0.587296,-0.274859,0.049448,0.16319,0.109724,79.491247,-70.153955,74.602754,0.061811,-0.42532,0.902707,0.333216,-0.84353,-0.420276,0.940608,0.326754,0.089986,0.009265,0.158837,0.117314,161.6008,-52.303539,-54.796879,-0.579827,-0.795436,0.174863,0.192874,-0.342555,-0.919253,0.791261,-0.499509,0.352405,0.065522,-0.18158,-0.179124,162.639918,-34.912766,121.397393,-0.782257,0.621654,-0.030144,0.244546,0.351808,0.903421,0.572329,0.699656,-0.427028
0.262644,0.161851,-0.102105,-172.885502,-36.6968,122.365612,-0.795059,0.434484,-0.422105,-0.099234,0.594035,0.798163,0.59758,0.676857,-0.428977,0.325152,0.146893,-0.104561,-158.254438,-18.770734,-145.058145,-0.879151,-0.474791,-0.032927,-0.350667,0.693245,-0.629563,0.321782,-0.542116,-0.775897,0.404403,0.171004,-0.137378,-154.947139,-49.277252,-115.065744,-0.590629,-0.801293,0.092327,-0.276078,0.093534,-0.956405,0.757875,-0.590644,-0.276247,0.048778,0.16386,0.11017,72.715096,-69.073617,81.507033,0.105948,-0.414353,0.903697,0.340477,-0.838509,-0.4244,0.93404,0.352636,0.052658,0.011274,0.1604,0.117425,165.218391,-52.159321,-57.626258,-0.59237,-0.781508,0.193222,0.156307,-0.346769,-0.924373,0.78972,-0.517826,0.328289,0.064629,-0.181691,-0.178343,162.91946,-34.750356,121.822057,-0.784584,0.617706,-0.038206,0.241078,0.362422,0.900016,0.570002,0.697558,-0.432876
0.262756,0.161962,-0.102105,-172.823551,-36.674268,122.252935,-0.794903,0.434372,-0.421976,-0.100088,0.593059,0.798717,0.597265,0.677707,-0.42765,0.325264,0.147005,-0.104673,-158.215341,-18.653991,-145.205155,-0.879222,-0.474061,-0.032364,-0.351391,0.695071,-0.627063,0.319852,-0.540324,-0.777574,0.404403,0.171227,-0.137489,-154.884173,-49.241382,-115.1828,-0.590648,-0.801244,0.091797,-0.276879,0.094882,-0.955996,0.757467,-0.590422,-0.277615,0.048555,0.164195,0.111286,72.091361,-67.951339,82.043494,0.115335,-0.413355,0.903103,0.356901,-0.831067,-0.425973,0.926865,0.371441,0.051915,0.01172,0.160958,0.118318,164.777224,-52.425401,-56.825159,-0.587902,-0.783774,0.198603,0.15998,-0.353327,-0.92143,0.79256,-0.51022,0.333559,0.063959,-0.182584,-0.179124,162.907454,-34.52234,122.636499,-0.786845,0.614569,-0.045017,0.241953,0.375739,0.894358,0.566728,0.693341,-0.444033
0.262756,0.161962,-0.102105,-172.787498,-36.698146,122.190002,-0.794728,0.434761,-0.422164,-0.100574,0.592414,0.799165,0.597599,0.678058,-0.426831,0.325152,0.147117,-0.104561,-158.185954,-18.560514,-145.278941,-0.879786,-0.473642,-0.031368,-0.352139,0.695848,-0.625849,0.318306,-0.53977,-0.778915,0.404403,0.17145,-0.137713,-154.792848,-49.217274,-115.301955,-0.590597,-0.801366,0.091858,-0.278004,0.095584,-0.955643,0.757192,-0.590214,-0.279017,0.049002,0.165757,0.113184,73.41483,-67.354193,80.831143,0.109821,-0.41221,0.904322,0.368734,-0.827868,-0.422146,0.922903,0.379809,0.061304,0.012725,0.162409,0.119993,164.897857,-52.117936,-56.298833,-0.59228,-0.778514,0.20596,0.159833,-0.36408,-0.917223,0.789276,-0.510648,0.340575,0.063401,-0.184035,-0.179905,162.961994,-34.334145,123.252537,-0.788904,0.611526,-0.051016,0.241765,0.386537,0.889817,0.564018,0.690116,-0.452504
0.262756,0.161962,-0.102105,-172.768673,-36.703362,122.19296,-0.794513,0.43459,-0.422501,-0.100812,0.592678,0.798911,0.597672,0.677903,-0.426782,0.325041,0.147117,-0.104561,-158.200566,-18.498485,-145.269662,-0.880233,-0.472939,-0.030653,-0.352058,0.696069,-0.62566,0.31728,-0.540114,-0.779142,0.404403,0.171227,-0.137713,-154.696712,-49.17498,-115.460981,-0.590695,-0.801391,0.091482,-0.279262,0.09701,-0.955159,0.75671,-0.589989,-0.280917,0.051011,0.168325,0.116867,77.478083,-66.954947,77.280001,0.084866,-0.409506,0.908339,0.382114,-0.828537,-0.40923,0.920197,0.381819,0.086187,0.014846,0.164753,0.122895,165.709781,-50.759773,-55.751107,-0.612397,-0.759308,0.218255,0.155987,-0.386757,-0.908521,0.774501,-0.52268,0.355865,0.062731,-0.186268,-0.181245,163.332501,-33.830233,123.67199,-0.795122,0.60277,-0.057379,0.238056,0.398757,0.885401,0.556734,0.69085,-0.460252
0.262756,0.161962,-0.102105,-172.786158,-36.710502,122.249947,-0.794903,0.43449,-0.422698,-0.100615,0.593108,0.798716,0.597772,0.677709,-0.427601,0.325152,0.147117,-0.104561,-158.216944,-18.462082,-145.254334,-0.880233,-0.472337,-0.030361,-0.351766,0.696288,-0.625504,0.316677,-0.540271,-0.778923,0.404515,0.171562,-0.137266,-154.44496,-49.103024,-115.656858,-0.590111,-0.801451,0.093055,-0.282165,0.097304,-0.954185,0.755888,-0.589713,-0.283263,0.053467,0.171562,0.12189,81.741267,-65.821636,73.889661,0.058788,-0.399898,0.914531,0.405018,-0.827627,-0.387932,0.912275,0.393208,0.113571,0.017748,0.167655,0.127471,166.10475,-49.037926,-54.061416,-0.635785,-0.734454,0.235709,0.157285,-0.422331,-0.892303,0.755144,-0.530586,0.384625,0.06128,-0.189393,-0.183589,163.64485,-33.137323,124.534994,-0.802816,0.591614,-0.065747,0.235599,0.417651,0.877318,0.546648,0.689337,-0.474389
0.262868,0.161962,-0.102105,-172.789797,-36.673018,122.293535,-0.795293,0.433765,-0.4227,-0.100613,0.593634,0.798324,0.597248,0.677711,-0.428324,0.325152,0.147117,-0.104561,-158.236439,-18.458786,-145.260949,-0.88068,-0.472168,-0.030462,-0.351597,0.696398,-0.625558,0.316622,-0.540371,-0.77926,0.404515,0.171785,-0.136931,-154.084324,-49.029478,-115.923324,-0.58953,-0.801837,0.095983,-0.28646,0.096649,-0.953116,0.755047,-0.589531,-0.286557,0.056257,0.175692,0.128364,84.958065,-64.465174,71.401828,0.037859,-0.392326,0.918916,0.429115,-0.823958,-0.369459,0.902323,0.408313,0.137398,0.021096,0.171115,0.133052,166.32148,-47.393668,-52.359873,-0.657363,-0.710711,0.24943,0.159987,-0.455163,-0.875642,0.736022,-0.535943,0.41333,0.059494,-0.19263,-0.186714,164.226175,-32.255775,125.780251,-0.813378,0.575524,-0.079986,0.229761,0.445278,0.865272,0.5337,0.685753,-0.494222
0.262868,0.161962,-0.102105,-172.78913,-36.648463,122.345884,-0.795469,0.433074,-0.42293,-0.100644,0.594375,0.797751,0.596904,0.677483,-0.429047,0.325264,0.147117,-0.104561,-158.231239,-18.465664,-145.285889,-0.88037,-0.472199,-0.030795,-0.351566,0.696709,-0.625166,0.316736,-0.539869,-0.77926,0.40485,0.172008,-0.13682,-153.846214,-48.908628,-116.098882,-0.589294,-0.80139,0.097571,-0.289378,0.09731,-0.951962,0.753662,-0.589698,-0.288876,0.059494,0.18038,0.136066,89.058798,-62.343216,68.281964,0.007619,-0.382873,0.923599,0.463772,-0.816763,-0.342397,0.885744,0.430962,0.171658,0.025003,0.175245,0.139973,166.316363,-45.552873,-49.844542,-0.679974,-0.682687,0.266449,0.165554,-0.497085,-0.851459,0.713897,-0.535097,0.451479,0.057262,-0.196314,-0.190621,164.923769,-30.903039,127.308502,-0.827962,0.551986,-0.093949,0.223033,0.479354,0.848647,0.513587,0.682097,-0.519779
0.262868,0.161962,-0.102105,-172.750843,-36.634468,122.404308,-0.795217,0.432039,-0.423833,-0.101152,0.59564,0.796668,0.596708,0.676945,-0.429674,0.325264,0.147117,-0.104561,-158.161617,-18.54312,-145.326022,-0.879767,-0.473773,-0.031256,-0.352566,0.696204,-0.625224,0.318018,-0.539209,-0.779473,0.404738,0.172008,-0.13682,-153.683746,-48.92064,-116.145264,-0.588532,-0.801865,0.099766,-0.291079,0.095524,-0.951712,0.7538,-0.589487,-0.289364,0.062396,0.185849,0.14321,91.869847,-59.553736,67.06148,-0.01652,-0.362858,0.931469,0.506039,-0.806281,-0.305083,0.862105,0.466353,0.197365,0.028687,0.179933,0.147005,165.982998,-44.151078,-46.200624,-0.695613,-0.655408,0.292886,0.173655,-0.549232,-0.816991,0.696553,-0.517756,0.496499,0.054806,-0.200332,-0.195309,165.576605,-29.642682,129.600203,-0.840817,0.527666,-0.113805,0.216251,0.522978,0.824199,0.494589,0.669057,-0.553496
0.262979,0.161851,-0.101994,-172.760125,-36.599887,122.605591,-0.795736,0.430258,-0.424945,-0.101087,0.598232,0.794766,0.596223,0.675832,-0.432306,0.325375,0.147228,-0.104338,-158.051197,-18.60151,-145.359232,-0.878718,-0.475583,-0.031091,-0.354112,0.695476,-0.625142,0.318984,-0.538533,-0.779461,0.404626,0.172231,-0.137043,-153.425082,-49.041371,-116.22469,-0.585791,-0.80354,0.1024,-0.293021,0.092669,-0.951398,0.755183,-0.587659,-0.289479,0.064405,0.190984,0.148456,93.395398,-58.048978,66.776621,-0.03134,-0.347384,0.937181,0.528233,-0.801738,-0.279511,0.848501,0.486293,0.20866,0.031589,0.185068,0.152028,165.941648,-43.389485,-44.019641,-0.704445,-0.637732,0.310357,0.1764,-0.581123,-0.794039,0.686954,-0.50489,0.52247,0.052908,-0.204574,-0.199104,166.289681,-28.838026,130.927572,-0.850342,0.509169,-0.128183,0.207453,0.550465,0.808487,0.482335,0.661389,-0.57347
0.262979,0.161851,-0.101994,-172.771794,-36.571226,122.776388,-0.79628,0.428806,-0.425826,-0.100992,0.600343,0.793238,0.595822,0.674945,-0.434579,0.325487,0.147228,-0.104338,-158.004676,-18.67803,-145.302222,-0.878153,-0.476885,-0.031026,-0.354714,0.694146,-0.626309,0.32025,-0.539135,-0.778674,0.404626,0.172566,-0.137154,-152.967251,-49.177683,-116.459565,-0.581982,-0.805948,0.106235,-0.296954,0.089334,-0.950565,0.75674,-0.584981,-0.291146,0.06608,0.196565,0.153144,95.617286,-57.169128,65.437644,-0.053043,-0.338414,0.93935,0.539296,-0.801258,-0.258182,0.840275,0.492925,0.225287,0.033821,0.190202,0.156493,166.671974,-42.334302,-43.205206,-0.718719,-0.616654,0.319798,0.170269,-0.602396,-0.779281,0.673455,-0.505972,0.538708,0.051457,-0.208927,-0.201671,166.945574,-28.121159,131.606016,-0.858596,0.493195,-0.136205,0.199082,0.567555,0.798755,0.471338,0.659092,-0.585293
0.262979,0.161851,-0.101994,-172.79339,-36.569323,122.879945,-0.796235,0.428228,-0.426297,-0.100681,0.601667,0.79225,0.595795,0.674105,-0.435764,0.325599,0.147228,-0.104449,-157.955692,-18.822148,-145.263748,-0.876988,-0.478719,-0.03203,-0.355115,0.692857,-0.627478,0.322632,-0.539132,-0.777553,0.404626,0.172455,-0.137043,-152.936157,-49.141366,-116.42689,-0.582175,-0.805601,0.107301,-0.297451,0.088607,-0.950445,0.756326,-0.585517,-0.290996,0.067531,0.202369,0.157497,97.966975,-56.425757,63.674911,-0.076606,-0.335136,0.938867,0.54737,-0.80101,-0.241228,0.83317,0.495469,0.245146,0.035607,0.195783,0.160288,167.598748,-41.314218,-42.644567,-0.732964,-0.594766,0.328751,0.161169,-0.621752,-0.765878,0.660188,-0.508722,0.552368,0.050676,-0.21328,-0.204015,167.838332,-27.480743,132.057872,-0.866785,0.475956,-0.145933,0.186799,0.582924,0.790642,0.46145,0.658388,-0.59402
0.263091,0.161851,-0.101994,-172.792553,-36.580594,122.896799,-0.79581,0.428186,-0.42655,-0.100639,0.602092,0.791863,0.595953,0.673671,-0.435764,0.32571,0.147228,-0.104338,-157.934489,-18.855242,-145.290443,-0.876833,-0.479298,-0.032377,-0.35543,0.69279,-0.627413,0.323178,-0.53875,-0.777776,0.404515,0.172678,-0.137043,-152.745494,-49.157191,-116.499115,-0.58115,-0.806181,0.10953,-0.29937,0.086874,-0.950071,0.756507,-0.585089,-0.291703,0.0682,0.208397,0.162297,100.361097,-55.611073,61.85937,-0.101562,-0.332886,0.937416,0.555489,-0.800625,-0.224114,0.825223,0.497978,0.26635,0.036723,0.201588,0.164753,168.508614,-40.151545,-42.155915,-0.748875,-0.571776,0.334712,0.152243,-0.6401,-0.752915,0.644812,-0.512964,0.566595,0.050006,-0.217745,-0.206583,168.718466,-26.988821,132.617499,-0.873321,0.459861,-0.157568,0.174214,0.598977,0.781447,0.453817,0.655391,-0.603033
0.263091,0.161851,-0.101994,-172.779181,-36.591274,122.920485,-0.796008,0.428036,-0.42696,-0.100853,0.602352,0.791713,0.596103,0.673622,-0.436127,0.325822,0.14734,-0.104449,-157.850134,-18.93944,-145.313733,-0.875939,-0.481061,-0.032678,-0.35657,0.692009,-0.627647,0.324569,-0.538204,-0.777664,0.404626,0.172789,-0.137043,-152.62305,-49.175485,-116.602116,-0.580347,-0.806732,0.110081,-0.300527,0.086712,-0.949743,0.756715,-0.58439,-0.292668,0.068424,0.214647,0.169106,103.009417,-54.324907,60.016836,-0.131224,-0.3281,0.935324,0.567969,-0.798027,-0.200219,0.812337,0.505002,0.291365,0.037281,0.207504,0.170892,169.160415,-38.685753,-41.207954,-0.766315,-0.545911,0.337931,0.146731,-0.661117,-0.735446,0.625049,-0.514191,0.587192,0.050564,-0.222768,-0.210266,169.652518,-25.975934,133.719245,-0.883541,0.435391,-0.16822,0.161323,0.623431,0.76486,0.437994,0.649207,-0.620813
0.263091,0.161739,-0.101994,-172.754568,-36.628287,122.910703,-0.795385,0.428257,-0.427526,-0.101121,0.602565,0.791473,0.596621,0.673239,-0.435716,0.325822,0.14734,-0.104449,-157.816409,-18.994656,-145.303075,-0.875202,-0.481876,-0.03301,-0.356871,0.691518,-0.627954,0.32548,-0.538032,-0.777107,0.404626,0.172789,-0.137154,-152.617169,-49.179284,-116.55919,-0.580198,-0.806689,0.110691,-0.300526,0.085984,-0.949777,0.756759,-0.584505,-0.292178,0.067196,0.220787,0.177478,105.507128,-52.614517,58.284671,-0.162309,-0.325704,0.931376,0.584984,-0.791843,-0.174952,0.794568,0.51646,0.319163,0.036388,0.213308,0.178929,169.592999,-37.17932,-39.882763,-0.783471,-0.519735,0.340255,0.143893,-0.684567,-0.714425,0.604312,-0.510866,0.611362,0.052239,-0.227679,-0.215624,170.429802,-24.626337,135.222492,-0.895677,0.407306,-0.174771,0.151013,0.651502,0.743301,0.416699,0.639847,-0.644836
0.263091,0.161851,-0.101994,-172.747038,-36.642959,122.911624,-0.795385,0.428363,-0.427732,-0.101228,0.602565,0.791496,0.596827,0.673215,-0.435716,0.325822,0.147451,-0.104561,-157.797406,-19.098659,-145.337438,-0.8746,-0.48301,-0.034371,-0.356964,0.691337,-0.628117,0.327196,-0.537267,-0.776996,0.404515,0.172789,-0.137601,-152.480603,-49.285249,-116.594075,-0.57815,-0.807913,0.111893,-0.301214,0.084243,-0.949675,0.757966,-0.583001,-0.29187,0.064294,0.226926,0.188305,107.641162,-50.41023,56.822073,-0.193053,-0.32563,0.925398,0.607067,-0.78044,-0.147936,0.770627,0.533273,0.348671,0.03371,0.219224,0.188975,169.651781,-35.499745,-37.78093,-0.80045,-0.491939,0.341425,0.146162,-0.71317,-0.685095,0.580699,-0.498712,0.643378,0.055922,-0.233149,-0.222768,170.870432,-22.83833,137.354767,-0.909559,0.376256,-0.17448,0.146169,0.68468,0.713957,0.388132,0.624124,-0.677655
0.263091,0.161739,-0.101994,-172.75662,-36.674809,122.943155,-0.794748,0.428558,-0.428108,-0.101011,0.603154,0.791002,0.597273,0.672477,-0.435764,0.32571,0.147451,-0.104449,-157.790413,-19.114059,-145.274942,-0.87433,-0.483218,-0.034021,-0.356978,0.690602,-0.628878,0.32745,-0.53798,-0.776216,0.404515,0.172789,-0.137824,-152.382213,-49.334677,-116.709042,-0.576812,-0.808714,0.111431,-0.301778,0.084805,-0.949339,0.758529,-0.581631,-0.292645,0.058824,0.233065,0.200583,109.740927,-47.996945,55.139782,-0.225954,-0.331719,0.915768,0.629648,-0.766917,-0.122406,0.743109,0.549002,0.382422,0.028352,0.225028,0.200806,169.728569,-33.560665,-35.964365,-0.819948,-0.46378,0.335553,0.148587,-0.738522,-0.657654,0.55282,-0.489383,0.674459,0.062508,-0.23873,-0.230805,171.267286,-20.665941,139.551416,-0.924364,0.341769,-0.167052,0.141988,0.717574,0.681765,0.352919,0.606761,-0.711718
0.263091,0.161739,-0.101994,-172.774119,-36.682039,123.000195,-0.795146,0.428456,-0.428304,-0.100815,0.603579,0.790803,0.597374,0.672278,-0.436586,0.325822,0.14734,-0.104449,-157.82479,-19.121538,-145.256451,-0.874486,-0.482874,-0.034344,-0.35643,0.690671,-0.629109,0.327573,-0.538195,-0.775992,0.404738,0.173013,-0.137601,-152.144229,-49.284409,-116.88812,-0.576426,-0.80898,0.113365,-0.304632,0.084321,-0.948597,0.757957,-0.581541,-0.294881,0.049783,0.238981,0.21275,111.298174,-45.935,53.647973,-0.25254,-0.341775,0.905063,0.647792,-0.754418,-0.104097,0.718551,0.560054,0.412184,0.019645,0.231056,0.212415,169.420921,-31.775702,-34.389646,-0.835259,-0.443859,0.323462,0.155999,-0.756173,-0.634975,0.526595,-0.480123,0.701473,0.071438,-0.244534,-0.239288,171.245486,-18.649051,141.020274,-0.9361,0.317064,-0.150015,0.144155,0.737823,0.659351,0.319771,0.595814,-0.736302
0.263091,0.161739,-0.101882,-172.782864,-36.685655,123.028709,-0.795345,0.428406,-0.428402,-0.100717,0.603791,0.790703,0.597424,0.672179,-0.436997,0.32571,0.14734,-0.104449,-157.875139,-19.174929,-145.212533,-0.874508,-0.482756,-0.0352,-0.355543,0.690427,-0.629876,0.328453,-0.538611,-0.775321,0.404626,0.173013,-0.137713,-152.022451,-49.339219,-116.99591,-0.575283,-0.809871,0.113759,-0.305594,0.083954,-0.948387,0.758581,-0.58046,-0.295707,0.037951,0.245678,0.2238,112.356392,-44.173154,52.539108,-0.2728,-0.352066,0.89531,0.663295,-0.742879,-0.090013,0.696829,0.569308,0.436229,0.007367,0.237641,0.223242,169.303969,-30.213584,-33.283878,-0.848767,-0.426497,0.311507,0.160315,-0.769805,-0.617309,0.503225,-0.474206,0.722353,0.084274,-0.251231,-0.247324,171.45186,-16.615613,142.150194,-0.946995,0.290781,-0.132192,0.142343,0.754973,0.640005,0.285949,0.587634,-0.756215
0.263203,0.161627,-0.101882,-172.859711,-36.653198,123.149317,-0.795095,0.427845,-0.428068,-0.099602,0.605226,0.789585,0.59697,0.671054,-0.438278,0.325822,0.14734,-0.104338,-157.919479,-19.250389,-145.04127,-0.874601,-0.483059,-0.0351,-0.354792,0.688549,-0.632408,0.329697,-0.540806,-0.773537,0.404626,0.173236,-0.137601,-151.780909,-49.282399,-117.103946,-0.574141,-0.809903,0.115956,-0.308098,0.083195,-0.947411,0.757934,-0.580146,-0.296926,0.023329,0.25405,0.232618,113.17187,-42.730847,51.91105,-0.288958,-0.356688,0.888244,0.675104,-0.733631,-0.074938,0.678555,0.578062,0.453078,0.007144,-0.245873,-0.232256,169.314484,-29.201317,-32.309563,-0.857314,-0.412927,0.306082,0.161767,-0.781701,-0.601656,0.48788,-0.46653,0.737705,0.099231,-0.25938,-0.25391,171.711553,-15.041497,143.239389,-0.955252,0.269122,-0.119535,0.13916,0.770511,0.621977,0.259519,0.577749,-0.773401
0.263203,0.161627,-0.101882,-172.907118,-36.632587,123.292329,-0.795884,0.427101,-0.428277,-0.099032,0.606543,0.788757,0.596681,0.67047,-0.440288,0.325822,0.14734,-0.104226,-157.882654,-19.271917,-145.000104,-0.87418,-0.483689,-0.034648,-0.355276,0.687743,-0.632993,0.330052,-0.541245,-0.772981,0.405073,0.172901,-0.137489,-151.573714,-49.265319,-117.262501,-0.573682,-0.810398,0.117697,-0.310529,0.082431,-0.946893,0.757739,-0.579906,-0.298831,-0.006669,-0.264737,-0.239623,114.57707,-41.786955,51.227531,-0.309976,-0.352951,0.882513,0.677764,-0.732764,-0.054928,0.666363,0.581212,0.466846,0.023664,-0.256589,-0.23873,169.813118,-28.316235,-31.668866,-0.866343,-0.395623,0.304489,0.155675,-0.793513,-0.588126,0.474338,-0.462179,0.749243,0.115528,-0.269425,-0.258375,172.255497,-13.858099,143.818308,-0.961535,0.248806,-0.11209,0.130765,0.780884,0.610746,0.239518,0.572893,-0.783284
0.263203,0.161627,-0.101771,-172.959081,-36.597603,123.383114,-0.796274,0.426559,-0.427976,-0.098347,0.607387,0.788179,0.596191,0.670035,-0.441523,0.325822,0.14734,-0.104226,-157.859915,-19.296904,-144.990428,-0.873891,-0.484181,-0.034633,-0.355563,0.687361,-0.633242,0.330463,-0.541285,-0.77276,0.40485,0.172789,-0.137489,-151.349227,-49.219188,-117.417194,-0.572692,-0.810612,0.119108,-0.3129,0.082392,-0.945976,0.757214,-0.579383,-0.300544,0.010492,-0.279918,-0.243753,115.912629,-40.767231,51.290591,-0.330875,-0.339536,0.880288,0.681028,-0.731498,-0.026119,0.652988,0.590928,0.473582,0.040518,-0.271211,-0.242748,170.644229,-27.89171,-30.625044,-0.871875,-0.375016,0.314382,0.143647,-0.810129,-0.568073,0.467802,-0.450227,0.760533,0.132494,-0.281927,-0.26217,173.417021,-13.07129,144.441614,-0.967083,0.223844,-0.116187,0.111604,0.793249,0.598481,0.226163,0.566153,-0.792009
0.263203,0.161516,-0.101771,-173.035153,-36.56638,123.547104,-0.796647,0.425769,-0.427919,-0.09732,0.609074,0.786987,0.595754,0.668985,-0.443583,0.325934,0.14734,-0.104226,-157.876073,-19.342832,-144.965004,-0.873759,-0.48441,-0.035165,-0.355222,0.687047,-0.633778,0.33122,-0.541484,-0.772314,0.404961,0.172789,-0.137601,-151.233563,-49.263857,-117.412267,-0.571518,-0.811161,0.120857,-0.313759,0.080485,-0.945845,0.757723,-0.578865,-0.300212,0.02757,-0.298335,-0.244199,117.15577,-40.160285,52.096636,-0.348828,-0.314408,0.882909,0.680036,-0.733194,0.007571,0.644928,0.603037,0.469509,0.057262,-0.288624,-0.243753,171.999491,-28.028335,-29.821274,-0.873921,-0.352155,0.334497,0.122829,-0.826408,-0.54919,0.469908,-0.438958,0.765805,0.150242,-0.297442,-0.261724,175.118602,-12.831985,145.512279,-0.970763,0.195359,-0.13429,0.082906,0.810749,0.579376,0.222093,0.551711,-0.803113
0.263314,0.161404,-0.101771,-173.152304,-36.473614,123.86921,-0.798032,0.423567,-0.427959,-0.095833,0.612368,0.784662,0.594453,0.667435,-0.447977,0.325934,0.14734,-0.103891,-157.872672,-19.380556,-144.817934,-0.873552,-0.484876,-0.034348,-0.355198,0.685248,-0.63574,0.331841,-0.543348,-0.770757,0.404738,0.173124,-0.137713,-150.808374,-49.352234,-117.570907,-0.568184,-0.812865,0.125248,-0.317438,0.07661,-0.944952,0.758729,-0.57702,-0.301286,0.045207,-0.318874,-0.24219,119.966621,-40.949668,52.226419,-0.377241,-0.271839,0.885285,0.65428,-0.754733,0.047063,0.655396,0.596993,0.462635,0.07367,-0.309051,-0.243418,174.686705,-28.662004,-30.332531,-0.873666,-0.321113,0.365438,0.081252,-0.836941,-0.541183,0.479642,-0.443133,0.757344,0.164976,-0.313739,-0.25804,177.228424,-13.47846,145.338351,-0.970788,0.17213,-0.16403,0.046997,0.815291,0.577057,0.23308,0.552788,-0.799471
0.263314,0.161292,-0.101659,-173.308207,-36.43337,124.153039,-0.798406,0.422614,-0.427639,-0.093675,0.615203,0.782637,0.593888,0.665352,-0.451376,0.326157,0.147005,-0.10378,-157.911813,-19.472959,-144.685605,-0.873192,-0.485267,-0.034857,-0.354357,0.683825,-0.637709,0.333362,-0.544755,-0.768975,0.405296,0.172901,-0.137489,-150.620729,-49.3748,-117.522853,-0.56706,-0.81321,0.129112,-0.319252,0.072831,-0.944722,0.758985,-0.577159,-0.300742,0.059606,-0.343542,-0.236386,121.1406,-41.588175,53.402726,-0.386728,-0.234546,0.891773,0.640061,-0.764358,0.076564,0.663772,0.60044,0.445882,0.088292,-0.331822,-0.236386,177.191769,-29.692082,-30.607592,-0.867604,-0.294072,0.400865,0.042558,-0.847232,-0.52943,0.495339,-0.4423,0.747662,0.18038,-0.332156,-0.257035,-179.838591,-14.436595,144.483287,-0.96763,0.142494,-0.204591,-0.002726,0.814558,0.579951,0.249308,0.562179,-0.78766
0.263426,0.161069,-0.101659,-173.481466,-36.351748,124.468813,-0.799624,0.421194,-0.426949,-0.091368,0.618074,0.780668,0.592741,0.663616,-0.455559,0.326157,0.147005,-0.103556,-157.825796,-19.586817,-144.650006,-0.872046,-0.487317,-0.035012,-0.355417,0.682291,-0.638762,0.335235,-0.544849,-0.768096,0.405408,0.173013,-0.137154,-150.271978,-49.405069,-117.655156,-0.564754,-0.81421,0.132836,-0.322496,0.069915,-0.943838,0.759329,-0.576103,-0.301886,0.073112,-0.368098,-0.229688,122.728328,-42.202821,54.911504,-0.400426,-0.18622,0.897091,0.623051,-0.773111,0.117658,0.671757,0.6061,0.425793,0.10124,-0.35515,-0.230805,179.967988,-31.126014,-30.539592,-0.855975,-0.263154,0.444926,0.000478,-0.861075,-0.508382,0.516922,-0.434975,0.737275,0.191765,-0.350797,-0.253352,-177.121725,-15.829672,144.273589,-0.960206,0.118292,-0.250491,-0.048277,0.81896,0.571714,0.272779,0.561422,-0.780542
0.263537,0.161069,-0.101547,-173.572325,-36.266294,124.735082,-0.800651,0.41921,-0.426986,-0.090199,0.620916,0.778549,0.591539,0.662221,-0.459144,0.326268,0.146782,-0.103556,-157.820362,-19.729595,-144.498621,-0.871124,-0.488698,-0.03548,-0.355138,0.680091,-0.641227,0.337582,-0.546324,-0.765879,0.40485,0.173571,-0.137713,-149.691512,-49.738439,-117.789386,-0.557489,-0.818082,0.138799,-0.325881,0.062365,-0.943134,0.763102,-0.571351,-0.301104,0.083269,-0.390758,-0.221205,124.728742,-44.32179,55.400888,-0.40742,-0.138705,0.902433,0.587759,-0.795976,0.14308,0.698687,0.588807,0.406177,0.110951,-0.377028,-0.223772,-176.426882,-32.783525,-32.575582,-0.838916,-0.238481,0.488934,-0.052385,-0.85904,-0.508932,0.541466,-0.45264,0.708438,0.201253,-0.369438,-0.246655,-174.376448,-17.506051,143.399348,-0.948441,0.099811,-0.298737,-0.093389,0.816698,0.569355,0.300807,0.568264,-0.76515
0.263537,0.160958,-0.101324,-173.740544,-36.197279,125.060192,-0.801696,0.417833,-0.426518,-0.087934,0.62397,0.77638,0.590567,0.660238,-0.463338,0.326492,0.14667,-0.103445,-157.908371,-19.907289,-144.332985,-0.870816,-0.489372,-0.037201,-0.353454,0.67829,-0.644092,0.340499,-0.547995,-0.763543,0.405185,0.173571,-0.136931,-149.509354,-49.672707,-117.690946,-0.557258,-0.817467,0.143558,-0.328128,0.058413,-0.942632,0.76236,-0.572688,-0.300553,0.09086,-0.412412,-0.212834,126.7832,-46.967578,54.781836,-0.40847,-0.103989,0.906639,0.546347,-0.823425,0.151762,0.730968,0.557416,0.393479,0.118542,-0.398348,-0.214285,-173.155637,-33.749079,-35.354805,-0.825492,-0.221996,0.518824,-0.099082,-0.84802,-0.520519,0.555557,-0.481119,0.678132,0.20862,-0.384953,-0.241967,-171.526006,-19.309648,140.839065,-0.932682,0.092284,-0.346609,-0.138957,0.797912,0.58641,0.330673,0.595541,-0.731223
0.263649,0.160734,-0.101212,-173.959423,-36.135089,125.401619,-0.80276,0.416984,-0.425531,-0.084948,0.626869,0.774397,0.589691,0.658051,-0.46768,0.326603,0.146558,-0.10311,-157.865531,-20.047762,-144.248116,-0.869716,-0.49116,-0.037751,-0.353765,0.676489,-0.645795,0.342803,-0.548601,-0.762001,0.405296,0.173348,-0.13682,-149.351359,-49.870513,-117.674787,-0.554009,-0.819279,0.145412,-0.328275,0.054979,-0.942751,0.76459,-0.570374,-0.299133,0.095771,-0.431388,-0.206136,127.846066,-48.337879,55.337049,-0.407743,-0.07191,0.910141,0.524788,-0.834068,0.169244,0.747078,0.546694,0.378026,0.123006,-0.415872,-0.207587,-171.002309,-34.634117,-36.589704,-0.812353,-0.209131,0.543887,-0.12863,-0.845701,-0.517397,0.568334,-0.490418,0.660596,0.211857,-0.398683,-0.237279,-169.266794,-20.957896,139.817558,-0.916926,0.084473,-0.388599,-0.173805,0.793791,0.582726,0.357682,0.602198,-0.713048
0.263649,0.160623,-0.101212,-174.081002,-36.140187,125.710534,-0.802602,0.416042,-0.426208,-0.08321,0.630305,0.771731,0.589763,0.655288,-0.471055,0.326603,0.146447,-0.102775,-157.875385,-20.203182,-144.041125,-0.869021,-0.492598,-0.037952,-0.353308,0.673624,-0.649061,0.34535,-0.550867,-0.759349,0.405185,0.173236,-0.136485,-149.202494,-50.135444,-117.505163,-0.550221,-0.821245,0.149228,-0.327965,0.048577,-0.943263,0.767562,-0.56821,-0.295857,0.101017,-0.444336,-0.199662,130.423198,-51.09264,54.017229,-0.407194,-0.038867,0.912451,0.478059,-0.860278,0.176716,0.778162,0.508191,0.368989,0.127471,-0.429602,-0.200778,-167.825555,-35.248258,-39.937073,-0.79837,-0.200419,0.56795,-0.172241,-0.827716,-0.534183,0.57712,-0.524262,0.626186,0.213866,-0.409733,-0.232367,-167.24163,-22.399546,137.691427,-0.901143,0.086863,-0.423437,-0.204046,0.778117,0.593946,0.381063,0.621982,-0.683343
0.263537,0.160623,-0.101101,-174.160208,-36.124711,125.913305,-0.803058,0.415254,-0.426466,-0.082135,0.632347,0.770215,0.589545,0.653867,-0.473552,0.326492,0.146558,-0.102664,-157.84535,-20.320843,-143.900756,-0.867975,-0.494027,-0.037933,-0.353413,0.67144,-0.651208,0.347277,-0.552186,-0.757257,0.405296,0.172901,-0.136485,-149.321074,-50.286824,-117.265254,-0.549212,-0.821814,0.150113,-0.325825,0.045486,-0.944187,0.769253,-0.567691,-0.292571,0.101798,-0.455163,-0.19397,132.560968,-53.811198,51.597842,-0.399116,-0.029309,0.916196,0.434629,-0.885761,0.161067,0.807076,0.462586,0.36667,0.128922,-0.439536,-0.194304,-165.270958,-35.122123,-43.835889,-0.790587,-0.202176,0.577334,-0.207835,-0.798442,-0.564365,0.575321,-0.566417,0.589914,0.215317,-0.41844,-0.22433,-165.901648,-23.428822,135.318319,-0.889363,0.097977,-0.445405,-0.223365,0.75792,0.612805,0.39761,0.644843,-0.652048
0.263649,0.160511,-0.100989,-174.26229,-36.144134,126.04654,-0.803086,0.41562,-0.426212,-0.080692,0.633377,0.769538,0.589819,0.652656,-0.474993,0.326603,0.146447,-0.102552,-157.954871,-20.467981,-143.778238,-0.868104,-0.494236,-0.039802,-0.351532,0.670323,-0.65345,0.349684,-0.553446,-0.755586,0.405631,0.172566,-0.136708,-149.564563,-50.574668,-116.899035,-0.547017,-0.823118,0.149833,-0.321388,0.041784,-0.945764,0.772453,-0.565894,-0.287082,0.102245,-0.462083,-0.1885,133.822365,-54.902452,50.224574,-0.397801,-0.025648,0.916821,0.414499,-0.896373,0.154852,0.818174,0.441736,0.367719,0.128029,-0.445787,-0.190286,-163.894122,-35.016733,-45.91565,-0.786297,-0.203253,0.582666,-0.22704,-0.782173,-0.579426,0.573816,-0.588192,0.569686,0.21621,-0.422904,-0.222098,-164.597864,-24.294193,133.923804,-0.878146,0.101457,-0.466367,-0.241917,0.747715,0.618267,0.411422,0.656113,-0.631917
0.263537,0.160511,-0.100878,-174.304772,-36.153157,126.135186,-0.802902,0.415513,-0.426376,-0.080073,0.634346,0.768772,0.589946,0.651745,-0.475874,0.326715,0.146447,-0.102552,-158.043386,-20.83775,-143.552933,-0.866445,-0.496655,-0.043417,-0.349303,0.667212,-0.657789,0.355723,-0.555007,-0.751499,0.405296,0.172566,-0.137154,-149.660222,-50.868315,-116.672723,-0.544372,-0.824963,0.150519,-0.318613,0.037657,-0.946993,0.775698,-0.563688,-0.283169,0.102691,-0.465432,-0.183254,135.511272,-56.524753,48.201285,-0.393442,-0.023392,0.919013,0.386482,-0.911203,0.142276,0.834124,0.411173,0.367615,0.128029,-0.449693,-0.183031,-163.034046,-34.872622,-48.099561,-0.784486,-0.212273,0.582342,-0.239332,-0.7627,-0.600512,0.571754,-0.610602,0.54787,0.216433,-0.4267,-0.21808,-163.967376,-24.908998,131.983415,-0.870937,0.116163,-0.475956,-0.250274,0.72969,0.636167,0.421178,0.673685,-0.606236
