Sensor #1 X,Sensor #1 Y,Sensor #1 Z,"Sensor #1 Euler Angles (Z Y'X"") Z","Sensor #1 Euler Angles (Z Y'X"") Y'","Sensor #1 Euler Angles (Z Y'X"") X""","Sensor #1 Rotation Matrix M0,0","Sensor #1 Rotation Matrix M0,1","Sensor #1 Rotation Matrix M0,2","Sensor #1 Rotation Matrix M1,0","Sensor #1 Rotation Matrix M1,1","Sensor #1 Rotation Matrix M1,2","Sensor #1 Rotation Matrix M2,0","Sensor #1 Rotation Matrix M2,1","Sensor #1 Rotation Matrix M2,2",Sensor #2 X,Sensor #2 Y,Sensor #2 Z,"Sensor #2 Euler Angles (Z Y'X"") Z","Sensor #2 Euler Angles (Z Y'X"") Y'","Sensor #2 Euler Angles (Z Y'X"") X""","Sensor #2 Rotation Matrix M0,0","Sensor #2 Rotation Matrix M0,1","Sensor #2 Rotation Matrix M0,2","Sensor #2 Rotation Matrix M1,0","Sensor #2 Rotation Matrix M1,1","Sensor #2 Rotation Matrix M1,2","Sensor #2 Rotation Matrix M2,0","Sensor #2 Rotation Matrix M2,1","Sensor #2 Rotation Matrix M2,2",Sensor #3 X,Sensor #3 Y,Sensor #3 Z,"Sensor #3 Euler Angles (Z Y'X"") Z","Sensor #3 Euler Angles (Z Y'X"") Y'","Sensor #3 Euler Angles (Z Y'X"") X""","Sensor #3 Rotation Matrix M0,0","Sensor #3 Rotation Matrix M0,1","Sensor #3 Rotation Matrix M0,2","Sensor #3 Rotation Matrix M1,0","Sensor #3 Rotation Matrix M1,1","Sensor #3 Rotation Matrix M1,2","Sensor #3 Rotation Matrix M2,0","Sensor #3 Rotation Matrix M2,1","Sensor #3 Rotation Matrix M2,2",Sensor #4 X,Sensor #4 Y,Sensor #4 Z,"Sensor #4 Euler Angles (Z Y'X"") Z","Sensor #4 Euler Angles (Z Y'X"") Y'","Sensor #4 Euler Angles (Z Y'X"") X""","Sensor #4 Rotation Matrix M0,0","Sensor #4 Rotation Matrix M0,1","Sensor #4 Rotation Matrix M0,2","Sensor #4 Rotation Matrix M1,0","Sensor #4 Rotation Matrix M1,1","Sensor #4 Rotation Matrix M1,2","Sensor #4 Rotation Matrix M2,0","Sensor #4 Rotation Matrix M2,1","Sensor #4 Rotation Matrix M2,2",Sensor #5 X,Sensor #5 Y,Sensor #5 Z,"Sensor #5 Euler Angles (Z Y'X"") Z","Sensor #5 Euler Angles (Z Y'X"") Y'","Sensor #5 Euler Angles (Z Y'X"") X""","Sensor #5 Rotation Matrix M0,0","Sensor #5 Rotation Matrix M0,1","Sensor #5 Rotation Matrix M0,2","Sensor #5 Rotation Matrix M1,0","Sensor #5 Rotation Matrix M1,1","Sensor #5 Rotation Matrix M1,2","Sensor #5 Rotation Matrix M2,0","Sensor #5 Rotation Matrix M2,1","Sensor #5 Rotation Matrix M2,2",Sensor #6 X,Sensor #6 Y,Sensor #6 Z,"Sensor #6 Euler Angles (Z Y'X"") Z","Sensor #6 Euler Angles (Z Y'X"") Y'","Sensor #6 Euler Angles (Z Y'X"") X""","Sensor #6 Rotation Matrix M0,0","Sensor #6 Rotation Matrix M0,1","Sensor #6 Rotation Matrix M0,2","Sensor #6 Rotation Matrix M1,0","Sensor #6 Rotation Matrix M1,1","Sensor #6 Rotation Matrix M1,2","Sensor #6 Rotation Matrix M2,0","Sensor #6 Rotation Matrix M2,1","Sensor #6 Rotation Matrix M2,2"
0.278606,0.144773,-0.092171,-177.643625,-23.280111,131.375095,-0.917494,0.269123,-0.291894,-0.037755,0.67276,0.73883,0.395227,0.689107,-0.606997,0.35183,0.123676,-0.088376,-136.825759,-4.655529,-136.621412,-0.726648,-0.537871,0.426697,-0.681753,0.492132,-0.541147,0.081165,-0.684341,-0.724212,0.428402,0.161516,-0.116839,-149.052248,-56.137238,-96.672811,-0.477454,-0.767279,0.427513,-0.286291,-0.323874,-0.90147,0.830375,-0.553076,-0.064705,0.258068,-0.318204,-0.128001,-164.864967,-43.784846,9.624134,-0.696134,0.368939,0.614926,-0.188288,-0.920881,0.33945,0.691952,0.120675,0.711649,0.304391,-0.265184,-0.140615,-165.430433,-31.907738,-29.100786,-0.821155,-0.029169,0.569271,-0.213429,-0.90989,-0.354579,0.528553,-0.412829,0.741683,0.383418,-0.260719,-0.192853,-176.68879,-35.679666,129.563149,-0.81029,0.412014,-0.415483,-0.04688,0.662139,0.747783,0.583253,0.625796,-0.517026
0.278718,0.144773,-0.092059,-177.668166,-23.270603,131.395868,-0.917104,0.26915,-0.29161,-0.037345,0.673119,0.738425,0.395074,0.688639,-0.607029,0.35183,0.123676,-0.088376,-136.827227,-4.626441,-136.608333,-0.726648,-0.537487,0.427029,-0.681718,0.492306,-0.540998,0.080659,-0.68449,-0.724039,0.428513,0.161627,-0.116728,-148.996237,-56.129691,-96.775792,-0.47762,-0.767514,0.427442,-0.287026,-0.323464,-0.901611,0.830301,-0.553361,-0.065747,0.263426,-0.312288,-0.121751,-165.504799,-44.440818,10.244795,-0.690762,0.366785,0.622576,-0.178582,-0.92116,0.344617,0.700172,0.126968,0.702504,0.309302,-0.261277,-0.136038,-166.199222,-33.223388,-28.873008,-0.811828,-0.048251,0.581066,-0.199416,-0.91297,-0.354536,0.547905,-0.403899,0.732477,0.386879,-0.259268,-0.187942,-177.530509,-36.678447,130.244347,-0.800393,0.427546,-0.418559,-0.034519,0.665494,0.745432,0.597324,0.611608,-0.517661
0.278718,0.144773,-0.091948,-177.658485,-23.247733,131.448249,-0.917393,0.268507,-0.291728,-0.037512,0.673766,0.737855,0.394708,0.688288,-0.607839,0.351718,0.123676,-0.088264,-136.821109,-4.590972,-136.631485,-0.726718,-0.537449,0.427299,-0.68193,0.492654,-0.540493,0.080042,-0.684332,-0.724457,0.428402,0.161627,-0.116839,-148.944688,-56.152647,-96.829209,-0.476977,-0.767855,0.427396,-0.287224,-0.323287,-0.901547,0.830524,-0.552886,-0.066214,0.2651,-0.305702,-0.119072,-167.60631,-45.758392,11.625248,-0.680983,0.351165,0.642115,-0.149645,-0.925309,0.347396,0.716404,0.140573,0.68329,0.312539,-0.256031,-0.13269,-167.273176,-33.5582,-28.37545,-0.812256,-0.062636,0.579051,-0.183449,-0.915528,-0.356482,0.552784,-0.395993,0.733124,0.390004,-0.255696,-0.185263,-178.394586,-37.030437,131.170618,-0.797454,0.43463,-0.417478,-0.02235,0.670996,0.741016,0.602239,0.600584,-0.525228
0.278718,0.144773,-0.091836,-177.685087,-23.192032,131.527503,-0.917925,0.26776,-0.291155,-0.037107,0.674576,0.737163,0.393814,0.687817,-0.609118,0.35183,0.123676,-0.088264,-136.827447,-4.562533,-136.652451,-0.726789,-0.537288,0.427272,-0.681845,0.493176,-0.540099,0.079547,-0.684062,-0.724703,0.428402,0.161627,-0.116839,-148.927733,-56.145235,-96.856442,-0.476925,-0.767927,0.427234,-0.287385,-0.322966,-0.901573,0.830452,-0.552912,-0.066483,0.264988,-0.293089,-0.121527,-172.106037,-46.119115,14.589195,-0.685867,0.312723,0.656335,-0.095098,-0.933042,0.345288,0.720782,0.174562,0.670673,0.313544,-0.246878,-0.135927,-168.587811,-33.171447,-28.198937,-0.820252,-0.079131,0.566146,-0.165573,-0.914814,-0.3678,0.547146,-0.395512,0.73766,0.392348,-0.248999,-0.186379,179.655286,-36.630283,132.646284,-0.80156,0.442778,-0.399951,0.004823,0.675232,0.737408,0.596649,0.589696,-0.543133
0.278718,0.144773,-0.091836,-177.688089,-23.160677,131.548208,-0.918168,0.267316,-0.290878,-0.037069,0.674802,0.736964,0.393311,0.687773,-0.609523,0.35183,0.123676,-0.088264,-136.855433,-4.527674,-136.680515,-0.727278,-0.537005,0.427184,-0.681637,0.493871,-0.539817,0.078941,-0.683854,-0.725194,0.428513,0.161851,-0.116728,-148.863814,-56.074076,-96.846207,-0.477246,-0.767007,0.42816,-0.288305,-0.323287,-0.901008,0.82976,-0.553746,-0.066483,0.262533,-0.273555,-0.130904,-179.173285,-44.951679,18.664306,-0.706892,0.239827,0.664638,-0.0102,-0.94341,0.329676,0.70651,0.226436,0.67035,0.314771,-0.231363,-0.144633,-170.524764,-31.801499,-27.981801,-0.837621,-0.098695,0.536198,-0.139798,-0.911099,-0.386224,0.526978,-0.398713,0.750445,0.395139,-0.237948,-0.192853,176.858626,-35.540621,133.856542,-0.812027,0.456403,-0.362724,0.044566,0.669048,0.741791,0.58128,0.58646,-0.563507
0.278718,0.144661,-0.091725,-177.707662,-23.104026,131.593009,-0.918653,0.266647,-0.290225,-0.036774,0.675222,0.736612,0.392402,0.68764,-0.610366,0.35183,0.123676,-0.088153,-136.869362,-4.505628,-136.665295,-0.727278,-0.536499,0.427219,-0.681305,0.494218,-0.53978,0.078557,-0.683891,-0.724848,0.428513,0.161739,-0.116616,-148.924943,-56.097237,-96.823079,-0.477568,-0.767238,0.427846,-0.287804,-0.323376,-0.901331,0.829985,-0.553692,-0.06625,0.260858,-0.247771,-0.142847,174.302688,-43.615621,21.643501,-0.719696,0.161065,0.674582,0.071801,-0.949531,0.303419,0.689817,0.266977,0.672814,0.315776,-0.210713,-0.155237,-173.85541,-29.806329,-27.123651,-0.862562,-0.130088,0.48865,-0.09286,-0.909006,-0.405946,0.49707,-0.395591,0.772266,0.397818,-0.221763,-0.199551,173.293993,-33.543305,134.804966,-0.827146,0.471537,-0.304043,0.097255,0.654379,0.749755,0.552567,0.590969,-0.58696
0.278829,0.144549,-0.091725,-177.746128,-23.0211,131.670928,-0.919188,0.265707,-0.289213,-0.036177,0.676029,0.735889,0.39107,0.687198,-0.611646,0.35183,0.123565,-0.088153,-136.877893,-4.470138,-136.673917,-0.727523,-0.536227,0.42749,-0.681331,0.494565,-0.539509,0.077939,-0.683917,-0.725094,0.428402,0.161739,-0.116616,-148.831934,-56.097976,-96.843809,-0.476707,-0.767043,0.42857,-0.288341,-0.323754,-0.900775,0.829993,-0.553336,-0.06641,0.260077,-0.217187,-0.15546,167.955687,-41.704941,24.015477,-0.729933,0.074276,0.679232,0.155742,-0.949634,0.271245,0.665295,0.30383,0.681917,0.317785,-0.185375,-0.166734,-178.668563,-28.386952,-25.368849,-0.879542,-0.18264,0.439418,-0.020442,-0.90808,-0.418346,0.475424,-0.376928,0.794923,0.401389,-0.203792,-0.208257,168.840261,-31.720468,135.709723,-0.83365,0.498546,-0.23439,0.164459,0.631651,0.757404,0.525776,0.59343,-0.608317
0.278829,0.144549,-0.091613,-177.759525,-22.978061,131.71635,-0.919674,0.265136,-0.288778,-0.035981,0.676449,0.735552,0.390379,0.687048,-0.612489,0.35183,0.123565,-0.088153,-136.879385,-4.441051,-136.660889,-0.727523,-0.535843,0.427822,-0.681296,0.494738,-0.53936,0.077433,-0.684065,-0.72492,0.428513,0.161627,-0.116505,-148.904271,-56.149817,-96.768086,-0.476542,-0.767265,0.428533,-0.28742,-0.324397,-0.900912,0.830497,-0.552773,-0.065602,0.260189,-0.183031,-0.167292,160.830689,-38.978374,26.658943,-0.73434,-0.026903,0.678322,0.255283,-0.93687,0.239199,0.629027,0.3488,0.694752,0.321357,-0.157693,-0.177784,175.274984,-26.854048,-23.204782,-0.889076,-0.253091,0.381308,0.073486,-0.901266,-0.426878,0.451719,-0.351526,0.819982,0.402171,-0.184928,-0.217522,163.565672,-30.50138,136.942764,-0.825956,0.538966,-0.162749,0.24363,0.603026,0.759489,0.507559,0.587959,-0.629247
0.278829,0.144549,-0.091613,-177.740754,-22.95142,131.718032,-0.91948,0.264556,-0.288769,-0.036275,0.676705,0.735225,0.389951,0.686937,-0.612426,0.35183,0.123676,-0.088041,-136.851945,-4.394319,-136.633515,-0.727104,-0.535409,0.428635,-0.681557,0.494738,-0.538927,0.07662,-0.684324,-0.724501,0.428513,0.161627,-0.116393,-148.89694,-56.134109,-96.763624,-0.476863,-0.766987,0.428919,-0.287697,-0.324719,-0.900814,0.830344,-0.553141,-0.065602,0.261193,-0.14854,-0.17745,154.861921,-36.740038,27.710605,-0.725364,-0.124204,0.676944,0.340373,-0.91953,0.196021,0.598185,0.372628,0.709433,0.325041,-0.128225,-0.187272,170.142567,-25.278435,-22.149986,-0.890769,-0.317174,0.325119,0.154782,-0.88484,-0.439171,0.427018,-0.340925,0.8375,0.404403,-0.16372,-0.222991,158.485697,-28.549091,137.824693,-0.816765,0.570167,-0.083503,0.321968,0.572043,0.75426,0.477912,0.589475,-0.650664
0.278829,0.144661,-0.091613,-177.724752,-22.946356,131.705614,-0.919674,0.264383,-0.28885,-0.03654,0.676542,0.735398,0.389869,0.687202,-0.612395,0.35183,0.123676,-0.088153,-136.848949,-4.404293,-136.630547,-0.727278,-0.535593,0.428809,-0.681792,0.494391,-0.539112,0.076794,-0.684559,-0.724674,0.428513,0.161516,-0.116505,-148.980211,-56.150004,-96.691883,-0.476916,-0.767128,0.428354,-0.286784,-0.324574,-0.901048,0.830499,-0.552854,-0.064866,0.263537,-0.113491,-0.186156,150.034105,-35.292189,27.31097,-0.706772,-0.213907,0.673859,0.407494,-0.90184,0.141175,0.577746,0.374468,0.725177,0.329394,-0.099092,-0.193411,165.15704,-23.899779,-22.080123,-0.883502,-0.384548,0.266611,0.23414,-0.856481,-0.459522,0.405138,-0.343663,0.847184,0.40764,-0.141061,-0.229688,154.083489,-27.609919,137.398475,-0.796296,0.60364,-0.011425,0.386944,0.525418,0.757522,0.463449,0.599321,-0.651722
0.278829,0.144661,-0.091613,-177.719441,-22.978656,131.675846,-0.919625,0.264873,-0.289113,-0.036623,0.676123,0.735815,0.390388,0.687465,-0.611989,0.35183,0.123788,-0.088153,-136.841899,-4.410707,-136.608886,-0.727033,-0.535482,0.42887,-0.68173,0.494217,-0.539234,0.076905,-0.684682,-0.724255,0.428402,0.161627,-0.116616,-149.006934,-56.203561,-96.694858,-0.476646,-0.767629,0.428156,-0.28632,-0.324807,-0.901282,0.831019,-0.552299,-0.06483,0.26644,-0.080228,-0.191737,145.9082,-34.065784,26.851734,-0.685816,-0.290375,0.66702,0.464189,-0.880465,0.094008,0.560144,0.374154,0.739041,0.334194,-0.070851,-0.1981,160.347796,-23.112722,-22.090299,-0.866028,-0.450609,0.216072,0.309268,-0.82284,-0.47648,0.392541,-0.345878,0.852208,0.407752,-0.11896,-0.233818,149.805907,-27.222788,136.899345,-0.76833,0.637289,0.05476,0.447073,0.474089,0.758424,0.457452,0.607407,-0.649075
0.278829,0.144661,-0.091725,-177.722025,-23.026754,131.642822,-0.918944,0.265616,-0.289467,-0.036555,0.675867,0.735979,0.391161,0.68735,-0.611177,0.35183,0.123788,-0.088041,-136.847696,-4.415682,-136.600135,-0.727208,-0.535457,0.428957,-0.681755,0.494043,-0.539444,0.076992,-0.684891,-0.724255,0.428513,0.161627,-0.116505,-149.207332,-56.185516,-96.553544,-0.477559,-0.767697,0.426544,-0.2846,-0.323819,-0.901982,0.830844,-0.552459,-0.063468,0.26923,-0.05009,-0.1933,142.901566,-33.428631,25.934502,-0.665635,-0.350255,0.658945,0.503387,-0.862585,0.050003,0.550898,0.364993,0.750523,0.337765,-0.045737,-0.199885,156.408221,-23.071642,-22.149365,-0.842849,-0.505988,0.181759,0.368087,-0.789389,-0.49076,0.391882,-0.346857,0.8521,0.409649,-0.098422,-0.233818,146.411924,-26.535567,136.220401,-0.744932,0.656796,0.113768,0.494708,0.430756,0.754631,0.446753,0.618727,-0.645662
0.278829,0.144661,-0.091725,-177.719758,-23.076806,131.591712,-0.918653,0.266453,-0.289788,-0.03658,0.675222,0.736581,0.391965,0.687672,-0.610366,0.35183,0.123788,-0.088153,-136.823352,-4.462598,-136.575644,-0.726718,-0.535827,0.428835,-0.681877,0.493348,-0.539812,0.077808,-0.685013,-0.723764,0.428402,0.161739,-0.116839,-149.241848,-56.254865,-96.560675,-0.476968,-0.768475,0.42596,-0.283858,-0.32373,-0.902314,0.831517,-0.551536,-0.063431,0.271128,-0.024305,-0.191291,141.555626,-32.464169,23.79964,-0.660802,-0.399216,0.635558,0.524579,-0.851272,0.010703,0.536772,0.340476,0.771976,0.341561,-0.023859,-0.197095,152.632995,-23.472598,-22.454005,-0.814393,-0.559859,0.151362,0.421546,-0.75062,-0.508401,0.39831,-0.350329,0.847693,0.409315,-0.079781,-0.233818,143.323946,-27.300263,135.441472,-0.712102,0.683475,0.156413,0.530321,0.379825,0.75764,0.458654,0.622993,-0.632669
0.278718,0.144773,-0.091725,-177.700198,-23.133452,131.546909,-0.918168,0.267122,-0.290441,-0.036874,0.674802,0.736933,0.392874,0.687805,-0.609523,0.35183,0.123788,-0.088153,-136.803881,-4.461987,-136.556171,-0.726474,-0.535837,0.429193,-0.682112,0.493,-0.539822,0.077798,-0.685246,-0.723518,0.428179,0.161739,-0.116951,-149.263464,-56.329755,-96.537848,-0.47616,-0.769038,0.425879,-0.283134,-0.324196,-0.902387,0.832242,-0.550498,-0.06309,0.272467,-0.003767,-0.18437,140.814034,-32.532692,21.493965,-0.653252,-0.434952,0.619351,0.532513,-0.845495,-0.032082,0.537781,0.308895,0.784419,0.343458,-0.005776,-0.191514,148.888127,-25.439236,-22.677328,-0.772664,-0.618317,0.140191,0.466319,-0.703919,-0.534849,0.429554,-0.348139,0.833179,0.407529,-0.06594,-0.231028,140.418489,-28.181799,134.404392,-0.678861,0.70571,0.199993,0.561234,0.324836,0.760951,0.472271,0.629288,-0.616339
0.278718,0.144773,-0.091836,-177.698066,-23.179367,131.561291,-0.917973,0.267585,-0.291015,-0.036901,0.674964,0.736808,0.393611,0.687493,-0.609554,0.35183,0.123788,-0.088153,-136.793888,-4.478399,-136.531583,-0.726404,-0.53591,0.429429,-0.682284,0.492478,-0.540129,0.078083,-0.685603,-0.723273,0.428179,0.161627,-0.117174,-149.516929,-56.388458,-96.375635,-0.476535,-0.769814,0.423846,-0.280511,-0.323443,-0.903388,0.83281,-0.549712,-0.061423,0.273472,0.011385,-0.174547,139.612635,-35.096989,21.047877,-0.623059,-0.4473,0.641432,0.530028,-0.844546,-0.074082,0.574962,0.293839,0.763568,0.344686,0.007144,-0.184928,146.480577,-27.583835,-22.895083,-0.7386,-0.658725,0.140846,0.489229,-0.66821,-0.55988,0.463046,-0.344807,0.816469,0.405408,-0.05355,-0.229353,138.856027,-29.536971,133.762502,-0.654603,0.723005,0.217723,0.571932,0.287292,0.767967,0.492985,0.627808,-0.601258
0.278718,0.144773,-0.091836,-177.698375,-23.224311,131.584734,-0.917585,0.268001,-0.291604,-0.03688,0.675321,0.736465,0.394332,0.686962,-0.609586,0.351718,0.123788,-0.088153,-136.764201,-4.511896,-136.531001,-0.726159,-0.536514,0.429543,-0.682763,0.491783,-0.540263,0.078666,-0.685713,-0.723375,0.428179,0.161962,-0.117397,-149.512936,-56.511502,-96.346849,-0.475244,-0.770477,0.424501,-0.279795,-0.324929,-0.90325,0.833997,-0.548189,-0.060974,0.27269,0.020762,-0.16718,139.238743,-36.722548,20.672307,-0.606925,-0.450786,0.65424,0.523168,-0.846326,-0.097792,0.597941,0.282948,0.749896,0.344016,0.015962,-0.178789,145.303743,-29.03387,-23.027878,-0.718691,-0.679865,0.144591,0.497576,-0.648434,-0.575853,0.485327,-0.342012,0.80464,0.402394,-0.046072,-0.225112,137.829656,-30.525684,133.579124,-0.638048,0.735369,0.226362,0.577945,0.264361,0.771812,0.507925,0.623656,-0.593467
0.278718,0.144773,-0.091836,-177.675697,-23.263237,131.561277,-0.917342,0.268324,-0.292197,-0.037234,0.675127,0.736634,0.394956,0.687036,-0.609149,0.351718,0.123899,-0.088153,-136.744775,-4.559455,-136.540604,-0.725741,-0.537107,0.429065,-0.682833,0.491436,-0.540386,0.079494,-0.685416,-0.723303,0.427955,0.161962,-0.117509,-149.635651,-56.545071,-96.281097,-0.475244,-0.77104,0.423212,-0.278427,-0.32423,-0.903812,0.83432,-0.547626,-0.060276,0.27269,0.026677,-0.161376,138.993676,-38.065044,20.025656,-0.594109,-0.457115,0.661836,0.516566,-0.847524,-0.121659,0.616556,0.269606,0.739705,0.343905,0.021096,-0.174547,144.351296,-30.22436,-23.130544,-0.701978,-0.69656,0.147259,0.50347,-0.631877,-0.588997,0.503387,-0.339417,0.794579,0.401501,-0.04116,-0.222879,137.319449,-31.266046,133.22184,-0.627953,0.742148,0.232176,0.579064,0.247583,0.776487,0.519013,0.622465,-0.584981
0.278718,0.144884,-0.091836,-177.650564,-23.303146,131.528777,-0.917294,0.268693,-0.292774,-0.037635,0.674739,0.737021,0.395596,0.687328,-0.608712,0.351718,0.123899,-0.088264,-136.723606,-4.605601,-136.577724,-0.725566,-0.538022,0.428612,-0.683175,0.491089,-0.540363,0.080296,-0.68502,-0.723825,0.427955,0.161739,-0.117286,-149.796207,-56.507579,-96.244288,-0.476588,-0.771324,0.421319,-0.277423,-0.322602,-0.904762,0.833959,-0.548286,-0.059992,0.27336,0.030138,-0.157804,138.061098,-39.220903,20.633464,-0.575969,-0.459383,0.675712,0.517494,-0.844809,-0.13322,0.632312,0.272975,0.724951,0.344239,0.023664,-0.172315,143.650714,-30.900564,-22.971563,-0.690893,-0.707013,0.149545,0.508427,-0.622559,-0.594563,0.51355,-0.334866,0.789986,0.399938,-0.038035,-0.221317,137.013337,-31.837714,133.204885,-0.621015,0.747916,0.232258,0.578835,0.239185,0.77927,0.527515,0.618816,-0.581206
0.278718,0.144884,-0.091836,-177.653587,-23.320888,131.507425,-0.917051,0.26904,-0.292832,-0.037577,0.674513,0.737205,0.39588,0.687387,-0.608307,0.351718,0.123899,-0.088264,-136.709283,-4.636102,-136.577923,-0.725148,-0.538319,0.428255,-0.683123,0.490915,-0.540425,0.080827,-0.684784,-0.72358,0.42829,0.161627,-0.117174,-149.963126,-56.466949,-96.241147,-0.477829,-0.771934,0.418671,-0.276285,-0.320101,-0.90595,0.833567,-0.548813,-0.060019,0.274476,0.031254,-0.156242,137.323652,-39.916996,21.046068,-0.563623,-0.462935,0.683735,0.519666,-0.842151,-0.141804,0.641677,0.275412,0.715753,0.344686,0.024668,-0.171422,143.43029,-31.224606,-22.976371,-0.686469,-0.710866,0.150804,0.509254,-0.618544,-0.597833,0.518394,-0.333786,0.787253,0.399492,-0.036919,-0.221205,136.813094,-32.138989,133.334634,-0.616984,0.751651,0.231085,0.579122,0.236079,0.780023,0.531975,0.615498,-0.580719
0.278718,0.144884,-0.091725,-177.647524,-23.334513,131.508078,-0.917051,0.269137,-0.293051,-0.037674,0.674513,0.73722,0.396099,0.687371,-0.608307,0.351718,0.124011,-0.088264,-136.694678,-4.636116,-136.592509,-0.724973,-0.538553,0.428256,-0.683307,0.490916,-0.540191,0.080827,-0.684599,-0.723754,0.428179,0.161627,-0.117286,-149.955508,-56.494797,-96.243756,-0.477237,-0.772229,0.418493,-0.276027,-0.320011,-0.905932,0.833836,-0.54824,-0.059982,0.274923,0.030584,-0.156018,136.925062,-40.179995,21.369452,-0.558058,-0.464239,0.687743,0.521764,-0.840777,-0.144162,0.645191,0.278392,0.711488,0.345021,0.02478,-0.171087,143.505361,-31.170679,-23.134695,-0.687506,-0.710204,0.149033,0.508628,-0.617987,-0.598903,0.517589,-0.33615,0.786773,0.40005,-0.037365,-0.221205,136.66182,-32.17249,133.447308,-0.615132,0.752957,0.231293,0.580445,0.235502,0.779145,0.53247,0.614035,-0.581626
0.278718,0.144884,-0.091725,-177.6424,-23.313839,131.513039,-0.916857,0.268775,-0.292945,-0.037748,0.674739,0.736939,0.395767,0.687215,-0.608275,0.351718,0.124011,-0.088264,-136.700248,-4.610629,-136.598138,-0.725392,-0.538465,0.428699,-0.683569,0.490916,-0.540104,0.080384,-0.68486,-0.724172,0.428179,0.161851,-0.117174,-149.870938,-56.524124,-96.287114,-0.476699,-0.772213,0.419497,-0.276656,-0.320939,-0.905562,0.834118,-0.547966,-0.060371,0.274811,0.027236,-0.1568,136.374257,-40.677647,22.544478,-0.548638,-0.455934,0.700306,0.522931,-0.840699,-0.137638,0.651803,0.290733,0.700353,0.344909,0.021878,-0.172092,143.908287,-31.124451,-23.122599,-0.691324,-0.705545,0.152892,0.503969,-0.623177,-0.597328,0.516899,-0.336143,0.787217,0.400608,-0.039932,-0.220982,136.889926,-32.099189,133.761354,-0.618027,0.752715,0.224731,0.578543,0.243184,0.778268,0.531387,0.611419,-0.585539
0.278718,0.144884,-0.091725,-177.646937,-23.315788,131.538467,-0.917099,0.268743,-0.293008,-0.037685,0.674933,0.736818,0.395799,0.687094,-0.608712,0.351718,0.124011,-0.088264,-136.661844,-4.575974,-136.588919,-0.724799,-0.538351,0.429302,-0.683928,0.490916,-0.539522,0.079781,-0.68485,-0.723928,0.428179,0.161851,-0.117174,-149.839177,-56.502851,-96.313303,-0.476646,-0.772123,0.41947,-0.276979,-0.320618,-0.905472,0.833913,-0.548109,-0.060641,0.273583,0.020873,-0.158362,136.130753,-41.014424,24.247565,-0.543935,-0.437541,0.715976,0.522878,-0.844069,-0.118581,0.656249,0.309872,0.687969,0.343905,0.017078,-0.173208,144.72341,-30.742217,-22.673927,-0.701385,-0.693609,0.162482,0.496178,-0.639219,-0.587078,0.511176,-0.331301,0.793013,0.401055,-0.043616,-0.222768,137.460392,-32.110989,134.679525,-0.623817,0.753783,0.205011,0.572417,0.262877,0.776497,0.531561,0.602013,-0.595316
0.278718,0.144884,-0.091725,-177.666618,-23.308224,131.541233,-0.917099,0.268865,-0.292692,-0.03737,0.674901,0.736849,0.395677,0.687063,-0.608744,0.351718,0.124011,-0.088153,-136.64897,-4.529282,-136.546906,-0.724555,-0.537681,0.430114,-0.684005,0.490916,-0.539321,0.078969,-0.685295,-0.723335,0.428179,0.161851,-0.117063,-149.751552,-56.493688,-96.414647,-0.476542,-0.772211,0.419737,-0.277894,-0.320439,-0.905384,0.833825,-0.548302,-0.061644,0.271574,0.011385,-0.160818,136.377195,-40.943133,25.809201,-0.546697,-0.414426,0.727428,0.521028,-0.848435,-0.091778,0.65531,0.328852,0.679985,0.341672,0.010269,-0.174771,146.291864,-30.182684,-22.289867,-0.718804,-0.671975,0.176538,0.47953,-0.663608,-0.573663,0.502759,-0.327855,0.799796,0.400273,-0.051318,-0.222433,138.257057,-31.323123,135.772172,-0.636892,0.747453,0.185863,0.568307,0.293822,0.768248,0.519864,0.595392,-0.611661
0.278718,0.144884,-0.091725,-177.659056,-23.288539,131.537162,-0.917099,0.268549,-0.292571,-0.037491,0.674933,0.736787,0.395362,0.687125,-0.608712,0.351718,0.124011,-0.088153,-136.651162,-4.522254,-136.534542,-0.724729,-0.537569,0.430411,-0.684117,0.490741,-0.539443,0.078846,-0.685591,-0.723335,0.428179,0.161851,-0.117174,-149.618061,-56.449206,-96.540668,-0.476386,-0.772049,0.420112,-0.279292,-0.319939,-0.905088,0.833396,-0.548753,-0.062917,0.268225,-0.00187,-0.165171,137.163983,-40.187828,27.718487,-0.560198,-0.381787,0.735136,0.519404,-0.853224,-0.047313,0.645295,0.355327,0.676268,0.338435,-0.000307,-0.178454,148.194461,-29.286339,-21.462674,-0.740859,-0.642425,0.194107,0.459451,-0.69623,-0.55086,0.489175,-0.319112,0.811662,0.399827,-0.060247,-0.223772,140.145972,-30.485668,136.795737,-0.66115,0.733579,0.154398,0.551906,0.337438,0.762348,0.507323,0.589607,-0.627774
0.278718,0.144884,-0.091725,-177.652095,-23.287578,131.502701,-0.917051,0.268627,-0.292493,-0.037601,0.674544,0.737126,0.395346,0.687465,-0.608275,0.351606,0.124123,-0.088153,-136.641679,-4.505227,-136.539645,-0.724555,-0.537506,0.430533,-0.684179,0.490916,-0.539147,0.07855,-0.685469,-0.723335,0.428067,0.162185,-0.117286,-149.293648,-56.431698,-96.784086,-0.475049,-0.771865,0.422009,-0.282135,-0.320427,-0.904054,0.833227,-0.54876,-0.065281,0.263761,-0.02118,-0.169748,138.676518,-39.231097,29.559931,-0.581657,-0.339973,0.738892,0.51142,-0.85921,0.007268,0.63245,0.382128,0.673764,0.33397,-0.015041,-0.181356,151.002289,-28.066849,-20.596923,-0.771445,-0.598408,0.214716,0.427579,-0.738167,-0.521173,0.470501,-0.310407,0.82596,0.397818,-0.07353,-0.225558,142.466757,-30.0036,138.090587,-0.686178,0.718027,0.111287,0.527155,0.387203,0.756135,0.500054,0.577989,-0.643966
0.278718,0.144884,-0.091836,-177.621542,-23.261845,131.451751,-0.917198,0.268218,-0.292375,-0.038097,0.674024,0.737574,0.394934,0.688132,-0.607776,0.351718,0.124123,-0.088153,-136.634389,-4.481173,-136.532385,-0.724555,-0.537332,0.430951,-0.684354,0.490916,-0.538973,0.078132,-0.685643,-0.723335,0.428179,0.162297,-0.116951,-149.230459,-56.326133,-96.856956,-0.476077,-0.771169,0.422154,-0.283456,-0.31964,-0.903933,0.832207,-0.550218,-0.066164,0.258068,-0.047076,-0.173208,141.97543,-38.271165,30.375951,-0.61844,-0.284701,0.732431,0.483605,-0.872534,0.069182,0.619384,0.396995,0.677314,0.327831,-0.035356,-0.184147,154.717517,-27.075701,-20.138524,-0.804897,-0.542588,0.239387,0.380172,-0.781791,-0.493806,0.455167,-0.306551,0.835948,0.396813,-0.088488,-0.22634,146.369295,-29.383681,138.754857,-0.72505,0.685582,0.057581,0.482282,0.447277,0.75302,0.490656,0.574118,-0.654768
0.278718,0.144884,-0.091836,-177.616702,-23.263804,131.433718,-0.917588,0.268312,-0.292343,-0.03819,0.673634,0.738011,0.394965,0.688569,-0.607776,0.351718,0.124123,-0.088153,-136.634389,-4.481173,-136.532385,-0.724555,-0.537332,0.430951,-0.684354,0.490916,-0.538973,0.078132,-0.685643,-0.723335,0.428179,0.162074,-0.117063,-149.253917,-56.330095,-96.862771,-0.476026,-0.771426,0.421562,-0.283161,-0.319086,-0.904146,0.832245,-0.550056,-0.066201,0.251259,-0.079893,-0.174994,147.061638,-37.465532,30.506251,-0.666075,-0.209269,0.715849,0.431536,-0.890923,0.141092,0.608284,0.402911,0.683836,0.320353,-0.061364,-0.186379,159.321795,-26.61581,-19.848187,-0.836368,-0.474434,0.274356,0.315674,-0.826222,-0.466454,0.448006,-0.303547,0.840915,0.393688,-0.108914,-0.22634,150.717254,-28.777232,139.40329,-0.763677,0.644322,-0.001107,0.428253,0.509641,0.745927,0.481405,0.569787,-0.664859
0.278718,0.144884,-0.091836,-177.594904,-23.268421,131.414551,-0.917151,0.268175,-0.292612,-0.038522,0.673666,0.737882,0.395039,0.688503,-0.607308,0.351718,0.124123,-0.088153,-136.656018,-4.474718,-136.539467,-0.724973,-0.53721,0.430889,-0.684232,0.49109,-0.539085,0.078019,-0.685705,-0.72358,0.428402,0.162185,-0.117063,-149.167292,-56.320653,-96.963605,-0.475924,-0.771518,0.421829,-0.284076,-0.31891,-0.904054,0.832154,-0.550249,-0.067207,0.244562,-0.119183,-0.175999,153.396797,-36.663865,30.287536,-0.717245,-0.11743,0.686878,0.35922,-0.90696,0.220043,0.597119,0.404559,0.692666,0.311311,-0.092618,-0.187049,165.558249,-25.94151,-19.868838,-0.870694,-0.378505,0.313656,0.224233,-0.873547,-0.431728,0.437453,-0.30562,0.845701,0.389334,-0.13202,-0.226228,156.092341,-28.41925,139.79748,-0.803479,0.590188,-0.071013,0.356181,0.574065,0.737112,0.47592,0.567343,-0.671299
0.278718,0.144884,-0.091725,-177.619122,-23.262824,131.442733,-0.917393,0.268265,-0.292359,-0.038143,0.673829,0.737793,0.394949,0.688351,-0.607776,0.351718,0.124123,-0.088264,-136.662583,-4.476739,-136.546,-0.724799,-0.537113,0.430506,-0.68391,0.491438,-0.538988,0.078054,-0.685384,-0.723406,0.428402,0.162074,-0.116951,-149.105243,-56.33441,-97.041653,-0.475552,-0.771814,0.421872,-0.284553,-0.318734,-0.904035,0.832287,-0.550048,-0.067943,0.239762,-0.160595,-0.175664,160.909988,-36.222883,28.850638,-0.762487,-0.017066,0.646947,0.263886,-0.921091,0.286693,0.590928,0.389278,0.706614,0.303163,-0.126885,-0.186379,173.078672,-25.735321,-21.14553,-0.894056,-0.26788,0.358554,0.10853,-0.906809,-0.406908,0.434214,-0.32495,0.840141,0.385651,-0.157916,-0.224219,161.624696,-28.001238,139.422044,-0.837142,0.529035,-0.133685,0.278079,0.624918,0.729284,0.469491,0.573851,-0.670045
0.278718,0.144773,-0.091725,-177.629388,-23.277399,131.5213,-0.917294,0.268159,-0.29275,-0.037975,0.674802,0.736911,0.395183,0.687438,-0.608649,0.35183,0.124011,-0.088153,-136.656754,-4.423617,-136.525667,-0.724799,-0.536555,0.431256,-0.684049,0.491612,-0.538665,0.07713,-0.685706,-0.723232,0.428402,0.161962,-0.116728,-148.980728,-56.377936,-97.031667,-0.473932,-0.771603,0.423376,-0.284984,-0.320134,-0.903111,0.832708,-0.549048,-0.067723,0.23686,-0.200444,-0.173096,168.398568,-36.685897,27.137427,-0.785363,0.088033,0.612508,0.161232,-0.926366,0.339909,0.597428,0.365765,0.713617,0.296131,-0.161934,-0.183254,179.7619,-26.265213,-22.351125,-0.896765,-0.172125,0.407697,0.003727,-0.92418,-0.381979,0.442527,-0.34102,0.829384,0.380851,-0.182584,-0.221875,167.170791,-28.383485,138.608964,-0.857335,0.472933,-0.201074,0.195241,0.661916,0.723594,0.475371,0.581414,-0.659692
0.278718,0.144773,-0.091613,-177.644211,-23.245057,131.594562,-0.917196,0.267543,-0.292582,-0.037733,0.675804,0.735935,0.394665,0.686618,-0.609492,0.351718,0.124011,-0.088264,-136.649466,-4.399563,-136.518416,-0.724799,-0.53638,0.431674,-0.684224,0.491612,-0.538491,0.076711,-0.68588,-0.723232,0.428402,0.162297,-0.116616,-148.794668,-56.428802,-97.147154,-0.472802,-0.771645,0.425217,-0.286399,-0.321682,-0.902389,0.833199,-0.548538,-0.068783,0.235074,-0.23806,-0.16852,175.167587,-37.855849,25.430479,-0.786345,0.186595,0.588389,0.066479,-0.921714,0.381226,0.613677,0.33902,0.712996,0.291219,-0.193411,-0.179794,-174.452153,-27.445089,-23.491168,-0.883387,-0.094175,0.459261,-0.085805,-0.930677,-0.355872,0.460898,-0.353749,0.81391,0.376721,-0.208815,-0.219866,171.421954,-28.981491,138.069414,-0.864483,0.431017,-0.256896,0.130402,0.687552,0.714225,0.484527,0.584248,-0.650456
0.278718,0.144773,-0.091501,-177.676537,-23.228724,131.638439,-0.917876,0.267552,-0.292158,-0.037242,0.675967,0.735926,0.394403,0.686578,-0.610397,0.351718,0.124011,-0.088153,-136.652174,-4.310933,-136.506703,-0.725043,-0.535551,0.432695,-0.68439,0.492133,-0.537899,0.075169,-0.686228,-0.723303,0.428513,0.162185,-0.116393,-148.756556,-56.473944,-97.119942,-0.471724,-0.771742,0.425743,-0.286175,-0.322384,-0.902,0.833635,-0.547644,-0.068406,0.234962,-0.269537,-0.16372,-178.975562,-38.619924,23.38972,-0.780551,0.264217,0.565641,-0.013958,-0.912666,0.407177,0.624151,0.310125,0.717009,0.287871,-0.221763,-0.175329,-169.466276,-28.626579,-25.077532,-0.862511,-0.034192,0.504073,-0.160382,-0.927142,-0.337401,0.479099,-0.372012,0.794972,0.373819,-0.229242,-0.216182,175.875888,-29.811752,136.728861,-0.864786,0.39215,-0.311875,0.062354,0.70198,0.709338,0.497152,0.594362,-0.631358
0.278718,0.144773,-0.091501,-177.675898,-23.210016,131.668848,-0.917925,0.267159,-0.292114,-0.037254,0.676386,0.735523,0.394103,0.686301,-0.610803,0.35183,0.124011,-0.088153,-136.645656,-4.235799,-136.485724,-0.724869,-0.534722,0.43348,-0.684381,0.492655,-0.537306,0.073861,-0.686402,-0.722956,0.42829,0.162074,-0.116505,-148.614688,-56.566891,-97.165488,-0.469788,-0.772071,0.42718,-0.286595,-0.323937,-0.901264,0.83453,-0.546187,-0.068665,0.234069,-0.296884,-0.157693,-174.365037,-39.455607,21.647125,-0.76781,0.324569,0.55157,-0.075757,-0.901436,0.425102,0.63548,0.284792,0.717576,0.285638,-0.245204,-0.168966,-165.433746,-29.618172,-26.298428,-0.841223,0.013481,0.540234,-0.218593,-0.922581,-0.317392,0.494218,-0.385148,0.779341,0.369354,-0.248887,-0.214508,178.84445,-31.311612,135.697634,-0.853396,0.377218,-0.357886,0.017214,0.708512,0.705339,0.519692,0.596243,-0.610943
0.278718,0.144661,-0.091501,-177.690635,-23.177677,131.742162,-0.917831,0.266544,-0.291946,-0.037014,0.677386,0.734546,0.393584,0.68548,-0.611646,0.35183,0.124011,-0.088153,-136.636203,-4.170666,-136.461848,-0.724869,-0.534077,0.43444,-0.684607,0.492829,-0.536898,0.072728,-0.68681,-0.722782,0.428402,0.161851,-0.116616,-148.574957,-56.686558,-97.249511,-0.468609,-0.77322,0.427165,-0.286321,-0.32447,-0.901487,0.835679,-0.544784,-0.069301,0.234293,-0.311953,-0.154121,-171.026872,-40.57588,19.676146,-0.749541,0.363167,0.552457,-0.118355,-0.895291,0.428096,0.650455,0.255702,0.715086,0.284076,-0.2615,-0.164613,-162.966749,-31.046269,-27.477419,-0.818777,0.032192,0.572594,-0.250845,-0.917593,-0.307179,0.51573,-0.395279,0.760055,0.366564,-0.258933,-0.211048,-178.512028,-32.290111,134.583304,-0.844539,0.362052,-0.393416,-0.021938,0.711802,0.701937,0.534206,0.601761,-0.593071
0.278718,0.144661,-0.09139,-177.70788,-23.117889,131.843441,-0.918613,0.265549,-0.29153,-0.036769,0.678416,0.733684,0.392624,0.684929,-0.613332,0.351941,0.124011,-0.088041,-136.652185,-4.093463,-136.405383,-0.725217,-0.532875,0.435608,-0.684554,0.493,-0.536874,0.071384,-0.687672,-0.722262,0.427955,0.162074,-0.116393,-148.327921,-56.779384,-97.259996,-0.465654,-0.772897,0.430122,-0.287281,-0.327292,-0.899796,0.836567,-0.542949,-0.069168,0.234069,-0.325459,-0.147758,-169.318429,-41.605433,18.790414,-0.734247,0.385608,0.558013,-0.138493,-0.890185,0.433022,0.663997,0.240822,0.707797,0.282625,-0.275118,-0.159144,-161.583148,-32.479815,-28.328728,-0.799754,0.036026,0.598324,-0.266304,-0.915051,-0.300978,0.537002,-0.40026,0.742471,0.363662,-0.271993,-0.207252,-177.393695,-33.38519,133.890101,-0.833292,0.364515,-0.413955,-0.037931,0.710933,0.70208,0.550265,0.601235,-0.578381
0.278718,0.144661,-0.09139,-177.723925,-23.122937,131.855923,-0.91842,0.265721,-0.291448,-0.036503,0.678578,0.733512,0.392705,0.684664,-0.613364,0.351941,0.124011,-0.088041,-136.642753,-4.076461,-136.410487,-0.725043,-0.532814,0.43573,-0.684615,0.493175,-0.536578,0.071088,-0.687549,-0.722262,0.427955,0.162185,-0.116393,-148.220532,-56.833843,-97.363269,-0.464745,-0.773359,0.430733,-0.287924,-0.327829,-0.899594,0.837088,-0.542295,-0.070078,0.234293,-0.333608,-0.143628,-168.019129,-42.092842,18.140067,-0.725336,0.401372,0.558516,-0.153922,-0.885783,0.436773,0.670334,0.231003,0.705085,0.28095,-0.282932,-0.156242,-160.71731,-33.213738,-29.139791,-0.7892,0.036419,0.612334,-0.276106,-0.912027,-0.301709,0.547764,-0.407353,0.730674,0.362322,-0.277685,-0.20502,-176.099622,-34.089304,133.074504,-0.825528,0.361921,-0.431653,-0.056284,0.709513,0.702306,0.560484,0.604495,-0.565172
0.278718,0.144661,-0.091501,-177.717907,-23.136565,131.856572,-0.91842,0.265818,-0.291667,-0.0366,0.678578,0.733527,0.392924,0.684648,-0.613364,0.351941,0.123899,-0.088041,-136.646394,-4.088485,-136.414094,-0.725043,-0.532901,0.435521,-0.684528,0.493175,-0.536665,0.071297,-0.687462,-0.722262,0.427955,0.162185,-0.116281,-148.191994,-56.805762,-97.360103,-0.464745,-0.773039,0.431001,-0.288244,-0.327829,-0.899358,0.836819,-0.542531,-0.070078,0.233846,-0.339189,-0.14095,-167.297334,-42.197525,17.574636,-0.721868,0.407389,0.558279,-0.162715,-0.884665,0.435326,0.671689,0.223649,0.706116,0.28095,-0.287173,-0.154232,-160.171457,-33.652115,-29.676298,-0.782571,0.036369,0.620795,-0.282183,-0.909903,-0.30251,0.554149,-0.412089,0.723164,0.361876,-0.282597,-0.203011,-175.453877,-34.47355,132.737636,-0.821099,0.360545,-0.441197,-0.065287,0.709747,0.701294,0.566026,0.605049,-0.559059
0.278718,0.144661,-0.09139,-177.73153,-23.142585,131.859963,-0.91842,0.266037,-0.291571,-0.036381,0.678547,0.733574,0.393021,0.684601,-0.613395,0.351941,0.123899,-0.088041,-136.660932,-4.088455,-136.399595,-0.725217,-0.532666,0.43552,-0.684345,0.493174,-0.5369,0.071296,-0.687646,-0.722089,0.428067,0.162074,-0.116281,-148.24676,-56.831109,-97.339736,-0.464745,-0.773386,0.430439,-0.287629,-0.327594,-0.899666,0.837061,-0.542222,-0.069843,0.233735,-0.341533,-0.139164,-166.526503,-42.504589,17.148144,-0.716279,0.416286,0.559159,-0.171613,-0.882262,0.437122,0.675649,0.217331,0.70434,0.279834,-0.290522,-0.151888,-160.436341,-34.136363,-29.450678,-0.779622,0.03145,0.62504,-0.277054,-0.912605,-0.299712,0.561164,-0.406936,0.720704,0.360425,-0.285499,-0.20223,-175.20632,-34.919825,132.352854,-0.816358,0.365162,-0.446116,-0.068461,0.706995,0.70376,0.57243,0.605493,-0.551978
0.278718,0.144661,-0.09139,-177.745154,-23.148605,131.863358,-0.91842,0.266255,-0.291474,-0.036163,0.678515,0.733621,0.393117,0.684555,-0.613426,0.351941,0.123899,-0.088041,-136.626907,-4.087937,-136.394606,-0.724799,-0.53291,0.435878,-0.684764,0.492827,-0.536674,0.071287,-0.687697,-0.722017,0.428067,0.161851,-0.116281,-148.342174,-56.867795,-97.297368,-0.464745,-0.773918,0.429448,-0.28656,-0.327122,-0.900165,0.837412,-0.541723,-0.069371,0.232953,-0.344435,-0.136596,-166.069408,-42.850502,17.232244,-0.710779,0.425385,0.559151,-0.176303,-0.877832,0.443871,0.680088,0.217145,0.700086,0.279388,-0.292308,-0.150102,-160.304665,-34.574232,-29.137051,-0.774952,0.034094,0.630726,-0.277402,-0.915214,-0.291413,0.567473,-0.400888,0.719158,0.359643,-0.285945,-0.201113,-174.552188,-35.183968,132.234329,-0.813008,0.360807,-0.455895,-0.077536,0.709885,0.699923,0.576204,0.60475,-0.549014
0.278718,0.144661,-0.09139,-177.739135,-23.162235,131.86401,-0.91842,0.266352,-0.291693,-0.036259,0.678515,0.733636,0.393336,0.684539,-0.613426,0.35183,0.123899,-0.088041,-136.645089,-4.09993,-136.383713,-0.724973,-0.532762,0.435668,-0.684493,0.492826,-0.536996,0.071496,-0.687794,-0.721844,0.428179,0.161851,-0.116393,-148.405746,-56.911125,-97.245362,-0.46485,-0.774094,0.429506,-0.285913,-0.327763,-0.900348,0.837825,-0.541435,-0.068835,0.232842,-0.346221,-0.135034,-165.414209,-43.115508,16.982364,-0.70556,0.433915,0.559069,-0.183598,-0.87453,0.447228,0.683471,0.213162,0.697991,0.279053,-0.294094,-0.147424,-160.162307,-34.762629,-28.625953,-0.77224,0.040646,0.633299,-0.278597,-0.917862,-0.280908,0.570178,-0.39354,0.721026,0.357857,-0.288624,-0.199439,-174.648907,-35.427948,132.471243,-0.810535,0.362654,-0.458556,-0.07592,0.712468,0.697445,0.579679,0.600562,-0.54976
0.278718,0.144661,-0.09139,-177.747126,-23.177998,131.860871,-0.917789,0.266605,-0.291784,-0.036106,0.678677,0.733384,0.393589,0.684161,-0.61302,0.35183,0.123899,-0.088153,-136.647275,-4.141008,-136.400327,-0.724973,-0.533233,0.435128,-0.684441,0.492653,-0.53723,0.072211,-0.68756,-0.722017,0.428179,0.161851,-0.116281,-148.42194,-56.89907,-97.246024,-0.465118,-0.774078,0.4293,-0.285897,-0.327527,-0.900463,0.83771,-0.541641,-0.068867,0.232842,-0.347783,-0.132578,-165.12933,-43.37161,17.05769,-0.701864,0.439941,0.559267,-0.186367,-0.871686,0.451957,0.686727,0.213191,0.694813,0.278271,-0.295545,-0.146531,-159.758859,-35.198251,-28.909545,-0.766111,0.041105,0.640595,-0.282499,-0.91716,-0.279109,0.576407,-0.394991,0.715243,0.35808,-0.289294,-0.197765,-174.16636,-35.554783,132.535992,-0.808507,0.357432,-0.466032,-0.082605,0.716447,0.692578,0.581481,0.598941,-0.549521
0.278718,0.144661,-0.091501,-177.750306,-23.244575,131.870308,-0.917789,0.267429,-0.292465,-0.036055,0.678614,0.73354,0.394657,0.684005,-0.613083,0.351941,0.123899,-0.088153,-136.655232,-4.138945,-136.379306,-0.725322,-0.533094,0.43551,-0.68458,0.492304,-0.537562,0.072175,-0.688065,-0.722017,0.42829,0.161962,-0.116281,-148.525746,-56.896692,-97.144427,-0.465491,-0.773969,0.428832,-0.284966,-0.327462,-0.90067,0.837687,-0.54165,-0.067893,0.232507,-0.347783,-0.131573,-164.869334,-43.605206,16.802412,-0.698411,0.442245,0.561915,-0.188847,-0.871569,0.451353,0.689685,0.209288,0.693088,0.277937,-0.295322,-0.144856,-159.68373,-35.416719,-28.78321,-0.763967,0.042471,0.64346,-0.282847,-0.918522,-0.275246,0.579519,-0.392376,0.714224,0.357076,-0.289071,-0.197095,-173.946695,-35.886741,132.5193,-0.80511,0.358303,-0.471721,-0.085378,0.717857,0.690834,0.586185,0.596791,-0.547228
