Sensor #1 X,Sensor #1 Y,Sensor #1 Z,"Sensor #1 Euler Angles (Z Y'X"") Z","Sensor #1 Euler Angles (Z Y'X"") Y'","Sensor #1 Euler Angles (Z Y'X"") X""","Sensor #1 Rotation Matrix M0,0","Sensor #1 Rotation Matrix M0,1","Sensor #1 Rotation Matrix M0,2","Sensor #1 Rotation Matrix M1,0","Sensor #1 Rotation Matrix M1,1","Sensor #1 Rotation Matrix M1,2","Sensor #1 Rotation Matrix M2,0","Sensor #1 Rotation Matrix M2,1","Sensor #1 Rotation Matrix M2,2",Sensor #2 X,Sensor #2 Y,Sensor #2 Z,"Sensor #2 Euler Angles (Z Y'X"") Z","Sensor #2 Euler Angles (Z Y'X"") Y'","Sensor #2 Euler Angles (Z Y'X"") X""","Sensor #2 Rotation Matrix M0,0","Sensor #2 Rotation Matrix M0,1","Sensor #2 Rotation Matrix M0,2","Sensor #2 Rotation Matrix M1,0","Sensor #2 Rotation Matrix M1,1","Sensor #2 Rotation Matrix M1,2","Sensor #2 Rotation Matrix M2,0","Sensor #2 Rotation Matrix M2,1","Sensor #2 Rotation Matrix M2,2",Sensor #3 X,Sensor #3 Y,Sensor #3 Z,"Sensor #3 Euler Angles (Z Y'X"") Z","Sensor #3 Euler Angles (Z Y'X"") Y'","Sensor #3 Euler Angles (Z Y'X"") X""","Sensor #3 Rotation Matrix M0,0","Sensor #3 Rotation Matrix M0,1","Sensor #3 Rotation Matrix M0,2","Sensor #3 Rotation Matrix M1,0","Sensor #3 Rotation Matrix M1,1","Sensor #3 Rotation Matrix M1,2","Sensor #3 Rotation Matrix M2,0","Sensor #3 Rotation Matrix M2,1","Sensor #3 Rotation Matrix M2,2",Sensor #4 X,Sensor #4 Y,Sensor #4 Z,"Sensor #4 Euler Angles (Z Y'X"") Z","Sensor #4 Euler Angles (Z Y'X"") Y'","Sensor #4 Euler Angles (Z Y'X"") X""","Sensor #4 Rotation Matrix M0,0","Sensor #4 Rotation Matrix M0,1","Sensor #4 Rotation Matrix M0,2","Sensor #4 Rotation Matrix M1,0","Sensor #4 Rotation Matrix M1,1","Sensor #4 Rotation Matrix M1,2","Sensor #4 Rotation Matrix M2,0","Sensor #4 Rotation Matrix M2,1","Sensor #4 Rotation Matrix M2,2",Sensor #5 X,Sensor #5 Y,Sensor #5 Z,"Sensor #5 Euler Angles (Z Y'X"") Z","Sensor #5 Euler Angles (Z Y'X"") Y'","Sensor #5 Euler Angles (Z Y'X"") X""","Sensor #5 Rotation Matrix M0,0","Sensor #5 Rotation Matrix M0,1","Sensor #5 Rotation Matrix M0,2","Sensor #5 Rotation Matrix M1,0","Sensor #5 Rotation Matrix M1,1","Sensor #5 Rotation Matrix M1,2","Sensor #5 Rotation Matrix M2,0","Sensor #5 Rotation Matrix M2,1","Sensor #5 Rotation Matrix M2,2",Sensor #6 X,Sensor #6 Y,Sensor #6 Z,"Sensor #6 Euler Angles (Z Y'X"") Z","Sensor #6 Euler Angles (Z Y'X"") Y'","Sensor #6 Euler Angles (Z Y'X"") X""","Sensor #6 Rotation Matrix M0,0","Sensor #6 Rotation Matrix M0,1","Sensor #6 Rotation Matrix M0,2","Sensor #6 Rotation Matrix M1,0","Sensor #6 Rotation Matrix M1,1","Sensor #6 Rotation Matrix M1,2","Sensor #6 Rotation Matrix M2,0","Sensor #6 Rotation Matrix M2,1","Sensor #6 Rotation Matrix M2,2"
0.272467,0.151023,-0.095966,174.467207,-22.677004,144.857848,-0.917791,0.299631,-0.258386,0.088903,0.792694,0.603003,0.385536,0.53079,-0.754057,0.344239,0.132717,-0.091167,-138.729567,-0.598372,-136.422773,-0.751336,-0.483175,0.448811,-0.659378,0.539944,-0.522993,0.010443,-0.689089,-0.724191,0.420477,0.168436,-0.119295,-140.116309,-56.371454,-111.383711,-0.424656,-0.828843,0.363656,-0.354863,-0.216882,-0.909207,0.832645,-0.515369,-0.201802,0.277937,-0.169859,-0.096859,172.466847,-20.037873,-10.859811,-0.930923,-0.192708,0.308904,0.123106,-0.964727,-0.230889,0.342641,-0.176998,0.922624,0.347588,-0.14374,-0.091725,156.276036,-10.892352,-19.776532,-0.898947,-0.437113,0.026667,0.395059,-0.835719,-0.381301,0.188964,-0.332256,0.924064,0.417575,-0.181691,-0.121416,157.536862,-49.336094,130.051931,-0.601262,0.782186,-0.159302,0.248598,0.373576,0.893384,0.758545,0.498117,-0.41874
0.272467,0.151023,-0.095966,174.464852,-22.678044,144.881862,-0.918097,0.299614,-0.258453,0.088971,0.792842,0.60285,0.385552,0.530637,-0.754512,0.344239,0.132829,-0.091278,-138.714977,-0.620283,-136.436246,-0.751336,-0.483684,0.448769,-0.659717,0.539623,-0.523011,0.010826,-0.68907,-0.724512,0.420477,0.168548,-0.119295,-140.106741,-56.349081,-111.346653,-0.42466,-0.828476,0.364116,-0.354986,-0.217175,-0.908962,0.832429,-0.515611,-0.201512,0.277937,-0.169748,-0.096859,172.469469,-20.040356,-10.861337,-0.931401,-0.192727,0.308945,0.123126,-0.965204,-0.230914,0.342682,-0.177024,0.922624,0.347588,-0.14374,-0.091725,156.273163,-10.889253,-19.761915,-0.898856,-0.437099,0.02672,0.395072,-0.835719,-0.381067,0.188911,-0.332022,0.924155,0.417575,-0.181691,-0.121304,157.540453,-49.299605,130.046896,-0.601639,0.781858,-0.159106,0.24871,0.373739,0.893258,0.75813,0.498462,-0.418955
0.272467,0.151023,-0.095966,174.475402,-22.671848,144.889443,-0.917949,0.299344,-0.258553,0.088786,0.793042,0.60258,0.385453,0.530452,-0.754461,0.344239,0.132829,-0.091278,-138.703856,-0.614508,-136.410901,-0.751083,-0.483488,0.449031,-0.659753,0.539453,-0.523058,0.010725,-0.689277,-0.724088,0.420477,0.168548,-0.119407,-140.106741,-56.349081,-111.346653,-0.42466,-0.828476,0.364116,-0.354986,-0.217175,-0.908962,0.832429,-0.515611,-0.201512,0.277937,-0.169859,-0.096859,172.465062,-20.024604,-10.846711,-0.93135,-0.192661,0.308726,0.123192,-0.965122,-0.230656,0.342424,-0.176805,0.922757,0.347588,-0.14374,-0.091725,156.270732,-10.87563,-19.764288,-0.898856,-0.437054,0.026487,0.395118,-0.835692,-0.381014,0.188678,-0.332076,0.924182,0.417686,-0.181803,-0.121304,157.522262,-49.29901,130.076556,-0.602017,0.782019,-0.15888,0.24909,0.373576,0.893359,0.758123,0.498581,-0.419495
0.272467,0.151023,-0.095966,174.479996,-22.68596,144.890737,-0.917949,0.299419,-0.25878,0.088712,0.793042,0.602606,0.38568,0.530426,-0.754461,0.344351,0.132829,-0.091278,-138.727234,-0.609342,-136.391958,-0.751253,-0.483033,0.448941,-0.65936,0.539603,-0.523331,0.010635,-0.689427,-0.723767,0.420365,0.168548,-0.119295,-140.106741,-56.349081,-111.346653,-0.42466,-0.828476,0.364116,-0.354986,-0.217175,-0.908962,0.832429,-0.515611,-0.201512,0.277937,-0.169748,-0.096859,172.479486,-20.023052,-10.849147,-0.93135,-0.192423,0.308752,0.122954,-0.965122,-0.230615,0.342398,-0.176846,0.922757,0.347588,-0.14374,-0.091725,156.273163,-10.889253,-19.761915,-0.898856,-0.437099,0.02672,0.395072,-0.835719,-0.381067,0.188911,-0.332022,0.924155,0.417686,-0.182026,-0.121193,157.489075,-49.275465,130.082384,-0.602017,0.781988,-0.158392,0.249498,0.373413,0.893269,0.757855,0.498671,-0.419658
0.272467,0.151023,-0.095966,174.482357,-22.684916,144.86672,-0.917643,0.299435,-0.258713,0.088644,0.792893,0.602759,0.385663,0.530579,-0.754007,0.344351,0.132829,-0.091278,-138.718105,-0.614228,-136.397031,-0.751253,-0.483245,0.449026,-0.659572,0.539443,-0.523301,0.01072,-0.689458,-0.723927,0.420477,0.168436,-0.119407,-140.17423,-56.351328,-111.317658,-0.425242,-0.828503,0.363751,-0.354623,-0.216981,-0.909279,0.832451,-0.515877,-0.201315,0.277937,-0.169859,-0.096859,172.483893,-20.038802,-10.863775,-0.931401,-0.192489,0.308971,0.122888,-0.965204,-0.230873,0.342656,-0.177065,0.922624,0.347588,-0.14374,-0.091613,156.286077,-10.876071,-19.779659,-0.898947,-0.436834,0.026479,0.394871,-0.835692,-0.381234,0.188685,-0.332323,0.924091,0.417909,-0.181803,-0.121193,157.562642,-49.249598,130.060694,-0.602773,0.781395,-0.158976,0.248905,0.374064,0.893199,0.75756,0.49918,-0.419763
0.272467,0.151023,-0.095966,174.494049,-22.681346,144.886771,-0.917949,0.299191,-0.258855,0.088485,0.793093,0.602564,0.385606,0.530469,-0.75441,0.344351,0.132829,-0.091278,-138.714433,-0.602083,-136.393696,-0.751253,-0.48316,0.449238,-0.659657,0.539443,-0.52322,0.010508,-0.689539,-0.723927,0.420477,0.168659,-0.119295,-140.120452,-56.356686,-111.318776,-0.424663,-0.828403,0.364286,-0.354816,-0.217468,-0.908961,0.832503,-0.515609,-0.201222,0.277937,-0.169748,-0.096859,172.481025,-20.0376,-10.848901,-0.93135,-0.192448,0.30899,0.122928,-0.965204,-0.230635,0.342637,-0.176826,0.922675,0.347588,-0.14374,-0.091725,156.300987,-10.887038,-19.778043,-0.898947,-0.436646,0.026758,0.394592,-0.835719,-0.381273,0.188873,-0.332283,0.924064,0.417798,-0.181803,-0.121193,157.582594,-49.26601,130.065556,-0.602553,0.781353,-0.159545,0.248569,0.374446,0.8931,0.757747,0.498901,-0.419601
0.272355,0.151023,-0.095966,174.498644,-22.695458,144.888063,-0.917949,0.299266,-0.259082,0.08841,0.793093,0.602589,0.385833,0.530443,-0.75441,0.344239,0.132829,-0.09139,-138.674489,-0.618507,-136.395706,-0.750829,-0.483715,0.449463,-0.660212,0.53896,-0.523042,0.010795,-0.689546,-0.723986,0.420477,0.168659,-0.119183,-140.176385,-56.356695,-111.300455,-0.425539,-0.828329,0.364479,-0.354843,-0.217811,-0.909227,0.832503,-0.516216,-0.201269,0.277937,-0.169859,-0.096859,172.478158,-20.036399,-10.834028,-0.931299,-0.192408,0.30901,0.122969,-0.965204,-0.230396,0.342617,-0.176587,0.922726,0.3477,-0.14374,-0.091613,156.298554,-10.873415,-19.780413,-0.898947,-0.4366,0.026525,0.394637,-0.835692,-0.38122,0.18864,-0.332337,0.924091,0.417798,-0.18158,-0.121416,157.627598,-49.316408,130.049685,-0.602176,0.781522,-0.160338,0.24786,0.374608,0.893243,0.758321,0.498538,-0.419061
0.272467,0.151023,-0.095966,174.486955,-22.699026,144.868013,-0.917643,0.29951,-0.25894,0.08857,0.792893,0.602784,0.38589,0.530554,-0.754007,0.344239,0.132941,-0.091278,-138.645452,-0.600879,-136.380894,-0.750406,-0.483676,0.449941,-0.660514,0.538799,-0.522765,0.010487,-0.689652,-0.723723,0.4207,0.168436,-0.119183,-140.222582,-56.326212,-111.229256,-0.425539,-0.828041,0.363895,-0.354262,-0.217081,-0.909204,0.832208,-0.516238,-0.200539,0.277937,-0.169859,-0.096859,172.491046,-20.0203,-10.836711,-0.931299,-0.192144,0.308797,0.122756,-0.965122,-0.230336,0.342353,-0.176648,0.922807,0.3477,-0.14374,-0.091613,156.329191,-10.855278,-19.786788,-0.899414,-0.436141,0.026396,0.394269,-0.836131,-0.381185,0.188329,-0.332463,0.924119,0.417798,-0.18158,-0.121416,157.651906,-49.323368,130.039244,-0.602176,0.781443,-0.160637,0.247561,0.374771,0.893252,0.7584,0.49853,-0.418898
0.272467,0.151023,-0.095966,174.486955,-22.699026,144.868013,-0.917643,0.29951,-0.25894,0.08857,0.792893,0.602784,0.38589,0.530554,-0.754007,0.344239,0.132941,-0.091278,-138.614636,-0.612421,-136.377843,-0.749982,-0.484019,0.450081,-0.660858,0.538478,-0.522618,0.010689,-0.689629,-0.723621,0.420588,0.168548,-0.119183,-140.208865,-56.318625,-111.257138,-0.425536,-0.828114,0.363725,-0.354431,-0.216788,-0.909206,0.832134,-0.51624,-0.200829,0.277937,-0.169859,-0.096859,172.489509,-20.005753,-10.836957,-0.931299,-0.192118,0.308558,0.122781,-0.965041,-0.230316,0.342115,-0.176667,0.922889,0.3477,-0.14374,-0.091613,156.326326,-10.852187,-19.772171,-0.899323,-0.436127,0.026449,0.394282,-0.836131,-0.380952,0.188276,-0.332229,0.92421,0.417798,-0.18158,-0.121527,157.651906,-49.323368,130.039244,-0.602176,0.781443,-0.160637,0.247561,0.374771,0.893252,0.7584,0.49853,-0.418898
0.272467,0.151023,-0.095966,174.486955,-22.699026,144.868013,-0.917643,0.29951,-0.25894,0.08857,0.792893,0.602784,0.38589,0.530554,-0.754007,0.344239,0.132941,-0.091278,-138.598508,-0.571389,-136.37661,-0.749811,-0.483794,0.450636,-0.661082,0.538648,-0.522165,0.009972,-0.689659,-0.723621,0.420812,0.168548,-0.119072,-140.241474,-56.306043,-111.244357,-0.426119,-0.827993,0.363797,-0.354506,-0.216838,-0.909328,0.832013,-0.516701,-0.200876,0.277937,-0.169859,-0.096859,172.489509,-20.005753,-10.836957,-0.931299,-0.192118,0.308558,0.122781,-0.965041,-0.230316,0.342115,-0.176667,0.922889,0.3477,-0.14374,-0.091613,156.323461,-10.849096,-19.757555,-0.899232,-0.436114,0.026502,0.394296,-0.836131,-0.380718,0.188223,-0.331995,0.924301,0.417909,-0.18158,-0.121304,157.63835,-49.280692,130.01478,-0.602395,0.781186,-0.159989,0.247818,0.374551,0.893197,0.757915,0.498962,-0.418898
0.272467,0.151023,-0.095966,174.472899,-22.703643,144.871984,-0.917643,0.299737,-0.258866,0.088797,0.792842,0.602827,0.385965,0.530511,-0.754057,0.344239,0.132941,-0.091167,-138.59118,-0.547111,-136.369929,-0.749811,-0.483624,0.451059,-0.661253,0.538648,-0.522004,0.009549,-0.68982,-0.723621,0.420812,0.168548,-0.119183,-140.243619,-56.316042,-111.226463,-0.425829,-0.828018,0.3637,-0.354238,-0.216838,-0.909303,0.832109,-0.516433,-0.200586,0.277937,-0.169859,-0.096859,172.490833,-19.992407,-10.852073,-0.93135,-0.192133,0.3083,0.122766,-0.96496,-0.230535,0.341896,-0.176926,0.922919,0.3477,-0.14374,-0.091613,156.325892,-10.862719,-19.755186,-0.899232,-0.436159,0.026735,0.394251,-0.836159,-0.380771,0.188456,-0.331942,0.924273,0.418021,-0.18158,-0.121193,157.643649,-49.260044,130.044331,-0.602931,0.780977,-0.160135,0.247973,0.374933,0.893074,0.757679,0.499146,-0.419492
0.272355,0.151023,-0.095966,174.488047,-22.711558,144.880857,-0.917494,0.299542,-0.259193,0.088538,0.793042,0.602582,0.386092,0.530301,-0.754007,0.344239,0.132941,-0.091167,-138.582075,-0.551995,-136.37501,-0.749811,-0.483836,0.451145,-0.661465,0.538487,-0.521973,0.009634,-0.689851,-0.723782,0.4207,0.168659,-0.119407,-140.153167,-56.361499,-111.320501,-0.424953,-0.828526,0.363946,-0.354646,-0.217225,-0.909181,0.832549,-0.515682,-0.201269,0.277937,-0.169859,-0.096859,172.460659,-20.008854,-10.832089,-0.931299,-0.192595,0.308507,0.123258,-0.965041,-0.230397,0.342165,-0.176586,0.922889,0.3477,-0.143852,-0.091613,156.312976,-10.875904,-19.737447,-0.899141,-0.436424,0.026977,0.394453,-0.836186,-0.380605,0.188682,-0.331642,0.924337,0.418133,-0.18158,-0.121193,157.645794,-49.243291,130.040012,-0.602712,0.780716,-0.160326,0.247857,0.375315,0.892813,0.757489,0.49903,-0.41933
0.272467,0.151023,-0.095966,174.472899,-22.703643,144.871984,-0.917643,0.299737,-0.258866,0.088797,0.792842,0.602827,0.385965,0.530511,-0.754057,0.344128,0.132941,-0.091167,-138.582075,-0.551995,-136.37501,-0.749811,-0.483836,0.451145,-0.661465,0.538487,-0.521973,0.009634,-0.689851,-0.723782,0.420588,0.168659,-0.119407,-140.095235,-56.364232,-111.371932,-0.42466,-0.828621,0.364262,-0.355131,-0.217418,-0.909011,0.832576,-0.515563,-0.201756,0.277937,-0.169859,-0.096859,172.460659,-20.008854,-10.832089,-0.931299,-0.192595,0.308507,0.123258,-0.965041,-0.230397,0.342165,-0.176586,0.922889,0.3477,-0.14374,-0.091613,156.323461,-10.849096,-19.757555,-0.899232,-0.436114,0.026502,0.394296,-0.836131,-0.380718,0.188223,-0.331995,0.924301,0.418133,-0.181691,-0.121304,157.617927,-49.272796,130.055397,-0.602334,0.781122,-0.160223,0.248044,0.37499,0.892929,0.757825,0.498694,-0.419276
0.272467,0.151023,-0.095855,174.472899,-22.703643,144.871984,-0.917643,0.299737,-0.258866,0.088797,0.792842,0.602827,0.385965,0.530511,-0.754057,0.344128,0.133052,-0.091167,-138.560368,-0.558658,-136.366875,-0.749388,-0.483967,0.451199,-0.661596,0.538326,-0.521856,0.00975,-0.689797,-0.72352,0.420477,0.168659,-0.119518,-140.108943,-56.371843,-111.344062,-0.424663,-0.828547,0.364432,-0.354961,-0.217711,-0.909009,0.832649,-0.515561,-0.201466,0.277937,-0.169859,-0.096859,172.475083,-20.007304,-10.834523,-0.931299,-0.192357,0.308533,0.12302,-0.965041,-0.230357,0.34214,-0.176627,0.922889,0.3477,-0.14374,-0.091501,156.335942,-10.846442,-19.758307,-0.899232,-0.43588,0.026547,0.394063,-0.836131,-0.380705,0.188177,-0.332009,0.924301,0.418133,-0.181468,-0.121304,157.71579,-49.253932,130.023409,-0.60309,0.780449,-0.161106,0.247151,0.375801,0.892868,0.75761,0.499194,-0.419222
0.272467,0.151023,-0.095855,174.477497,-22.717755,144.873279,-0.917643,0.299811,-0.259093,0.088723,0.792842,0.602852,0.386192,0.530486,-0.754057,0.344128,0.132941,-0.091278,-138.587067,-0.58728,-136.3509,-0.749729,-0.483864,0.450851,-0.661276,0.538146,-0.522472,0.01025,-0.690028,-0.723359,0.420477,0.168659,-0.119518,-140.095235,-56.364232,-111.371932,-0.42466,-0.828621,0.364262,-0.355131,-0.217418,-0.909011,0.832576,-0.515563,-0.201756,0.277937,-0.169859,-0.096859,172.477947,-20.008505,-10.849393,-0.93135,-0.192397,0.308513,0.122979,-0.965041,-0.230595,0.34216,-0.176865,0.922838,0.3477,-0.14374,-0.091501,156.333512,-10.832819,-19.760674,-0.899232,-0.435835,0.026314,0.394108,-0.836104,-0.380652,0.187944,-0.332062,0.924328,0.418021,-0.181691,-0.121527,157.660083,-49.312961,130.054149,-0.602334,0.781263,-0.1609,0.247526,0.375152,0.8931,0.758282,0.498523,-0.419114
0.272467,0.151023,-0.095855,174.463442,-22.722372,144.877253,-0.917643,0.300039,-0.259018,0.08895,0.792791,0.602894,0.386266,0.530444,-0.754108,0.344239,0.132941,-0.091167,-138.578267,-0.570527,-136.356344,-0.749558,-0.483809,0.450982,-0.66133,0.538316,-0.52218,0.009957,-0.689897,-0.723359,0.420477,0.168771,-0.119518,-140.06252,-56.359419,-111.370222,-0.42437,-0.828498,0.364602,-0.3553,-0.217662,-0.90879,0.832529,-0.51549,-0.201709,0.277937,-0.169859,-0.096859,172.477947,-20.008505,-10.849393,-0.93135,-0.192397,0.308513,0.122979,-0.965041,-0.230595,0.34216,-0.176865,0.922838,0.347588,-0.14374,-0.091501,156.351289,-10.846877,-19.773675,-0.899323,-0.43566,0.02654,0.393815,-0.836131,-0.380925,0.188185,-0.332256,0.92421,0.418021,-0.181691,-0.121416,157.64827,-49.286116,130.064198,-0.602712,0.781124,-0.160594,0.247826,0.375152,0.893048,0.757976,0.498795,-0.419492
0.272467,0.151023,-0.095966,174.482095,-22.731869,144.874574,-0.917643,0.299886,-0.25932,0.088648,0.792842,0.602877,0.386419,0.530461,-0.754057,0.344239,0.132829,-0.091278,-138.607303,-0.588142,-136.371162,-0.749982,-0.483849,0.450504,-0.661028,0.538478,-0.522457,0.010265,-0.68979,-0.723621,0.420477,0.168659,-0.119518,-140.108943,-56.371843,-111.344062,-0.424663,-0.828547,0.364432,-0.354961,-0.217711,-0.909009,0.832649,-0.515561,-0.201466,0.277937,-0.169859,-0.096859,172.480811,-20.009706,-10.864265,-0.931401,-0.192438,0.308493,0.122939,-0.965041,-0.230834,0.342179,-0.177104,0.922787,0.347588,-0.14374,-0.091501,156.328757,-10.865811,-19.769803,-0.899323,-0.436173,0.026682,0.394237,-0.836159,-0.381005,0.188509,-0.332176,0.924182,0.418133,-0.181691,-0.121304,157.676122,-49.256604,130.048824,-0.60309,0.780718,-0.160697,0.247639,0.375477,0.892931,0.75764,0.499131,-0.419546
0.272467,0.151023,-0.095966,174.46804,-22.736486,144.87855,-0.917643,0.300113,-0.259246,0.088876,0.792791,0.60292,0.386493,0.530418,-0.754108,0.344239,0.132829,-0.091278,-138.601861,-0.605167,-136.379588,-0.749982,-0.484146,0.450378,-0.661155,0.538316,-0.522507,0.010562,-0.68974,-0.723782,0.420477,0.168548,-0.11963,-140.120582,-56.404227,-111.363296,-0.42437,-0.828939,0.363876,-0.354569,-0.217418,-0.909229,0.832962,-0.515051,-0.201466,0.277937,-0.169748,-0.096859,172.482133,-19.996361,-10.879381,-0.931452,-0.192453,0.308235,0.122923,-0.96496,-0.231053,0.34196,-0.177362,0.922817,0.347588,-0.14374,-0.091501,156.319146,-10.871559,-19.783667,-0.899414,-0.43642,0.026584,0.394457,-0.836159,-0.381252,0.188608,-0.332396,0.924091,0.418133,-0.18158,-0.121416,157.692234,-49.27396,130.023487,-0.602931,0.780819,-0.160733,0.247376,0.375257,0.893092,0.757838,0.499129,-0.419168
0.272355,0.151023,-0.095966,174.471495,-22.747969,144.867374,-0.917188,0.300162,-0.25943,0.088776,0.792791,0.602871,0.386678,0.530318,-0.753654,0.344239,0.132829,-0.09139,-138.618303,-0.62456,-136.381185,-0.749982,-0.484104,0.449869,-0.660772,0.538478,-0.522699,0.0109,-0.689548,-0.723621,0.420477,0.168548,-0.11963,-140.143877,-56.416834,-111.35783,-0.424663,-0.828987,0.363998,-0.354521,-0.217711,-0.909374,0.833084,-0.515196,-0.201466,0.277937,-0.169748,-0.096859,172.499419,-19.996005,-10.896685,-0.931503,-0.192255,0.308241,0.122644,-0.96496,-0.231251,0.341955,-0.177641,0.922766,0.347588,-0.14374,-0.091501,156.331624,-10.868902,-19.784421,-0.899414,-0.436186,0.02663,0.394223,-0.836159,-0.381238,0.188562,-0.33241,0.924091,0.418244,-0.18158,-0.121304,157.654717,-49.259882,130.044598,-0.602712,0.780826,-0.160515,0.247747,0.375315,0.892894,0.757678,0.498949,-0.41933
0.272355,0.151023,-0.095966,174.475008,-22.749554,144.855824,-0.917337,0.300204,-0.259405,0.088733,0.792643,0.603098,0.386704,0.530546,-0.753654,0.344239,0.132829,-0.09139,-138.609738,-0.647609,-136.428845,-0.750065,-0.484841,0.449485,-0.661044,0.538496,-0.52246,0.011303,-0.68911,-0.724367,0.420588,0.168548,-0.11963,-140.097275,-56.391623,-111.368764,-0.424077,-0.828891,0.363754,-0.354618,-0.217125,-0.909084,0.83284,-0.514906,-0.201466,0.277937,-0.169748,-0.096859,172.48654,-20.012108,-10.89401,-0.931503,-0.192519,0.308454,0.122857,-0.965041,-0.231311,0.342219,-0.177581,0.922685,0.347588,-0.14374,-0.091501,156.323947,-10.85757,-19.798905,-0.899038,-0.436102,0.026329,0.394202,-0.835664,-0.381373,0.188368,-0.33265,0.924028,0.418244,-0.181803,-0.121416,157.667937,-49.267002,130.03391,-0.602931,0.780898,-0.160434,0.247674,0.375095,0.893083,0.757759,0.499138,-0.41933
0.272355,0.151023,-0.095966,174.475008,-22.749554,144.855824,-0.917337,0.300204,-0.259405,0.088733,0.792643,0.603098,0.386704,0.530546,-0.753654,0.344239,0.132829,-0.09139,-138.615185,-0.630586,-136.420414,-0.750065,-0.484544,0.449612,-0.660918,0.538657,-0.52241,0.011006,-0.68916,-0.724206,0.420477,0.168659,-0.119742,-140.053013,-56.401961,-111.392386,-0.423787,-0.828912,0.36424,-0.354932,-0.217612,-0.908913,0.83294,-0.514785,-0.201663,0.277937,-0.169748,-0.096859,172.502281,-19.997204,-10.911557,-0.931554,-0.192296,0.308221,0.122604,-0.96496,-0.231489,0.341974,-0.17788,0.922715,0.347588,-0.14374,-0.091501,156.323947,-10.85757,-19.798905,-0.899038,-0.436102,0.026329,0.394202,-0.835664,-0.381373,0.188368,-0.33265,0.924028,0.418244,-0.181803,-0.121527,157.630481,-49.326646,130.035038,-0.601798,0.781551,-0.160454,0.247669,0.374608,0.893214,0.758438,0.498348,-0.418683
0.272355,0.151023,-0.095966,174.475008,-22.749554,144.855824,-0.917337,0.300204,-0.259405,0.088733,0.792643,0.603098,0.386704,0.530546,-0.753654,0.344239,0.132829,-0.09139,-138.622514,-0.654868,-136.427104,-0.750065,-0.484714,0.449188,-0.660747,0.538657,-0.522571,0.011429,-0.688999,-0.724206,0.420365,0.168771,-0.119742,-140.043597,-56.409755,-111.385226,-0.42379,-0.828837,0.364702,-0.355053,-0.218149,-0.908837,0.833015,-0.514857,-0.201617,0.277937,-0.169748,-0.096859,172.506457,-19.985058,-10.941542,-0.931656,-0.192351,0.307943,0.122548,-0.964879,-0.231947,0.341775,-0.178377,0.922694,0.347588,-0.14374,-0.091501,156.329253,-10.874284,-19.811158,-0.899129,-0.436161,0.02651,0.394143,-0.835692,-0.38166,0.188655,-0.332831,0.923909,0.418133,-0.181914,-0.121527,157.595121,-49.319871,130.045237,-0.602017,0.781781,-0.159776,0.248194,0.374064,0.893386,0.75836,0.498554,-0.419008
0.272467,0.151023,-0.095966,174.469066,-22.769877,144.849556,-0.917486,0.300548,-0.259532,0.088844,0.792443,0.603393,0.387031,0.530705,-0.753705,0.344239,0.132829,-0.09139,-138.631313,-0.671624,-136.42165,-0.750235,-0.484769,0.449057,-0.660693,0.538487,-0.522864,0.011722,-0.68913,-0.724206,0.420477,0.168771,-0.119742,-140.018244,-56.387136,-111.408498,-0.423787,-0.828764,0.364676,-0.35537,-0.217856,-0.908717,0.832797,-0.514981,-0.201907,0.278048,-0.169748,-0.096859,172.512179,-19.987456,-10.97129,-0.931759,-0.192433,0.307904,0.122467,-0.964879,-0.232424,0.341814,-0.178854,0.922591,0.347588,-0.14374,-0.091501,156.332124,-10.877376,-19.825779,-0.899221,-0.436175,0.026457,0.394129,-0.835692,-0.381893,0.188708,-0.333064,0.923818,0.418021,-0.182026,-0.121639,157.532512,-49.34555,130.067244,-0.601042,0.782223,-0.159572,0.24856,0.373796,0.893276,0.758653,0.497847,-0.41874
0.272355,0.151023,-0.095966,174.472529,-22.781357,144.838371,-0.917031,0.300597,-0.259717,0.088744,0.792443,0.603344,0.387216,0.530605,-0.753251,0.344239,0.132829,-0.09139,-138.625866,-0.688649,-136.430085,-0.750235,-0.485066,0.44893,-0.66082,0.538326,-0.522913,0.012019,-0.689081,-0.724367,0.420365,0.168883,-0.119742,-139.974015,-56.397484,-111.432143,-0.423497,-0.828785,0.365162,-0.355684,-0.218343,-0.908545,0.832897,-0.51486,-0.202105,0.278048,-0.169748,-0.096859,172.532322,-19.988285,-11.00347,-0.931862,-0.192275,0.307891,0.122147,-0.964879,-0.23286,0.341828,-0.179372,0.922488,0.347588,-0.14374,-0.091501,156.320079,-10.869508,-19.842014,-0.899312,-0.436376,0.026125,0.394394,-0.835664,-0.382088,0.188573,-0.333337,0.923754,0.418133,-0.182026,-0.121416,157.502566,-49.31811,130.106906,-0.601798,0.782245,-0.15904,0.249241,0.373633,0.893324,0.75834,0.498238,-0.419658
0.272355,0.151023,-0.095966,174.48659,-22.776735,144.834385,-0.917031,0.30037,-0.259791,0.088517,0.792494,0.603302,0.387141,0.530647,-0.7532,0.344239,0.132829,-0.09139,-138.625866,-0.688649,-136.430085,-0.750235,-0.485066,0.44893,-0.66082,0.538326,-0.522913,0.012019,-0.689081,-0.724367,0.420477,0.168659,-0.119742,-140.004539,-56.379512,-111.43637,-0.423784,-0.828838,0.364506,-0.35554,-0.217563,-0.908719,0.832723,-0.514982,-0.202197,0.278048,-0.169748,-0.096859,172.519469,-19.975237,-11.029483,-0.931488,-0.192549,0.307546,0.122311,-0.96432,-0.233333,0.341614,-0.179802,0.922466,0.3477,-0.14374,-0.091613,156.320159,-10.888517,-19.866387,-0.899028,-0.436396,0.026238,0.394268,-0.835225,-0.382562,0.188899,-0.333705,0.923544,0.418021,-0.181914,-0.121527,157.521494,-49.345749,130.066998,-0.601262,0.782374,-0.159192,0.248787,0.373413,0.893456,0.758655,0.498045,-0.418903
0.272355,0.151023,-0.095966,174.491194,-22.790851,144.835682,-0.917031,0.300444,-0.260019,0.088442,0.792494,0.603328,0.387368,0.530622,-0.7532,0.344351,0.132829,-0.09139,-138.640115,-0.688381,-136.416198,-0.750406,-0.484823,0.448925,-0.660638,0.538316,-0.523156,0.012014,-0.689262,-0.724206,0.420477,0.168771,-0.119853,-139.985543,-56.429855,-111.451481,-0.423205,-0.829176,0.364606,-0.355293,-0.218051,-0.908766,0.833209,-0.514349,-0.202105,0.277937,-0.169748,-0.096859,172.523893,-19.990978,-11.044129,-0.931539,-0.192616,0.307765,0.122244,-0.964402,-0.233591,0.341872,-0.180021,0.922334,0.3477,-0.14374,-0.091501,156.315272,-10.861274,-19.871119,-0.899028,-0.436305,0.025771,0.39436,-0.83517,-0.382456,0.188432,-0.333812,0.923599,0.418021,-0.181803,-0.121639,157.513536,-49.391719,130.087399,-0.600664,0.782739,-0.159657,0.248637,0.37347,0.893474,0.759177,0.49743,-0.418688
0.272355,0.151023,-0.095966,174.473613,-22.793887,144.851219,-0.916883,0.300629,-0.25997,0.088712,0.792592,0.603143,0.387417,0.530352,-0.753251,0.344351,0.132829,-0.09139,-138.634669,-0.705408,-136.424633,-0.750406,-0.48512,0.448799,-0.660765,0.538155,-0.523206,0.012311,-0.689212,-0.724367,0.420365,0.168659,-0.119853,-139.976042,-56.455043,-111.45907,-0.422915,-0.829346,0.364656,-0.355169,-0.218294,-0.90879,0.833452,-0.514033,-0.202059,0.278048,-0.169748,-0.096859,172.526757,-19.992177,-11.059007,-0.931591,-0.192656,0.307746,0.122204,-0.964402,-0.233829,0.341892,-0.180259,0.922282,0.3477,-0.14374,-0.091501,156.30567,-10.867036,-19.884992,-0.899119,-0.436552,0.025673,0.39458,-0.83517,-0.382703,0.18853,-0.334031,0.923507,0.417909,-0.181914,-0.121862,157.468665,-49.450653,130.118851,-0.59969,0.783399,-0.159831,0.248784,0.373201,0.893528,0.759846,0.496559,-0.418421
0.272355,0.151023,-0.095966,174.464154,-22.812627,144.856509,-0.916883,0.30093,-0.260122,0.088865,0.79254,0.603211,0.387719,0.530284,-0.753302,0.344351,0.132941,-0.091501,-138.620305,-0.736332,-136.423221,-0.749982,-0.485422,0.44843,-0.660726,0.537994,-0.523251,0.012851,-0.688996,-0.724105,0.420365,0.168771,-0.119742,-139.913885,-56.377398,-111.486196,-0.423201,-0.828809,0.365162,-0.356193,-0.218001,-0.908328,0.832703,-0.51479,-0.202638,0.277937,-0.169748,-0.096859,172.513635,-19.980413,-11.071686,-0.931643,-0.19291,0.307461,0.122428,-0.96432,-0.234089,0.341699,-0.180477,0.922311,0.3477,-0.14374,-0.091501,156.315702,-10.850747,-19.888109,-0.899119,-0.436273,0.025485,0.394392,-0.835143,-0.382636,0.188251,-0.334098,0.923534,0.418021,-0.181914,-0.121862,157.473056,-49.441198,130.103491,-0.599909,0.783362,-0.159561,0.248821,0.372982,0.893635,0.759739,0.49683,-0.418421
0.272467,0.151023,-0.095966,174.464154,-22.812627,144.856509,-0.916883,0.30093,-0.260122,0.088865,0.79254,0.603211,0.387719,0.530284,-0.753302,0.344351,0.132829,-0.091501,-138.642004,-0.729691,-136.431325,-0.750406,-0.485291,0.448375,-0.660594,0.538155,-0.523367,0.012735,-0.689051,-0.724367,0.420365,0.168659,-0.119853,-139.927444,-56.402397,-111.473075,-0.422912,-0.82898,0.36492,-0.355779,-0.218001,-0.908426,0.832944,-0.5144,-0.202348,0.277937,-0.169748,-0.096859,172.519362,-19.982815,-11.101443,-0.931746,-0.192991,0.307422,0.122346,-0.96432,-0.234566,0.341738,-0.180954,0.922208,0.3477,-0.14374,-0.09139,156.313257,-10.837128,-19.890476,-0.899119,-0.436227,0.025252,0.394438,-0.835116,-0.382583,0.188018,-0.334151,0.923562,0.418021,-0.181803,-0.121639,157.485612,-49.421288,130.102984,-0.600287,0.783145,-0.159554,0.248824,0.373145,0.893591,0.759513,0.497093,-0.418636
0.272467,0.151023,-0.095966,174.479298,-22.820537,144.865371,-0.916734,0.300735,-0.26045,0.088606,0.79274,0.602967,0.387846,0.530074,-0.753251,0.344351,0.132829,-0.09139,-138.656568,-0.707778,-136.417795,-0.750406,-0.484782,0.448416,-0.660256,0.538478,-0.523348,0.012353,-0.68907,-0.724045,0.420253,0.168548,-0.119853,-139.894651,-56.445106,-111.516192,-0.422329,-0.829392,0.36485,-0.355702,-0.218196,-0.908475,0.833357,-0.513769,-0.202547,0.277937,-0.169748,-0.096748,172.522225,-19.984016,-11.116323,-0.931798,-0.193031,0.307402,0.122306,-0.96432,-0.234804,0.341758,-0.181193,0.922156,0.3477,-0.14374,-0.091501,156.318576,-10.85384,-19.902733,-0.899211,-0.436286,0.025432,0.394378,-0.835143,-0.38287,0.188304,-0.334331,0.923443,0.418021,-0.181914,-0.121639,157.441534,-49.433446,130.143926,-0.600067,0.78345,-0.159416,0.249274,0.373038,0.893547,0.759651,0.496759,-0.418962
0.272355,0.151023,-0.095966,174.4839,-22.834658,144.86667,-0.916734,0.300809,-0.260677,0.088531,0.79274,0.602992,0.388073,0.530048,-0.753251,0.344463,0.132717,-0.09139,-138.676484,-0.730307,-136.437685,-0.750829,-0.485033,0.448023,-0.660166,0.538478,-0.523594,0.012746,-0.688994,-0.724469,0.420365,0.168436,-0.119965,-139.939056,-56.464958,-111.522476,-0.422619,-0.829662,0.364365,-0.355386,-0.217953,-0.908817,0.833548,-0.513719,-0.202592,0.277937,-0.169748,-0.096748,172.523516,-19.970675,-11.131429,-0.93185,-0.193046,0.307144,0.122291,-0.964239,-0.235023,0.341539,-0.181451,0.922185,0.3477,-0.14374,-0.091501,156.303655,-10.842891,-19.904353,-0.899211,-0.436474,0.025153,0.394657,-0.835116,-0.38283,0.188117,-0.334371,0.92347,0.417909,-0.181914,-0.121862,157.394072,-49.449444,130.151113,-0.599093,0.783701,-0.159322,0.249451,0.372931,0.893365,0.759833,0.496125,-0.418533
0.272355,0.151023,-0.095966,174.487424,-22.836246,144.855116,-0.916883,0.300852,-0.260651,0.088489,0.792592,0.603219,0.388099,0.530276,-0.753251,0.344351,0.132829,-0.09139,-138.651642,-0.742986,-136.468818,-0.750488,-0.485603,0.447821,-0.660443,0.538496,-0.52319,0.012967,-0.688551,-0.724791,0.420365,0.168548,-0.119853,-139.917895,-56.475134,-111.525478,-0.422329,-0.829685,0.36456,-0.355409,-0.218196,-0.908719,0.833646,-0.513525,-0.202547,0.277937,-0.169636,-0.096748,172.537935,-19.969089,-11.133852,-0.93185,-0.192807,0.30717,0.122053,-0.964239,-0.234983,0.341513,-0.181491,0.922185,0.347588,-0.14374,-0.091501,156.318576,-10.85384,-19.902733,-0.899211,-0.436286,0.025432,0.394378,-0.835143,-0.38287,0.188304,-0.334331,0.923443,0.418021,-0.181803,-0.121751,157.430994,-49.436505,130.140076,-0.59947,0.783405,-0.159614,0.249155,0.373258,0.89333,0.759686,0.496379,-0.418584
0.272355,0.151023,-0.095966,174.488503,-22.84878,144.86797,-0.916734,0.300884,-0.260904,0.088457,0.79274,0.603018,0.3883,0.530023,-0.753251,0.344351,0.132829,-0.09139,-138.651642,-0.742986,-136.468818,-0.750488,-0.485603,0.447821,-0.660443,0.538496,-0.52319,0.012967,-0.688551,-0.724791,0.420477,0.168548,-0.119965,-139.931495,-56.500166,-111.512377,-0.42204,-0.829856,0.364319,-0.354994,-0.218196,-0.908816,0.833887,-0.513134,-0.202257,0.278048,-0.169636,-0.096748,172.539222,-19.955748,-11.148954,-0.931902,-0.192822,0.306912,0.122038,-0.964158,-0.235201,0.341294,-0.18175,0.922214,0.3477,-0.143628,-0.091501,156.318576,-10.85384,-19.902733,-0.899211,-0.436286,0.025432,0.394378,-0.835143,-0.38287,0.188304,-0.334331,0.923443,0.418021,-0.182026,-0.121639,157.366989,-49.432238,130.17617,-0.59947,0.783752,-0.158907,0.249941,0.372768,0.893384,0.759637,0.496325,-0.419073
0.272355,0.151023,-0.095966,174.488503,-22.84878,144.86797,-0.916734,0.300884,-0.260904,0.088457,0.79274,0.603018,0.3883,0.530023,-0.753251,0.344351,0.132829,-0.09139,-138.655308,-0.755129,-136.472166,-0.750488,-0.485688,0.447609,-0.660358,0.538496,-0.52327,0.013179,-0.68847,-0.724791,0.420477,0.168548,-0.119965,-139.922112,-56.507986,-111.505238,-0.422043,-0.829781,0.36478,-0.355115,-0.218733,-0.908741,0.833963,-0.513206,-0.202212,0.277937,-0.169636,-0.096748,172.542082,-19.956946,-11.163834,-0.931955,-0.192862,0.306892,0.121998,-0.964158,-0.23544,0.341314,-0.181988,0.922162,0.347588,-0.14374,-0.091501,156.308547,-10.870131,-19.899617,-0.899211,-0.436566,0.02562,0.394566,-0.83517,-0.382936,0.188584,-0.334265,0.923416,0.417909,-0.181803,-0.121639,157.375182,-49.421777,130.190991,-0.599628,0.783573,-0.159171,0.249906,0.373151,0.893233,0.759519,0.496318,-0.419288
0.272355,0.151023,-0.095966,174.488503,-22.84878,144.86797,-0.916734,0.300884,-0.260904,0.088457,0.79274,0.603018,0.3883,0.530023,-0.753251,0.344351,0.132829,-0.09139,-138.635082,-0.754239,-136.451916,-0.750235,-0.485704,0.447956,-0.660605,0.538165,-0.523286,0.013164,-0.688708,-0.724528,0.420365,0.168548,-0.119965,-139.840619,-56.498018,-111.56247,-0.421458,-0.829827,0.364974,-0.355647,-0.218636,-0.908426,0.833867,-0.512942,-0.2027,0.278048,-0.169636,-0.096748,172.55936,-19.956554,-11.181136,-0.932007,-0.192664,0.306899,0.121719,-0.964158,-0.235638,0.341308,-0.182267,0.922109,0.3477,-0.143628,-0.091501,156.321451,-10.856933,-19.917359,-0.899302,-0.4363,0.025379,0.394365,-0.835143,-0.383103,0.188357,-0.334565,0.923351,0.417909,-0.182026,-0.121527,157.333762,-49.408648,130.182005,-0.59947,0.783722,-0.15842,0.250349,0.372605,0.893294,0.75937,0.496416,-0.419237
0.272355,0.151023,-0.095966,174.493105,-22.862904,144.869269,-0.916734,0.300958,-0.261131,0.088383,0.79274,0.603043,0.388527,0.529997,-0.753251,0.344351,0.132829,-0.09139,-138.658974,-0.767272,-136.475515,-0.750488,-0.485773,0.447397,-0.660273,0.538496,-0.523351,0.013391,-0.68839,-0.724791,0.420365,0.168771,-0.120076,-139.777007,-56.52857,-111.57169,-0.42059,-0.829895,0.365558,-0.355715,-0.219368,-0.908132,0.834161,-0.512358,-0.202564,0.277937,-0.169636,-0.096859,172.561222,-19.969822,-11.194239,-0.931582,-0.192711,0.307077,0.121633,-0.963762,-0.23587,0.341525,-0.18246,0.921976,0.3477,-0.14374,-0.091501,156.30653,-10.845986,-19.918979,-0.899302,-0.436488,0.0251,0.394644,-0.835116,-0.383064,0.18817,-0.334604,0.923379,0.417909,-0.182138,-0.121527,157.296842,-49.42159,130.193068,-0.599093,0.784018,-0.158128,0.250645,0.372278,0.893329,0.759516,0.496161,-0.419186
0.272355,0.151023,-0.095966,174.488503,-22.84878,144.86797,-0.916734,0.300884,-0.260904,0.088457,0.79274,0.603018,0.3883,0.530023,-0.753251,0.344463,0.132717,-0.091501,-138.679203,-0.76817,-136.495769,-0.750742,-0.485758,0.44705,-0.660026,0.538828,-0.523335,0.013407,-0.688152,-0.725054,0.420365,0.168771,-0.120076,-139.788632,-56.543599,-111.576362,-0.42059,-0.830041,0.365413,-0.355569,-0.219368,-0.908254,0.834306,-0.512236,-0.202564,0.278048,-0.169636,-0.096748,172.576638,-19.956158,-11.198439,-0.932059,-0.192466,0.306905,0.12144,-0.964158,-0.235836,0.341301,-0.182546,0.922057,0.3477,-0.14374,-0.091501,156.304083,-10.832366,-19.921348,-0.899302,-0.436442,0.024866,0.39469,-0.835088,-0.383011,0.187936,-0.334657,0.923406,0.418021,-0.182026,-0.121416,157.300552,-49.385069,130.187834,-0.59947,0.783691,-0.157933,0.250757,0.372442,0.893203,0.759102,0.496507,-0.4194
0.272355,0.151023,-0.095966,174.488503,-22.84878,144.86797,-0.916734,0.300884,-0.260904,0.088457,0.79274,0.603018,0.3883,0.530023,-0.753251,0.344351,0.132829,-0.09139,-138.650171,-0.750511,-136.480974,-0.750318,-0.485719,0.447528,-0.660328,0.538667,-0.523058,0.013099,-0.688259,-0.724791,0.420477,0.168659,-0.119742,-139.809931,-56.485829,-111.528311,-0.421172,-0.829483,0.365628,-0.355792,-0.219173,-0.908082,0.833749,-0.51299,-0.202365,0.278048,-0.169636,-0.096748,172.5722,-19.940424,-11.183773,-0.932007,-0.1924,0.306686,0.121506,-0.964077,-0.235578,0.341043,-0.182327,0.92219,0.3477,-0.14374,-0.091501,156.306957,-10.835461,-19.935973,-0.899394,-0.436456,0.024813,0.394676,-0.835088,-0.383244,0.187989,-0.334891,0.923314,0.418133,-0.182138,-0.121416,157.276277,-49.37811,130.198304,-0.59947,0.78377,-0.157634,0.251056,0.372278,0.893194,0.759023,0.496516,-0.419563
0.272355,0.151023,-0.095855,174.474437,-22.853402,144.871966,-0.916734,0.301111,-0.26083,0.088684,0.792689,0.60306,0.388375,0.52998,-0.753302,0.344351,0.132717,-0.09139,-138.675862,-0.734385,-136.492796,-0.750572,-0.485406,0.447308,-0.659954,0.539159,-0.522993,0.012817,-0.688071,-0.724893,0.420477,0.168659,-0.119853,-139.798449,-56.501022,-111.55375,-0.421172,-0.829628,0.365774,-0.355937,-0.219417,-0.90813,0.833896,-0.512942,-0.202609,0.278048,-0.169636,-0.096748,172.5722,-19.940424,-11.183773,-0.932007,-0.1924,0.306686,0.121506,-0.964077,-0.235578,0.341043,-0.182327,0.92219,0.347588,-0.14374,-0.091501,156.281471,-10.810108,-19.937458,-0.898927,-0.436544,0.024287,0.394948,-0.834567,-0.383106,0.187555,-0.334938,0.923368,0.418133,-0.182026,-0.121304,157.335443,-49.388969,130.181171,-0.600067,0.783656,-0.158033,0.250578,0.372386,0.893429,0.759146,0.496877,-0.419614
0.272355,0.151023,-0.095855,174.482568,-22.869116,144.861711,-0.916883,0.301228,-0.261031,0.088567,0.79254,0.603313,0.388627,0.530182,-0.753302,0.344351,0.132717,-0.09139,-138.675862,-0.734385,-136.492796,-0.750572,-0.485406,0.447308,-0.659954,0.539159,-0.522993,0.012817,-0.688071,-0.724893,0.420477,0.168659,-0.119742,-139.796319,-56.508372,-111.586306,-0.421168,-0.829848,0.365459,-0.355961,-0.219124,-0.908254,0.833966,-0.512821,-0.202899,0.278048,-0.169636,-0.096748,172.575058,-19.941619,-11.198653,-0.932059,-0.19244,0.306667,0.121466,-0.964077,-0.235816,0.341062,-0.182566,0.922138,0.347588,-0.14374,-0.091501,156.266553,-10.799166,-19.939091,-0.898927,-0.436732,0.024008,0.395227,-0.83454,-0.383066,0.187367,-0.334977,0.923395,0.418244,-0.182138,-0.121193,157.322015,-49.346318,130.156532,-0.600287,0.783399,-0.157385,0.250834,0.372166,0.893373,0.758661,0.497311,-0.419614
0.272355,0.151023,-0.095966,174.481433,-22.866466,144.849225,-0.916428,0.301202,-0.260988,0.088542,0.79254,0.603239,0.388585,0.530107,-0.752848,0.344351,0.132717,-0.091501,-138.666739,-0.739264,-136.497883,-0.750572,-0.485618,0.447393,-0.660166,0.538998,-0.522962,0.012902,-0.688101,-0.725054,0.420477,0.168659,-0.119742,-139.782582,-56.500702,-111.614196,-0.421165,-0.829922,0.365289,-0.356131,-0.218832,-0.908256,0.833893,-0.512823,-0.203188,0.277937,-0.169636,-0.096748,172.575058,-19.941619,-11.198653,-0.932059,-0.19244,0.306667,0.121466,-0.964077,-0.235816,0.341062,-0.182566,0.922138,0.347476,-0.143852,-0.09139,156.254085,-10.801839,-19.938352,-0.898927,-0.436965,0.023962,0.395461,-0.83454,-0.38308,0.187413,-0.334964,0.923395,0.418133,-0.182138,-0.121304,157.294057,-49.375876,130.172194,-0.599909,0.783805,-0.157282,0.251021,0.371839,0.893489,0.758997,0.496975,-0.419563
0.272355,0.151023,-0.095855,174.476828,-22.852344,144.847924,-0.916428,0.301128,-0.260761,0.088616,0.79254,0.603213,0.388358,0.530133,-0.752848,0.344351,0.132717,-0.09139,-138.668205,-0.731735,-136.485724,-0.750742,-0.485502,0.447685,-0.660281,0.538828,-0.523093,0.012771,-0.688394,-0.725054,0.420477,0.168548,-0.11963,-139.803786,-56.490523,-111.611123,-0.421454,-0.829899,0.365094,-0.356109,-0.218587,-0.908354,0.833795,-0.513018,-0.203233,0.277937,-0.169636,-0.096748,172.576334,-19.928276,-11.213748,-0.932111,-0.192454,0.306409,0.121452,-0.963996,-0.236035,0.340844,-0.182824,0.922167,0.347476,-0.14374,-0.09139,156.266553,-10.799166,-19.939091,-0.898927,-0.436732,0.024008,0.395227,-0.83454,-0.383066,0.187367,-0.334977,0.923395,0.418244,-0.182249,-0.121193,157.27179,-49.352081,130.178279,-0.59969,0.783623,-0.157175,0.251203,0.372059,0.893219,0.758727,0.496868,-0.419563
