Sensor #1 X,Sensor #1 Y,Sensor #1 Z,"Sensor #1 Euler Angles (Z Y'X"") Z","Sensor #1 Euler Angles (Z Y'X"") Y'","Sensor #1 Euler Angles (Z Y'X"") X""","Sensor #1 Rotation Matrix M0,0","Sensor #1 Rotation Matrix M0,1","Sensor #1 Rotation Matrix M0,2","Sensor #1 Rotation Matrix M1,0","Sensor #1 Rotation Matrix M1,1","Sensor #1 Rotation Matrix M1,2","Sensor #1 Rotation Matrix M2,0","Sensor #1 Rotation Matrix M2,1","Sensor #1 Rotation Matrix M2,2",Sensor #2 X,Sensor #2 Y,Sensor #2 Z,"Sensor #2 Euler Angles (Z Y'X"") Z","Sensor #2 Euler Angles (Z Y'X"") Y'","Sensor #2 Euler Angles (Z Y'X"") X""","Sensor #2 Rotation Matrix M0,0","Sensor #2 Rotation Matrix M0,1","Sensor #2 Rotation Matrix M0,2","Sensor #2 Rotation Matrix M1,0","Sensor #2 Rotation Matrix M1,1","Sensor #2 Rotation Matrix M1,2","Sensor #2 Rotation Matrix M2,0","Sensor #2 Rotation Matrix M2,1","Sensor #2 Rotation Matrix M2,2",Sensor #3 X,Sensor #3 Y,Sensor #3 Z,"Sensor #3 Euler Angles (Z Y'X"") Z","Sensor #3 Euler Angles (Z Y'X"") Y'","Sensor #3 Euler Angles (Z Y'X"") X""","Sensor #3 Rotation Matrix M0,0","Sensor #3 Rotation Matrix M0,1","Sensor #3 Rotation Matrix M0,2","Sensor #3 Rotation Matrix M1,0","Sensor #3 Rotation Matrix M1,1","Sensor #3 Rotation Matrix M1,2","Sensor #3 Rotation Matrix M2,0","Sensor #3 Rotation Matrix M2,1","Sensor #3 Rotation Matrix M2,2",Sensor #4 X,Sensor #4 Y,Sensor #4 Z,"Sensor #4 Euler Angles (Z Y'X"") Z","Sensor #4 Euler Angles (Z Y'X"") Y'","Sensor #4 Euler Angles (Z Y'X"") X""","Sensor #4 Rotation Matrix M0,0","Sensor #4 Rotation Matrix M0,1","Sensor #4 Rotation Matrix M0,2","Sensor #4 Rotation Matrix M1,0","Sensor #4 Rotation Matrix M1,1","Sensor #4 Rotation Matrix M1,2","Sensor #4 Rotation Matrix M2,0","Sensor #4 Rotation Matrix M2,1","Sensor #4 Rotation Matrix M2,2",Sensor #5 X,Sensor #5 Y,Sensor #5 Z,"Sensor #5 Euler Angles (Z Y'X"") Z","Sensor #5 Euler Angles (Z Y'X"") Y'","Sensor #5 Euler Angles (Z Y'X"") X""","Sensor #5 Rotation Matrix M0,0","Sensor #5 Rotation Matrix M0,1","Sensor #5 Rotation Matrix M0,2","Sensor #5 Rotation Matrix M1,0","Sensor #5 Rotation Matrix M1,1","Sensor #5 Rotation Matrix M1,2","Sensor #5 Rotation Matrix M2,0","Sensor #5 Rotation Matrix M2,1","Sensor #5 Rotation Matrix M2,2",Sensor #6 X,Sensor #6 Y,Sensor #6 Z,"Sensor #6 Euler Angles (Z Y'X"") Z","Sensor #6 Euler Angles (Z Y'X"") Y'","Sensor #6 Euler Angles (Z Y'X"") X""","Sensor #6 Rotation Matrix M0,0","Sensor #6 Rotation Matrix M0,1","Sensor #6 Rotation Matrix M0,2","Sensor #6 Rotation Matrix M1,0","Sensor #6 Rotation Matrix M1,1","Sensor #6 Rotation Matrix M1,2","Sensor #6 Rotation Matrix M2,0","Sensor #6 Rotation Matrix M2,1","Sensor #6 Rotation Matrix M2,2"
0.251259,0.159172,-0.108579,179.409082,-18.926238,-139.973888,-0.945317,-0.20065,-0.255026,0.00975,0.768047,-0.640219,0.324351,-0.608042,-0.723966,0.301712,0.140977,-0.103668,-173.958117,8.090424,-105.310918,-0.984251,0.107182,0.138461,-0.104176,0.277124,-0.955057,-0.140736,-0.954725,-0.261379,0.380516,0.173794,-0.115723,-176.466378,-22.585075,-72.462138,-0.921392,-0.346952,0.174241,-0.056897,-0.323153,-0.944525,0.384055,-0.880335,0.278208,0.275927,-0.169301,-0.108691,-177.482719,-19.258959,-31.487687,-0.943074,-0.134666,0.303936,-0.041461,-0.859442,-0.509457,0.329838,-0.493082,0.805026,0.326157,-0.162492,-0.103333,161.15906,1.47513,0.772649,-0.945719,-0.32311,-0.020008,0.322703,-0.945835,0.021074,-0.025743,0.01348,0.999578,0.408756,-0.195197,-0.110477,164.179394,-17.185987,128.929024,-0.918567,0.392365,0.033219,0.260285,0.542246,0.798711,0.295474,0.74279,-0.599978
0.251259,0.159172,-0.108468,179.403599,-18.909101,-139.994885,-0.945606,-0.200316,-0.254932,0.009843,0.768236,-0.640024,0.324068,-0.607949,-0.724394,0.301712,0.140977,-0.103556,-173.958117,8.090424,-105.310918,-0.984251,0.107182,0.138461,-0.104176,0.277124,-0.955057,-0.140736,-0.954725,-0.261379,0.380516,0.173906,-0.115612,-176.442357,-22.56767,-72.463742,-0.921392,-0.346564,0.174522,-0.057285,-0.323153,-0.944439,0.383774,-0.88042,0.278208,0.276039,-0.16919,-0.108579,-177.46866,-19.255048,-31.489795,-0.943074,-0.134434,0.304001,-0.041692,-0.859442,-0.509416,0.329774,-0.493123,0.805026,0.326157,-0.162492,-0.103445,161.178871,1.47517,0.772934,-0.946201,-0.322909,-0.020013,0.322503,-0.946317,0.021073,-0.025744,0.013485,0.999578,0.408756,-0.195197,-0.110254,164.183877,-17.156652,128.912603,-0.918782,0.391954,0.033584,0.260269,0.542122,0.798815,0.294985,0.743113,-0.599887
0.251259,0.159172,-0.108468,179.42229,-18.900369,-139.997048,-0.945606,-0.20046,-0.254624,0.009535,0.768211,-0.64005,0.323924,-0.607923,-0.724419,0.301712,0.140977,-0.103556,-173.949667,8.101645,-105.310921,-0.984251,0.107328,0.138655,-0.104323,0.277124,-0.955057,-0.14093,-0.954724,-0.261379,0.380628,0.174017,-0.115612,-176.393192,-22.552305,-72.488415,-0.921285,-0.346143,0.175071,-0.058072,-0.322852,-0.944386,0.383527,-0.880581,0.277842,0.275927,-0.169301,-0.108691,-177.47721,-19.270557,-31.486625,-0.942611,-0.134725,0.304127,-0.041531,-0.85906,-0.509398,0.330029,-0.493012,0.804944,0.326157,-0.162492,-0.103333,161.178871,1.47517,0.772934,-0.946201,-0.322909,-0.020013,0.322503,-0.946317,0.021073,-0.025744,0.013485,0.999578,0.408756,-0.195309,-0.110254,164.154856,-17.168461,128.906596,-0.918355,0.392336,0.033817,0.26065,0.54194,0.798744,0.295182,0.742969,-0.599642
0.251259,0.159172,-0.108468,179.408576,-18.895393,-139.994303,-0.945606,-0.200234,-0.254706,0.009761,0.768236,-0.640012,0.323841,-0.607961,-0.724394,0.301712,0.141089,-0.103668,-173.938506,8.093151,-105.310569,-0.984251,0.107135,0.138801,-0.104517,0.277125,-0.955036,-0.140783,-0.954746,-0.261378,0.380628,0.174017,-0.115612,-176.4052,-22.561008,-72.487613,-0.921285,-0.346337,0.174931,-0.057878,-0.322852,-0.944429,0.383667,-0.880538,0.277842,0.275927,-0.169301,-0.108579,-177.489144,-19.274833,-31.500602,-0.94274,-0.134997,0.304057,-0.04134,-0.85906,-0.509671,0.3301,-0.493203,0.804815,0.326157,-0.162492,-0.103333,161.178871,1.47517,0.772934,-0.946201,-0.322909,-0.020013,0.322503,-0.946317,0.021073,-0.025744,0.013485,0.999578,0.40898,-0.195197,-0.110365,164.185826,-17.200428,128.906803,-0.918355,0.392445,0.033069,0.260114,0.542031,0.798862,0.295715,0.742851,-0.599551
0.251371,0.159172,-0.108468,179.408576,-18.895393,-139.994303,-0.945606,-0.200234,-0.254706,0.009761,0.768236,-0.640012,0.323841,-0.607961,-0.724394,0.301712,0.140977,-0.103556,-173.949667,8.101645,-105.310921,-0.984251,0.107328,0.138655,-0.104323,0.277124,-0.955057,-0.14093,-0.954724,-0.261379,0.380516,0.174017,-0.115723,-176.382265,-22.594343,-72.461184,-0.920724,-0.346672,0.175557,-0.058213,-0.323109,-0.944108,0.384204,-0.880083,0.278145,0.275927,-0.169301,-0.108691,-177.501075,-19.279113,-31.51458,-0.942868,-0.13527,0.303986,-0.041149,-0.85906,-0.509944,0.33017,-0.493394,0.804686,0.326157,-0.162492,-0.103333,161.159411,1.491222,0.784167,-0.945724,-0.323115,-0.020209,0.322698,-0.945841,0.021354,-0.026024,0.013681,0.999568,0.40898,-0.195197,-0.110254,164.167064,-17.192438,128.933966,-0.918567,0.392578,0.033326,0.260499,0.542155,0.798729,0.295582,0.742772,-0.600069
0.251371,0.159172,-0.108468,179.403599,-18.909101,-139.994885,-0.945606,-0.200316,-0.254932,0.009843,0.768236,-0.640024,0.324068,-0.607949,-0.724394,0.301712,0.141089,-0.103556,-173.945134,8.0807,-105.288198,-0.984157,0.107009,0.138586,-0.104392,0.276831,-0.955083,-0.140568,-0.954793,-0.26099,0.380516,0.174017,-0.115723,-176.388954,-22.565624,-72.475483,-0.921392,-0.346263,0.17533,-0.058147,-0.323325,-0.944355,0.383741,-0.880505,0.278036,0.275927,-0.169301,-0.108691,-177.501075,-19.279113,-31.51458,-0.942868,-0.13527,0.303986,-0.041149,-0.85906,-0.509944,0.33017,-0.493394,0.804686,0.326157,-0.162492,-0.103333,161.159411,1.491222,0.784167,-0.945724,-0.323115,-0.020209,0.322698,-0.945841,0.021354,-0.026024,0.013681,0.999568,0.40898,-0.195309,-0.110254,164.148527,-17.18608,128.937192,-0.918567,0.392684,0.033647,0.26082,0.542064,0.798702,0.295476,0.742799,-0.60016
0.251371,0.159172,-0.108579,179.401394,-18.909861,-139.984382,-0.94577,-0.200354,-0.25492,0.009881,0.768072,-0.640251,0.32408,-0.608175,-0.724394,0.301712,0.141089,-0.103556,-173.945134,8.0807,-105.288198,-0.984157,0.107009,0.138586,-0.104392,0.276831,-0.955083,-0.140568,-0.954793,-0.26099,0.380628,0.174017,-0.115612,-176.376946,-22.556922,-72.476286,-0.921392,-0.346069,0.175471,-0.058341,-0.323325,-0.944312,0.383601,-0.880548,0.278036,0.275927,-0.169301,-0.108691,-177.501075,-19.279113,-31.51458,-0.942868,-0.13527,0.303986,-0.041149,-0.85906,-0.509944,0.33017,-0.493394,0.804686,0.326157,-0.162492,-0.103445,161.178986,1.463656,0.789023,-0.946205,-0.322909,-0.019732,0.322502,-0.946311,0.021274,-0.025543,0.013766,0.999579,0.40898,-0.195197,-0.110365,164.156362,-17.208963,128.948686,-0.918352,0.392881,0.033174,0.260623,0.542279,0.798579,0.295857,0.742494,-0.60016
0.251259,0.159172,-0.108579,179.395366,-18.92126,-139.97114,-0.945317,-0.200423,-0.255108,0.009976,0.768072,-0.640181,0.324268,-0.60808,-0.723941,0.301712,0.141089,-0.103556,-173.951767,8.068253,-105.265829,-0.984063,0.106883,0.13837,-0.104267,0.276537,-0.95513,-0.140353,-0.95484,-0.260603,0.380628,0.174017,-0.115612,-176.38231,-22.524167,-72.467753,-0.921392,-0.345594,0.175223,-0.058255,-0.323153,-0.944224,0.383073,-0.880635,0.278208,0.275927,-0.169301,-0.108691,-177.503206,-19.278746,-31.498492,-0.94274,-0.135229,0.303993,-0.041108,-0.85906,-0.509712,0.330164,-0.493162,0.804815,0.326157,-0.162492,-0.103333,161.178986,1.463656,0.789023,-0.946205,-0.322909,-0.019732,0.322502,-0.946311,0.021274,-0.025543,0.013766,0.999579,0.409091,-0.195309,-0.110254,164.12541,-17.176986,128.948472,-0.918352,0.392772,0.033923,0.261159,0.542188,0.798461,0.295324,0.742613,-0.600251
0.251259,0.159172,-0.108579,179.415105,-18.914839,-139.987129,-0.94577,-0.20058,-0.254837,0.009655,0.768047,-0.640289,0.324162,-0.608137,-0.724419,0.301712,0.140977,-0.103556,-173.965633,8.096465,-105.266538,-0.984063,0.107418,0.138271,-0.104026,0.276537,-0.955173,-0.14084,-0.954797,-0.260604,0.380628,0.173906,-0.115612,-176.419459,-22.530825,-72.443893,-0.921499,-0.345821,0.174814,-0.057662,-0.323455,-0.944234,0.38318,-0.880518,0.278574,0.275927,-0.169301,-0.108691,-177.503206,-19.278746,-31.498492,-0.94274,-0.135229,0.303993,-0.041108,-0.85906,-0.509712,0.330164,-0.493162,0.804815,0.326157,-0.162492,-0.103445,161.165805,1.449978,0.791149,-0.946205,-0.323148,-0.019489,0.322745,-0.946305,0.021237,-0.025304,0.013803,0.999585,0.409091,-0.195309,-0.110254,164.117669,-17.186173,128.945365,-0.918567,0.393004,0.034076,0.261355,0.541882,0.798693,0.295478,0.742808,-0.600342
0.251259,0.159172,-0.108579,179.400347,-18.907552,-139.970558,-0.945317,-0.200341,-0.254881,0.009894,0.768072,-0.640169,0.324042,-0.608093,-0.723941,0.301823,0.140977,-0.103556,-173.974639,8.085263,-105.26358,-0.984356,0.107293,0.138076,-0.103901,0.276243,-0.955366,-0.140647,-0.954991,-0.260604,0.380628,0.174017,-0.115612,-176.422784,-22.551553,-72.44775,-0.921499,-0.346155,0.174867,-0.057608,-0.323541,-0.944299,0.383515,-0.880453,0.278489,0.275927,-0.169301,-0.108691,-177.503206,-19.278746,-31.498492,-0.94274,-0.135229,0.303993,-0.041108,-0.85906,-0.509712,0.330164,-0.493162,0.804815,0.326157,-0.162604,-0.103333,161.145993,1.449943,0.790866,-0.945724,-0.323349,-0.019484,0.322946,-0.945824,0.021237,-0.025304,0.013798,0.999585,0.40898,-0.195309,-0.110365,164.095054,-17.212435,128.917185,-0.917928,0.393465,0.03416,0.261564,0.541484,0.798773,0.295915,0.742724,-0.599671
0.251259,0.159172,-0.108579,179.395366,-18.92126,-139.97114,-0.945317,-0.200423,-0.255108,0.009976,0.768072,-0.640181,0.324268,-0.60808,-0.723941,0.301823,0.140977,-0.103556,-173.974639,8.085263,-105.26358,-0.984356,0.107293,0.138076,-0.103901,0.276243,-0.955366,-0.140647,-0.954991,-0.260604,0.38074,0.173906,-0.115723,-176.445056,-22.546845,-72.422069,-0.921219,-0.346166,0.174555,-0.057231,-0.323455,-0.944126,0.383439,-0.880238,0.278855,0.275927,-0.169301,-0.108691,-177.503206,-19.278746,-31.498492,-0.94274,-0.135229,0.303993,-0.041108,-0.85906,-0.509712,0.330164,-0.493162,0.804815,0.326157,-0.162604,-0.103445,161.145993,1.449943,0.790866,-0.945724,-0.323349,-0.019484,0.322946,-0.945824,0.021237,-0.025304,0.013798,0.999585,0.408868,-0.195309,-0.110365,164.081323,-17.210476,128.888441,-0.917932,0.393562,0.03459,0.261803,0.540962,0.799065,0.295883,0.743071,-0.599335
0.251259,0.159172,-0.108579,179.395366,-18.92126,-139.97114,-0.945317,-0.200423,-0.255108,0.009976,0.768072,-0.640181,0.324268,-0.60808,-0.723941,0.301823,0.140977,-0.103556,-173.983977,8.092539,-105.241576,-0.984262,0.107507,0.137908,-0.103728,0.275949,-0.955435,-0.140772,-0.955017,-0.260217,0.380628,0.173794,-0.115835,-176.441279,-22.578226,-72.410364,-0.920939,-0.346598,0.174825,-0.057274,-0.323627,-0.94402,0.383944,-0.879957,0.278964,0.275927,-0.169301,-0.108691,-177.485233,-19.288905,-31.502877,-0.94274,-0.135062,0.304289,-0.041404,-0.859141,-0.509677,0.330332,-0.493197,0.804734,0.326157,-0.162604,-0.103333,161.145878,1.461452,0.774775,-0.945719,-0.323348,-0.019765,0.322946,-0.945829,0.021037,-0.025504,0.013518,0.999583,0.408868,-0.195309,-0.110254,164.073185,-17.153896,128.892479,-0.918359,0.392964,0.035319,0.262066,0.541053,0.798972,0.294939,0.74338,-0.599671
0.251371,0.159172,-0.108579,179.395366,-18.92126,-139.97114,-0.945317,-0.200423,-0.255108,0.009976,0.768072,-0.640181,0.324268,-0.60808,-0.723941,0.301823,0.140977,-0.103668,-173.980013,8.071615,-105.215913,-0.984463,0.107209,0.137839,-0.103818,0.275361,-0.955654,-0.140411,-0.955279,-0.259828,0.38074,0.173794,-0.115723,-176.473059,-22.547449,-72.40165,-0.921714,-0.346221,0.174329,-0.05681,-0.324146,-0.944233,0.383448,-0.880304,0.279221,0.275927,-0.169301,-0.108691,-177.503206,-19.278746,-31.498492,-0.94274,-0.135229,0.303993,-0.041108,-0.85906,-0.509712,0.330164,-0.493162,0.804815,0.326157,-0.162604,-0.103333,161.145994,1.475253,0.772487,-0.945719,-0.32335,-0.020006,0.322944,-0.945835,0.021077,-0.025745,0.013478,0.999578,0.40898,-0.195421,-0.110142,164.054556,-17.115493,128.887314,-0.918359,0.392641,0.035959,0.262389,0.541053,0.798835,0.294299,0.743517,-0.599671
0.251371,0.159172,-0.108579,179.390385,-18.934968,-139.971721,-0.945317,-0.200506,-0.255334,0.010058,0.768072,-0.640194,0.324495,-0.608068,-0.723941,0.301823,0.140866,-0.103668,-174.00842,8.076174,-105.197209,-0.984075,0.10745,0.13733,-0.103284,0.27536,-0.955549,-0.14049,-0.95509,-0.259442,0.380628,0.173794,-0.115723,-176.4702,-22.544791,-72.39902,-0.921326,-0.346199,0.174286,-0.056832,-0.323758,-0.944093,0.383406,-0.880164,0.279221,0.275816,-0.169301,-0.108691,-177.503206,-19.278746,-31.498492,-0.94274,-0.135229,0.303993,-0.041108,-0.85906,-0.509712,0.330164,-0.493162,0.804815,0.326157,-0.162716,-0.103333,161.145994,1.475253,0.772487,-0.945719,-0.32335,-0.020006,0.322944,-0.945835,0.021077,-0.025745,0.013478,0.999578,0.40898,-0.195421,-0.110254,164.073275,-17.123496,128.86016,-0.918147,0.392507,0.035702,0.262004,0.540929,0.798968,0.294432,0.743595,-0.599153
0.251371,0.159172,-0.108579,179.374465,-18.930747,-139.958473,-0.945482,-0.200318,-0.255404,0.010323,0.767933,-0.640382,0.324425,-0.608332,-0.723916,0.301823,0.140866,-0.103668,-174.008966,8.076192,-105.194269,-0.984369,0.107471,0.13733,-0.103306,0.275066,-0.955743,-0.14049,-0.955283,-0.259442,0.380628,0.173794,-0.115835,-176.460617,-22.590871,-72.394596,-0.921434,-0.346793,0.174793,-0.056993,-0.324403,-0.944149,0.384148,-0.88,0.279244,0.275927,-0.169301,-0.108691,-177.503206,-19.278746,-31.498492,-0.94274,-0.135229,0.303993,-0.041108,-0.85906,-0.509712,0.330164,-0.493162,0.804815,0.326157,-0.162716,-0.103333,161.145994,1.475253,0.772487,-0.945719,-0.32335,-0.020006,0.322944,-0.945835,0.021077,-0.025745,0.013478,0.999578,0.40898,-0.195421,-0.110254,164.119197,-17.107946,128.853186,-0.91879,0.39193,0.035406,0.261391,0.540988,0.799235,0.294173,0.743971,-0.599306
0.251371,0.159172,-0.108691,179.369483,-18.944456,-139.959054,-0.945482,-0.2004,-0.25563,0.010405,0.767933,-0.640394,0.324651,-0.60832,-0.723916,0.301823,0.140866,-0.103668,-174.017974,8.064999,-105.191326,-0.984663,0.107345,0.137136,-0.10318,0.274772,-0.955936,-0.140296,-0.955477,-0.259442,0.380516,0.173794,-0.115946,-176.458866,-22.56876,-72.370524,-0.921154,-0.346416,0.174762,-0.057004,-0.324317,-0.94389,0.383792,-0.879871,0.27961,0.275816,-0.169301,-0.108691,-177.513358,-19.296731,-31.498654,-0.94274,-0.135525,0.30416,-0.040941,-0.859141,-0.509759,0.330461,-0.493116,0.804734,0.326045,-0.162716,-0.103333,161.120102,1.477794,0.785966,-0.945724,-0.323835,-0.019962,0.323423,-0.945835,0.021323,-0.02579,0.013713,0.999573,0.40898,-0.195309,-0.110254,164.143835,-17.095033,128.843313,-0.91879,0.391503,0.035191,0.260964,0.54117,0.799199,0.293957,0.744007,-0.599123
0.251371,0.159172,-0.108579,179.374465,-18.930747,-139.958473,-0.945482,-0.200318,-0.255404,0.010323,0.767933,-0.640382,0.324425,-0.608332,-0.723916,0.301823,0.140866,-0.103668,-174.0077,8.074993,-105.168984,-0.98457,0.107513,0.137308,-0.103349,0.274478,-0.955983,-0.140469,-0.955524,-0.259055,0.380628,0.173906,-0.115946,-176.463315,-22.570043,-72.352941,-0.921262,-0.346395,0.174827,-0.056939,-0.324705,-0.943836,0.383813,-0.879817,0.27989,0.275816,-0.169301,-0.108691,-177.517269,-19.282659,-31.496382,-0.94274,-0.135461,0.303928,-0.040876,-0.85906,-0.509753,0.330229,-0.493122,0.804815,0.326045,-0.162716,-0.103222,161.12022,1.491595,0.783675,-0.945724,-0.323837,-0.020202,0.323421,-0.945841,0.021363,-0.02603,0.013673,0.999568,0.409091,-0.195421,-0.110142,164.152861,-17.068438,128.818902,-0.91922,0.391111,0.035601,0.26093,0.54083,0.799517,0.293514,0.744543,-0.599032
0.251259,0.159172,-0.108579,179.379447,-18.917039,-139.957893,-0.945482,-0.200235,-0.255177,0.010241,0.767933,-0.640369,0.324199,-0.608345,-0.723916,0.301823,0.140866,-0.10378,-174.002655,8.054039,-105.149206,-0.984182,0.107172,0.13724,-0.103396,0.274479,-0.955815,-0.140107,-0.955398,-0.258667,0.380628,0.173794,-0.115835,-176.462151,-22.519308,-72.381025,-0.921822,-0.345673,0.174481,-0.056992,-0.324448,-0.944072,0.382995,-0.880358,0.279587,0.275816,-0.169413,-0.108691,-177.533468,-19.286201,-31.478185,-0.942611,-0.135652,0.30387,-0.040604,-0.85906,-0.509561,0.330287,-0.492849,0.804944,0.326045,-0.162716,-0.103333,161.106809,1.475621,0.772,-0.945719,-0.324073,-0.02,0.323667,-0.945835,0.021085,-0.025752,0.013469,0.999578,0.409091,-0.195421,-0.110142,164.160413,-17.057607,128.845926,-0.919217,0.390907,0.035384,0.260798,0.541352,0.799179,0.293333,0.744242,-0.599368
0.251259,0.159172,-0.108579,179.379447,-18.917039,-139.957893,-0.945482,-0.200235,-0.255177,0.010241,0.767933,-0.640369,0.324199,-0.608345,-0.723916,0.301823,0.140866,-0.10378,-174.0077,8.074993,-105.168984,-0.98457,0.107513,0.137308,-0.103349,0.274478,-0.955983,-0.140469,-0.955524,-0.259055,0.380628,0.173794,-0.115723,-176.463061,-22.485276,-72.390123,-0.921714,-0.345219,0.174168,-0.056971,-0.323889,-0.944038,0.382446,-0.880499,0.279478,0.275816,-0.169413,-0.108691,-177.531332,-19.286572,-31.494272,-0.94274,-0.135693,0.303864,-0.040644,-0.85906,-0.509793,0.330293,-0.493081,0.804815,0.326045,-0.162716,-0.103333,161.119869,1.475498,0.772163,-0.945719,-0.323832,-0.020002,0.323426,-0.945835,0.021082,-0.025749,0.013472,0.999578,0.409091,-0.195421,-0.110365,164.166942,-17.104104,128.832062,-0.919005,0.391416,0.034915,0.260625,0.541046,0.79944,0.294109,0.744193,-0.599032
0.251371,0.159172,-0.108579,179.384428,-18.903332,-139.957313,-0.945482,-0.200153,-0.254951,0.010158,0.767933,-0.640357,0.323972,-0.608357,-0.723916,0.301823,0.140866,-0.10378,-174.01885,8.083502,-105.169345,-0.98457,0.107707,0.137161,-0.103155,0.274478,-0.956005,-0.140616,-0.955502,-0.259055,0.380628,0.173906,-0.115612,-176.444582,-22.458606,-72.427504,-0.922275,-0.344776,0.17421,-0.057304,-0.323803,-0.944319,0.382016,-0.880994,0.279002,0.275816,-0.169413,-0.108691,-177.519047,-19.268956,-31.5102,-0.942868,-0.135437,0.30369,-0.040852,-0.858978,-0.509978,0.330003,-0.49336,0.804768,0.326045,-0.162716,-0.103333,161.119751,1.487003,0.756068,-0.945715,-0.323831,-0.020283,0.323426,-0.945841,0.020881,-0.02595,0.013191,0.999576,0.40898,-0.195421,-0.110365,164.154623,-17.110562,128.836996,-0.919005,0.391629,0.035023,0.260838,0.540955,0.799458,0.294217,0.744175,-0.599123
0.251371,0.159172,-0.108691,179.370715,-18.898353,-139.95457,-0.945482,-0.199927,-0.255033,0.010385,0.767958,-0.640319,0.32389,-0.608396,-0.723891,0.301823,0.140866,-0.10378,-174.018306,8.083482,-105.172279,-0.984276,0.107686,0.137161,-0.103134,0.274772,-0.955811,-0.140616,-0.955309,-0.259055,0.380628,0.173906,-0.115612,-176.431477,-22.469351,-72.449729,-0.922168,-0.344937,0.174339,-0.057509,-0.323501,-0.944395,0.382189,-0.881026,0.278636,0.275816,-0.169301,-0.108691,-177.515136,-19.283028,-31.512471,-0.942868,-0.135502,0.303922,-0.040917,-0.85906,-0.509984,0.330235,-0.493353,0.804686,0.326045,-0.162716,-0.103333,161.119518,1.484708,0.742265,-0.945711,-0.323828,-0.020323,0.323429,-0.945841,0.020641,-0.02591,0.01295,0.99958,0.409091,-0.195532,-0.110254,164.159405,-17.114938,128.805044,-0.919009,0.39162,0.035132,0.260757,0.540523,0.799777,0.294289,0.744494,-0.598697
0.251371,0.159172,-0.108579,179.376751,-18.886954,-139.967819,-0.945934,-0.199857,-0.254845,0.01029,0.767958,-0.640388,0.323702,-0.60849,-0.724344,0.301823,0.140754,-0.10378,-174.025504,8.124136,-105.195377,-0.984369,0.108346,0.137276,-0.103018,0.275064,-0.955808,-0.141318,-0.955218,-0.259444,0.380628,0.173906,-0.115612,-176.407922,-22.470027,-72.452552,-0.92178,-0.344862,0.17463,-0.057866,-0.323198,-0.944234,0.3822,-0.880906,0.278551,0.275816,-0.169413,-0.108691,-177.501075,-19.279113,-31.51458,-0.942868,-0.13527,0.303986,-0.041149,-0.85906,-0.509944,0.33017,-0.493394,0.804686,0.326045,-0.162716,-0.103333,161.119286,1.482412,0.728462,-0.945707,-0.323826,-0.020363,0.323432,-0.945841,0.0204,-0.02587,0.012709,0.999584,0.409091,-0.195644,-0.110142,164.130278,-17.094724,128.790652,-0.918582,0.391572,0.035685,0.26114,0.540432,0.799596,0.293952,0.744459,-0.598361
0.251371,0.159172,-0.108579,179.39764,-18.877469,-139.980477,-0.94577,-0.199963,-0.254549,0.009943,0.768097,-0.640188,0.323545,-0.608238,-0.724369,0.301823,0.140754,-0.103668,-174.02766,8.143831,-105.198696,-0.984075,0.108665,0.137323,-0.10295,0.275357,-0.955636,-0.141659,-0.955003,-0.259445,0.380628,0.173906,-0.115612,-176.431477,-22.469351,-72.449729,-0.922168,-0.344937,0.174339,-0.057509,-0.323501,-0.944395,0.382189,-0.881026,0.278636,0.275816,-0.169301,-0.108691,-177.484886,-19.275564,-31.532779,-0.942997,-0.135079,0.304045,-0.041421,-0.85906,-0.510135,0.330112,-0.493667,0.804557,0.326045,-0.162716,-0.103222,161.119274,1.507719,0.710076,-0.945703,-0.323827,-0.020884,0.323431,-0.945852,0.020239,-0.026312,0.012389,0.999577,0.40898,-0.195532,-0.110254,164.148819,-17.101057,128.787425,-0.918582,0.391467,0.035364,0.260819,0.540523,0.799624,0.294058,0.744432,-0.59827
0.251371,0.159172,-0.108579,179.404818,-18.863006,-139.990399,-0.945606,-0.199843,-0.254335,0.009823,0.768261,-0.639949,0.323306,-0.608024,-0.724369,0.301823,0.140866,-0.103668,-174.012564,8.167478,-105.221069,-0.984169,0.108938,0.137733,-0.103222,0.275651,-0.95559,-0.142067,-0.954955,-0.259833,0.380628,0.173794,-0.115612,-176.456419,-22.452721,-72.45724,-0.92206,-0.344871,0.173746,-0.0571,-0.322942,-0.944447,0.381921,-0.881081,0.278527,0.275816,-0.169301,-0.108691,-177.47937,-19.28716,-31.531718,-0.942534,-0.135137,0.304236,-0.041492,-0.858678,-0.510076,0.330303,-0.493596,0.804476,0.326045,-0.162604,-0.103222,161.14551,1.521289,0.708123,-0.945703,-0.323347,-0.021129,0.322947,-0.945858,0.020273,-0.026548,0.012354,0.999571,0.408868,-0.195644,-0.110365,164.111989,-17.152502,128.810628,-0.918582,0.392536,0.035368,0.261457,0.540159,0.799787,0.294916,0.744268,-0.598634
0.251371,0.159172,-0.108579,179.424544,-18.856576,-140.006372,-0.946058,-0.2,-0.254065,0.009502,0.768236,-0.640056,0.3232,-0.608081,-0.724847,0.301823,0.140754,-0.103668,-174.012564,8.167478,-105.221069,-0.984169,0.108938,0.137733,-0.103222,0.275651,-0.95559,-0.142067,-0.954955,-0.259833,0.380628,0.173906,-0.115612,-176.463535,-22.44207,-72.472817,-0.922341,-0.344774,0.17353,-0.057002,-0.322857,-0.944619,0.381749,-0.881297,0.278332,0.275816,-0.169301,-0.108691,-177.47724,-19.287525,-31.547809,-0.942663,-0.135178,0.30423,-0.041533,-0.858678,-0.510308,0.330309,-0.493828,0.804347,0.326045,-0.162604,-0.103222,161.14551,1.521289,0.708123,-0.945703,-0.323347,-0.021129,0.322947,-0.945858,0.020273,-0.026548,0.012354,0.999571,0.408868,-0.195532,-0.110254,164.147644,-17.156754,128.770496,-0.918587,0.392208,0.035048,0.260841,0.53991,0.800116,0.294987,0.744578,-0.598025
0.251371,0.159172,-0.108579,179.415811,-18.837897,-140.003054,-0.946058,-0.199691,-0.253921,0.009646,0.768261,-0.640006,0.322892,-0.608132,-0.724822,0.301935,0.140754,-0.103668,-174.005936,8.179916,-105.243438,-0.984262,0.109064,0.137949,-0.103347,0.275945,-0.955543,-0.142282,-0.954908,-0.26022,0.380628,0.173906,-0.115612,-176.444416,-22.444024,-72.458038,-0.92206,-0.344677,0.173886,-0.057294,-0.322942,-0.944404,0.381781,-0.881124,0.278527,0.275816,-0.169301,-0.108691,-177.475111,-19.287891,-31.563902,-0.942792,-0.135219,0.304224,-0.041574,-0.858678,-0.51054,0.330315,-0.49406,0.804218,0.326045,-0.162604,-0.103222,161.145745,1.523581,0.721926,-0.945707,-0.32335,-0.021089,0.322944,-0.945858,0.020514,-0.026588,0.012595,0.999567,0.408868,-0.195421,-0.110142,164.152091,-17.127427,128.754111,-0.918802,0.391796,0.035413,0.260825,0.539785,0.80022,0.294498,0.744901,-0.597934
0.251371,0.159172,-0.108579,179.429519,-18.842871,-140.00579,-0.946058,-0.199917,-0.253838,0.00942,0.768236,-0.640044,0.322974,-0.608094,-0.724847,0.301935,0.140754,-0.103668,-173.994239,8.17139,-105.246012,-0.983969,0.108849,0.138096,-0.103519,0.276239,-0.955328,-0.142135,-0.954736,-0.260219,0.380628,0.174017,-0.1155,-176.424831,-22.427915,-72.442049,-0.922168,-0.344269,0.174232,-0.057617,-0.32333,-0.944265,0.381521,-0.881155,0.278807,0.275816,-0.169301,-0.108691,-177.471194,-19.301962,-31.566184,-0.942792,-0.135283,0.304456,-0.041638,-0.858759,-0.510546,0.330547,-0.494054,0.804136,0.325934,-0.162604,-0.103222,161.145857,1.537383,0.719638,-0.945707,-0.323352,-0.02133,0.322942,-0.945864,0.020554,-0.026829,0.012555,0.999561,0.408868,-0.195421,-0.110142,164.170635,-17.133754,128.75088,-0.918802,0.391691,0.035091,0.260504,0.539876,0.800247,0.294603,0.744873,-0.597843
0.251371,0.159172,-0.108579,179.436694,-18.828407,-140.015712,-0.945894,-0.199797,-0.253625,0.0093,0.768401,-0.639805,0.322735,-0.60788,-0.724847,0.301823,0.140754,-0.103668,-173.987617,8.183833,-105.268386,-0.984063,0.108974,0.138312,-0.103644,0.276533,-0.955282,-0.14235,-0.954688,-0.260607,0.380628,0.174017,-0.1155,-176.435273,-22.437975,-72.461457,-0.922448,-0.344506,0.174069,-0.057465,-0.32333,-0.944502,0.381683,-0.881307,0.278527,0.275816,-0.169301,-0.108691,-177.453394,-19.295927,-31.581049,-0.942458,-0.135086,0.304473,-0.041917,-0.858296,-0.510672,0.330447,-0.494262,0.804007,0.326045,-0.162604,-0.103222,161.158795,1.548776,0.70372,-0.945703,-0.32311,-0.021613,0.322703,-0.94587,0.02035,-0.027028,0.012277,0.999559,0.408868,-0.195309,-0.110142,164.172284,-17.143819,128.760605,-0.918587,0.391781,0.034832,0.260414,0.540092,0.800079,0.294771,0.744614,-0.597843
0.251371,0.159172,-0.108579,179.436694,-18.828407,-140.015712,-0.945894,-0.199797,-0.253625,0.0093,0.768401,-0.639805,0.322735,-0.60788,-0.724847,0.301823,0.140754,-0.103668,-173.987079,8.183809,-105.271342,-0.983769,0.108953,0.138312,-0.103623,0.276827,-0.955088,-0.142349,-0.954494,-0.260607,0.380628,0.174017,-0.1155,-176.424369,-22.409846,-72.440836,-0.922556,-0.343957,0.174221,-0.057648,-0.323632,-0.94434,0.381229,-0.88136,0.278893,0.275816,-0.169301,-0.108691,-177.437206,-19.292366,-31.599256,-0.942587,-0.134895,0.304532,-0.042189,-0.858296,-0.510863,0.330389,-0.494534,0.803878,0.325934,-0.162604,-0.103222,161.165542,1.548949,0.703835,-0.946184,-0.32315,-0.021616,0.322743,-0.946352,0.020352,-0.027031,0.012279,0.999559,0.40898,-0.195421,-0.11003,164.164408,-17.120959,128.74917,-0.918802,0.391583,0.035305,0.260611,0.539876,0.800202,0.29439,0.744919,-0.597843
0.251371,0.159172,-0.108579,179.436694,-18.828407,-140.015712,-0.945894,-0.199797,-0.253625,0.0093,0.768401,-0.639805,0.322735,-0.60788,-0.724847,0.301823,0.140866,-0.103556,-173.981001,8.196279,-105.290761,-0.984157,0.1091,0.138527,-0.103769,0.276827,-0.955235,-0.142565,-0.954641,-0.260995,0.380628,0.174129,-0.115388,-176.38837,-22.383772,-72.443229,-0.922556,-0.343375,0.174641,-0.05823,-0.323632,-0.944212,0.380808,-0.881488,0.278893,0.275927,-0.16919,-0.108691,-177.430812,-19.27649,-31.586324,-0.942921,-0.134564,0.304412,-0.04231,-0.858678,-0.510649,0.330127,-0.494414,0.804088,0.326045,-0.162604,-0.103333,161.165412,1.560461,0.687744,-0.94618,-0.323149,-0.021897,0.322744,-0.946358,0.020151,-0.027232,0.011999,0.999557,0.40898,-0.195309,-0.109919,164.198187,-17.113476,128.723277,-0.919234,0.391192,0.03518,0.260148,0.539627,0.800592,0.294265,0.745382,-0.597661
0.251371,0.159172,-0.108579,179.439922,-18.829945,-140.040023,-0.946183,-0.199772,-0.253675,0.009249,0.768565,-0.639661,0.32276,-0.607736,-0.725299,0.301823,0.140866,-0.103556,-173.98284,8.197506,-105.313132,-0.984251,0.109079,0.13855,-0.103747,0.27712,-0.955188,-0.142586,-0.954594,-0.261382,0.380628,0.174129,-0.115388,-176.397046,-22.371753,-72.438598,-0.922556,-0.343235,0.174447,-0.05809,-0.323547,-0.944191,0.380615,-0.88151,0.278978,0.275816,-0.16919,-0.108691,-177.42135,-19.302152,-31.587562,-0.942458,-0.134687,0.304834,-0.042445,-0.858377,-0.510596,0.33055,-0.494338,0.803925,0.325934,-0.162492,-0.103222,161.191543,1.560233,0.688092,-0.94618,-0.322668,-0.0219,0.322262,-0.946358,0.020145,-0.027228,0.012005,0.999557,0.409091,-0.195197,-0.109696,164.257599,-17.005313,128.696242,-0.919661,0.389204,0.035474,0.259239,0.540262,0.800347,0.29246,0.745843,-0.597452
0.251371,0.159172,-0.108579,179.445431,-18.847084,-140.019034,-0.945894,-0.200106,-0.253769,0.009156,0.768375,-0.639855,0.323044,-0.607829,-0.724872,0.301823,0.140866,-0.103556,-173.98284,8.197506,-105.313132,-0.984251,0.109079,0.13855,-0.103747,0.27712,-0.955188,-0.142586,-0.954594,-0.261382,0.380628,0.174129,-0.115388,-176.376371,-22.375082,-72.444027,-0.922556,-0.343181,0.174782,-0.058424,-0.323632,-0.94417,0.380668,-0.881531,0.278893,0.275816,-0.16919,-0.108691,-177.42135,-19.302152,-31.587562,-0.942458,-0.134687,0.304834,-0.042445,-0.858377,-0.510596,0.33055,-0.494338,0.803925,0.326045,-0.162492,-0.103333,161.191305,1.557946,0.674287,-0.946176,-0.322665,-0.02194,0.322265,-0.946358,0.019905,-0.027188,0.011764,0.999561,0.409091,-0.195197,-0.109472,164.261791,-16.974342,128.703871,-0.920088,0.38882,0.035775,0.259287,0.540353,0.800347,0.291943,0.746059,-0.597789
0.251371,0.159172,-0.108579,179.436694,-18.828407,-140.015712,-0.945894,-0.199797,-0.253625,0.0093,0.768401,-0.639805,0.322735,-0.60788,-0.724847,0.301823,0.140754,-0.103668,-173.988916,8.185034,-105.293715,-0.983863,0.108932,0.138334,-0.103601,0.27712,-0.955041,-0.14237,-0.954447,-0.260995,0.380516,0.174129,-0.1155,-176.348114,-22.371015,-72.432683,-0.922663,-0.342912,0.175321,-0.058888,-0.324106,-0.944053,0.380603,-0.881541,0.279088,0.275816,-0.169301,-0.108691,-177.435412,-19.306074,-31.585449,-0.942458,-0.134919,0.30477,-0.042213,-0.858377,-0.510637,0.330614,-0.494297,0.803925,0.326045,-0.162604,-0.103222,161.191411,1.571749,0.672004,-0.946176,-0.322667,-0.022181,0.322263,-0.946364,0.019944,-0.027429,0.011724,0.999555,0.409091,-0.195086,-0.109584,164.285092,-16.985008,128.668741,-0.920093,0.388705,0.035562,0.258885,0.540011,0.800693,0.292121,0.746351,-0.597271
0.251371,0.159172,-0.108579,179.43172,-18.842112,-140.016294,-0.945894,-0.199879,-0.253851,0.009382,0.768401,-0.639817,0.322961,-0.607867,-0.724847,0.301823,0.140754,-0.103668,-173.99129,8.186283,-105.313125,-0.984251,0.108932,0.138356,-0.1036,0.27712,-0.955187,-0.142392,-0.954594,-0.261382,0.380516,0.174017,-0.115388,-176.365458,-22.346976,-72.423418,-0.922663,-0.342632,0.174933,-0.058608,-0.323935,-0.944009,0.380215,-0.881584,0.279259,0.275927,-0.16919,-0.108691,-177.414959,-19.28628,-31.57463,-0.942792,-0.134356,0.304714,-0.042565,-0.858759,-0.510382,0.330288,-0.494217,0.804136,0.325934,-0.162604,-0.103333,161.191411,1.571749,0.672004,-0.946176,-0.322667,-0.022181,0.322263,-0.946364,0.019944,-0.027429,0.011724,0.999555,0.409091,-0.195309,-0.109584,164.252758,-16.976729,128.643248,-0.920098,0.388906,0.036313,0.259447,0.539398,0.800957,0.291983,0.746724,-0.597025
0.251371,0.159172,-0.108579,179.445431,-18.847084,-140.019034,-0.945894,-0.200106,-0.253769,0.009156,0.768375,-0.639855,0.323044,-0.607829,-0.724872,0.301823,0.140866,-0.103556,-173.993468,8.205978,-105.316474,-0.983957,0.109251,0.138403,-0.103531,0.277413,-0.955016,-0.142732,-0.954378,-0.261383,0.380628,0.174017,-0.115388,-176.356335,-22.340931,-72.426838,-0.923051,-0.34246,0.175115,-0.05878,-0.324323,-0.944106,0.380117,-0.881767,0.279259,0.275927,-0.169301,-0.108691,-177.411043,-19.300351,-31.576921,-0.942792,-0.134421,0.304946,-0.04263,-0.858841,-0.510388,0.33052,-0.494211,0.804054,0.326045,-0.162604,-0.103222,161.204346,1.583155,0.656094,-0.946173,-0.322425,-0.022464,0.322023,-0.94637,0.01974,-0.027628,0.011446,0.999553,0.409091,-0.195197,-0.109584,164.288216,-16.948871,128.594941,-0.920104,0.388149,0.03631,0.258834,0.539237,0.801177,0.291518,0.747142,-0.596327
0.251371,0.159172,-0.108579,179.450405,-18.833379,-140.01845,-0.945894,-0.200024,-0.253542,0.009074,0.768375,-0.639843,0.322817,-0.607842,-0.724872,0.301823,0.140754,-0.103556,-174.013087,8.203249,-105.316849,-0.983957,0.109298,0.138063,-0.103191,0.277412,-0.955037,-0.142685,-0.954357,-0.261384,0.38074,0.174017,-0.115388,-176.377,-22.337597,-72.421414,-0.923051,-0.342513,0.174781,-0.058445,-0.324238,-0.944127,0.380063,-0.881746,0.279344,0.275927,-0.169301,-0.108691,-177.414959,-19.28628,-31.57463,-0.942792,-0.134356,0.304714,-0.042565,-0.858759,-0.510382,0.330288,-0.494217,0.804136,0.326045,-0.162604,-0.103222,161.204107,1.580869,0.642289,-0.946169,-0.322422,-0.022504,0.322026,-0.94637,0.0195,-0.027588,0.011206,0.999557,0.409091,-0.195086,-0.109584,164.292975,-16.953216,128.563038,-0.920109,0.388139,0.036418,0.258753,0.538804,0.801496,0.291591,0.74746,-0.595901
0.251371,0.159172,-0.108579,179.445431,-18.847084,-140.019034,-0.945894,-0.200106,-0.253769,0.009156,0.768375,-0.639855,0.323044,-0.607829,-0.724872,0.301823,0.140754,-0.103556,-174.004635,8.214473,-105.316856,-0.983957,0.109445,0.138256,-0.103338,0.277412,-0.955037,-0.142879,-0.954357,-0.261384,0.38074,0.174129,-0.115277,-176.33661,-22.310249,-72.441373,-0.922944,-0.341952,0.175138,-0.059092,-0.32385,-0.944053,0.379622,-0.881928,0.279063,0.275927,-0.169301,-0.108691,-177.425101,-19.304272,-31.574808,-0.942792,-0.134652,0.304881,-0.042398,-0.858841,-0.510429,0.330585,-0.49417,0.804054,0.325934,-0.162604,-0.103222,161.204241,1.569352,0.658375,-0.946173,-0.322423,-0.022223,0.322025,-0.946364,0.019701,-0.027387,0.011486,0.999559,0.40898,-0.194974,-0.109584,164.359025,-16.953926,128.562783,-0.920536,0.387547,0.035541,0.257728,0.539165,0.801623,0.291603,0.74755,-0.595966
0.251371,0.159172,-0.108579,179.433921,-18.841353,-140.026802,-0.94573,-0.199842,-0.253863,0.009344,0.768565,-0.639591,0.322949,-0.607641,-0.724847,0.301823,0.140754,-0.103556,-174.01633,8.222997,-105.314275,-0.984251,0.109661,0.138109,-0.103165,0.277118,-0.955253,-0.143026,-0.954529,-0.261385,0.38074,0.174129,-0.115388,-176.348605,-22.318935,-72.440576,-0.922944,-0.342146,0.174997,-0.058898,-0.32385,-0.944096,0.379762,-0.881885,0.279063,0.275927,-0.169301,-0.108691,-177.425101,-19.304272,-31.574808,-0.942792,-0.134652,0.304881,-0.042398,-0.858841,-0.510429,0.330585,-0.49417,0.804054,0.325934,-0.162604,-0.103333,161.216971,1.553154,0.647026,-0.946169,-0.322177,-0.022024,0.321789,-0.946358,0.019417,-0.027104,0.011288,0.999569,0.40898,-0.194974,-0.109696,164.336751,-17.012272,128.54264,-0.919899,0.388439,0.035307,0.257935,0.538678,0.801809,0.292577,0.747357,-0.595384
0.251371,0.159172,-0.108579,179.439922,-18.829945,-140.040023,-0.946183,-0.199772,-0.253675,0.009249,0.768565,-0.639661,0.32276,-0.607736,-0.725299,0.301823,0.140754,-0.103556,-174.024781,8.211773,-105.314267,-0.984251,0.109514,0.137915,-0.103019,0.277118,-0.955252,-0.142832,-0.954529,-0.261385,0.380628,0.174129,-0.115388,-176.348156,-22.300871,-72.439369,-0.923332,-0.341834,0.174986,-0.05893,-0.324153,-0.944172,0.37947,-0.88209,0.279149,0.275927,-0.169413,-0.108691,-177.431142,-19.28984,-31.556426,-0.942663,-0.134547,0.304655,-0.042293,-0.858759,-0.510192,0.330347,-0.493944,0.804265,0.325934,-0.162604,-0.103333,161.204136,1.555548,0.660656,-0.946173,-0.322421,-0.021982,0.322027,-0.946358,0.019661,-0.027146,0.011526,0.999565,0.408756,-0.195086,-0.109696,164.316481,-16.9959,128.536203,-0.920116,0.388454,0.035887,0.258347,0.538372,0.80195,0.292303,0.747643,-0.595474
0.251371,0.159172,-0.108579,179.453631,-18.834915,-140.04276,-0.946183,-0.199998,-0.253593,0.009023,0.76854,-0.639699,0.322843,-0.607698,-0.725324,0.301823,0.140754,-0.103556,-174.024781,8.211773,-105.314267,-0.984251,0.109514,0.137915,-0.103019,0.277118,-0.955252,-0.142832,-0.954529,-0.261385,0.380628,0.174129,-0.115388,-176.341013,-22.311543,-72.423805,-0.923051,-0.341931,0.175202,-0.059028,-0.324238,-0.943999,0.379643,-0.881874,0.279344,0.275927,-0.169301,-0.108691,-177.407126,-19.314423,-31.579214,-0.942792,-0.134485,0.305178,-0.042694,-0.858923,-0.510394,0.330752,-0.494205,0.803973,0.325934,-0.162492,-0.103445,161.230174,1.541524,0.663283,-0.946173,-0.321937,-0.021745,0.321547,-0.946352,0.019615,-0.026901,0.011572,0.999571,0.408868,-0.195086,-0.109696,164.328559,-16.987783,128.555228,-0.920326,0.388268,0.035715,0.258197,0.538678,0.801827,0.292168,0.747556,-0.59581
0.251371,0.159172,-0.108579,179.439922,-18.829945,-140.040023,-0.946183,-0.199772,-0.253675,0.009249,0.768565,-0.639661,0.32276,-0.607736,-0.725299,0.301823,0.140866,-0.103556,-174.00192,8.194754,-105.316468,-0.983957,0.109104,0.138209,-0.103385,0.277413,-0.955015,-0.142538,-0.954379,-0.261383,0.38074,0.174129,-0.1155,-176.349681,-22.299526,-72.419182,-0.923051,-0.341791,0.175008,-0.058887,-0.324153,-0.943978,0.379449,-0.881896,0.279429,0.275927,-0.169301,-0.108691,-177.425101,-19.304272,-31.574808,-0.942792,-0.134652,0.304881,-0.042398,-0.858841,-0.510429,0.330585,-0.49417,0.804054,0.325934,-0.162492,-0.103333,161.217207,1.555438,0.660831,-0.946173,-0.32218,-0.021984,0.321786,-0.946358,0.019658,-0.027144,0.011529,0.999565,0.408868,-0.195086,-0.109696,164.336511,-17.010643,128.566575,-0.920109,0.388467,0.035243,0.257999,0.538895,0.801704,0.292549,0.747252,-0.59581
0.251371,0.159172,-0.108579,179.442123,-18.829186,-140.050533,-0.946019,-0.199734,-0.253688,0.009211,0.768729,-0.639434,0.322748,-0.607509,-0.725299,0.301823,0.140866,-0.103556,-174.010904,8.183556,-105.313496,-0.984251,0.108979,0.138015,-0.10326,0.27712,-0.955209,-0.142345,-0.954573,-0.261383,0.380628,0.174017,-0.1155,-176.366077,-22.309499,-72.400822,-0.923159,-0.341964,0.174932,-0.058629,-0.324541,-0.943966,0.37961,-0.8818,0.279709,0.275927,-0.169301,-0.108691,-177.425101,-19.304272,-31.574808,-0.942792,-0.134652,0.304881,-0.042398,-0.858841,-0.510429,0.330585,-0.49417,0.804054,0.325934,-0.162604,-0.103445,161.217231,1.530115,0.679195,-0.946176,-0.322179,-0.021463,0.321787,-0.946346,0.019819,-0.026702,0.01185,0.999573,0.408868,-0.195197,-0.109584,164.305234,-16.977142,128.590342,-0.92032,0.388383,0.035929,0.2586,0.539021,0.801481,0.29199,0.747265,-0.596327
