Sensor #1 X,Sensor #1 Y,Sensor #1 Z,"Sensor #1 Euler Angles (Z Y'X"") Z","Sensor #1 Euler Angles (Z Y'X"") Y'","Sensor #1 Euler Angles (Z Y'X"") X""","Sensor #1 Rotation Matrix M0,0","Sensor #1 Rotation Matrix M0,1","Sensor #1 Rotation Matrix M0,2","Sensor #1 Rotation Matrix M1,0","Sensor #1 Rotation Matrix M1,1","Sensor #1 Rotation Matrix M1,2","Sensor #1 Rotation Matrix M2,0","Sensor #1 Rotation Matrix M2,1","Sensor #1 Rotation Matrix M2,2",Sensor #2 X,Sensor #2 Y,Sensor #2 Z,"Sensor #2 Euler Angles (Z Y'X"") Z","Sensor #2 Euler Angles (Z Y'X"") Y'","Sensor #2 Euler Angles (Z Y'X"") X""","Sensor #2 Rotation Matrix M0,0","Sensor #2 Rotation Matrix M0,1","Sensor #2 Rotation Matrix M0,2","Sensor #2 Rotation Matrix M1,0","Sensor #2 Rotation Matrix M1,1","Sensor #2 Rotation Matrix M1,2","Sensor #2 Rotation Matrix M2,0","Sensor #2 Rotation Matrix M2,1","Sensor #2 Rotation Matrix M2,2",Sensor #3 X,Sensor #3 Y,Sensor #3 Z,"Sensor #3 Euler Angles (Z Y'X"") Z","Sensor #3 Euler Angles (Z Y'X"") Y'","Sensor #3 Euler Angles (Z Y'X"") X""","Sensor #3 Rotation Matrix M0,0","Sensor #3 Rotation Matrix M0,1","Sensor #3 Rotation Matrix M0,2","Sensor #3 Rotation Matrix M1,0","Sensor #3 Rotation Matrix M1,1","Sensor #3 Rotation Matrix M1,2","Sensor #3 Rotation Matrix M2,0","Sensor #3 Rotation Matrix M2,1","Sensor #3 Rotation Matrix M2,2",Sensor #4 X,Sensor #4 Y,Sensor #4 Z,"Sensor #4 Euler Angles (Z Y'X"") Z","Sensor #4 Euler Angles (Z Y'X"") Y'","Sensor #4 Euler Angles (Z Y'X"") X""","Sensor #4 Rotation Matrix M0,0","Sensor #4 Rotation Matrix M0,1","Sensor #4 Rotation Matrix M0,2","Sensor #4 Rotation Matrix M1,0","Sensor #4 Rotation Matrix M1,1","Sensor #4 Rotation Matrix M1,2","Sensor #4 Rotation Matrix M2,0","Sensor #4 Rotation Matrix M2,1","Sensor #4 Rotation Matrix M2,2",Sensor #5 X,Sensor #5 Y,Sensor #5 Z,"Sensor #5 Euler Angles (Z Y'X"") Z","Sensor #5 Euler Angles (Z Y'X"") Y'","Sensor #5 Euler Angles (Z Y'X"") X""","Sensor #5 Rotation Matrix M0,0","Sensor #5 Rotation Matrix M0,1","Sensor #5 Rotation Matrix M0,2","Sensor #5 Rotation Matrix M1,0","Sensor #5 Rotation Matrix M1,1","Sensor #5 Rotation Matrix M1,2","Sensor #5 Rotation Matrix M2,0","Sensor #5 Rotation Matrix M2,1","Sensor #5 Rotation Matrix M2,2",Sensor #6 X,Sensor #6 Y,Sensor #6 Z,"Sensor #6 Euler Angles (Z Y'X"") Z","Sensor #6 Euler Angles (Z Y'X"") Y'","Sensor #6 Euler Angles (Z Y'X"") X""","Sensor #6 Rotation Matrix M0,0","Sensor #6 Rotation Matrix M0,1","Sensor #6 Rotation Matrix M0,2","Sensor #6 Rotation Matrix M1,0","Sensor #6 Rotation Matrix M1,1","Sensor #6 Rotation Matrix M1,2","Sensor #6 Rotation Matrix M2,0","Sensor #6 Rotation Matrix M2,1","Sensor #6 Rotation Matrix M2,2"
0.279946,0.166427,-0.100766,166.271345,-26.51104,-128.069075,-0.868658,-0.195014,-0.454149,0.212216,0.682691,-0.699073,0.44637,-0.704065,-0.551444,0.316223,0.152921,-0.090385,171.130514,1.595928,-96.439371,-0.987283,0.044658,-0.150058,0.154066,0.106902,-0.982086,-0.027851,-0.993094,-0.112084,0.408087,0.16252,-0.108914,-179.042825,-26.181829,-85.116175,-0.896979,-0.438145,0.05413,-0.014986,-0.092162,-0.995479,0.441221,-0.893997,0.076388,0.27336,-0.196872,-0.106235,-179.345577,-29.684755,-29.297005,-0.868521,-0.23238,0.437434,-0.009921,-0.87462,-0.484373,0.495228,-0.425106,0.757623,0.328947,-0.174213,-0.097529,163.454174,-12.595369,-1.517615,-0.935205,-0.290125,0.201423,0.277834,-0.956297,-0.087457,0.218064,-0.025847,0.975588,0.414337,-0.207699,-0.113714,164.653037,-13.723803,138.701044,-0.936415,0.34975,0.002674,0.256999,0.683217,0.6834,0.237242,0.640905,-0.729553
0.279946,0.166427,-0.100766,166.283801,-26.517192,-128.062928,-0.868853,-0.195292,-0.454053,0.212064,0.682498,-0.69935,0.446466,-0.704218,-0.551442,0.316223,0.152921,-0.090497,171.121337,1.587049,-96.418487,-0.987245,0.044469,-0.150246,0.154222,0.106578,-0.982089,-0.027696,-0.993129,-0.111722,0.407975,0.16252,-0.108803,-179.026388,-26.183179,-85.101063,-0.897009,-0.438123,0.054544,-0.015244,-0.092597,-0.995457,0.441242,-0.893989,0.076625,0.27336,-0.19676,-0.106235,-179.345589,-29.698862,-29.283131,-0.868402,-0.232378,0.437677,-0.009919,-0.874742,-0.484159,0.495441,-0.424863,0.75762,0.328947,-0.174213,-0.097417,163.441965,-12.583761,-1.532186,-0.935219,-0.290384,0.201141,0.278055,-0.956245,-0.087688,0.217867,-0.026096,0.975626,0.414337,-0.207811,-0.113826,164.638016,-13.772828,138.700647,-0.935968,0.350421,0.002196,0.257141,0.683055,0.683464,0.238073,0.640664,-0.729269
0.279946,0.166427,-0.100766,166.30318,-26.525582,-128.041285,-0.868617,-0.195785,-0.453797,0.211695,0.682308,-0.699592,0.446597,-0.704211,-0.551007,0.316223,0.152921,-0.090385,171.120264,1.606746,-96.42039,-0.987245,0.044813,-0.150227,0.154241,0.106545,-0.982095,-0.028039,-0.993123,-0.111754,0.407863,0.16252,-0.108803,-178.982713,-26.225304,-85.120872,-0.896658,-0.438729,0.055204,-0.015922,-0.092583,-0.995441,0.441902,-0.893685,0.076288,0.27336,-0.19676,-0.106235,-179.356728,-29.703733,-29.296598,-0.868521,-0.232667,0.437603,-0.009751,-0.874742,-0.484448,0.495515,-0.425031,0.757501,0.328947,-0.174213,-0.097529,163.444464,-12.614019,-1.542318,-0.935233,-0.290424,0.201586,0.278015,-0.956349,-0.087998,0.218382,-0.026266,0.975508,0.414449,-0.207811,-0.113826,164.650731,-13.767617,138.696793,-0.935968,0.350198,0.002108,0.256917,0.683136,0.683449,0.237985,0.640679,-0.729188
0.279946,0.166427,-0.100766,166.329018,-26.537977,-128.037507,-0.868812,-0.196278,-0.453604,0.211327,0.682118,-0.699932,0.446791,-0.704301,-0.551003,0.316223,0.152921,-0.090385,171.138661,1.627528,-96.4206,-0.987245,0.045138,-0.149865,0.153916,0.106545,-0.982128,-0.028402,-0.99309,-0.111754,0.407863,0.162744,-0.108803,-178.906155,-26.270176,-85.110598,-0.896367,-0.439292,0.056691,-0.017115,-0.093442,-0.995381,0.442604,-0.893363,0.076422,0.27336,-0.19676,-0.106235,-179.347598,-29.729849,-29.299376,-0.868064,-0.232772,0.437999,-0.009885,-0.874529,-0.484418,0.495911,-0.424942,0.757258,0.328947,-0.174324,-0.097417,163.432658,-12.616509,-1.5549,-0.935247,-0.29069,0.201543,0.278229,-0.956349,-0.088264,0.218424,-0.02648,0.975493,0.414449,-0.207922,-0.113826,164.634013,-13.758187,138.722237,-0.936239,0.350358,0.002363,0.257285,0.683232,0.683289,0.237825,0.640569,-0.729715
0.279834,0.166427,-0.100766,166.328081,-26.53791,-128.029021,-0.869007,-0.19634,-0.453605,0.21139,0.681923,-0.700147,0.44679,-0.704516,-0.551003,0.316223,0.152921,-0.090385,171.128362,1.635322,-96.443181,-0.987283,0.045345,-0.15002,0.154104,0.106837,-0.982099,-0.028538,-0.993081,-0.11215,0.407863,0.162744,-0.109026,-178.886364,-26.370744,-85.117845,-0.895345,-0.440842,0.057054,-0.017405,-0.09325,-0.99527,0.444178,-0.892482,0.076233,0.27336,-0.196872,-0.106235,-179.347583,-29.715742,-29.31325,-0.868182,-0.232773,0.437756,-0.009886,-0.874407,-0.484632,0.495697,-0.425185,0.757261,0.328947,-0.174324,-0.097417,163.446169,-12.616091,-1.55643,-0.935247,-0.29045,0.201551,0.277989,-0.956349,-0.088238,0.218417,-0.026506,0.975493,0.414337,-0.207811,-0.113714,164.636646,-13.762042,138.688947,-0.936145,0.350349,0.00246,0.257213,0.682879,0.683647,0.23789,0.640927,-0.729269
0.279834,0.166427,-0.100766,166.341465,-26.544145,-128.03138,-0.869007,-0.196555,-0.453507,0.211175,0.681925,-0.70021,0.446887,-0.704453,-0.551001,0.316223,0.152921,-0.090385,171.126031,1.632871,-96.465134,-0.986996,0.045382,-0.149998,0.1541,0.107486,-0.981899,-0.028495,-0.992881,-0.112512,0.40764,0.162744,-0.108803,-178.826992,-26.374064,-85.113732,-0.895375,-0.44079,0.058139,-0.018333,-0.093857,-0.995235,0.44423,-0.892487,0.076298,0.27336,-0.196872,-0.106235,-179.347583,-29.715742,-29.31325,-0.868182,-0.232773,0.437756,-0.009886,-0.874407,-0.484632,0.495697,-0.425185,0.757261,0.328947,-0.174213,-0.097417,163.444863,-12.628113,-1.54033,-0.935233,-0.290431,0.201826,0.278008,-0.956401,-0.088034,0.218622,-0.02623,0.975455,0.414226,-0.207811,-0.113714,164.610202,-13.773935,138.673272,-0.935875,0.350771,0.002693,0.257604,0.68254,0.683814,0.238092,0.641031,-0.728984
0.279834,0.166427,-0.100766,166.359971,-26.536548,-128.025296,-0.869201,-0.196735,-0.453196,0.210925,0.681733,-0.700488,0.446769,-0.704605,-0.550999,0.316223,0.152921,-0.090274,171.124894,1.649543,-96.508627,-0.987073,0.045778,-0.149966,0.154132,0.108102,-0.981867,-0.028786,-0.992836,-0.113271,0.407752,0.162967,-0.108803,-178.764979,-26.436364,-85.123002,-0.894703,-0.441673,0.059185,-0.019288,-0.094019,-0.995114,0.445204,-0.891936,0.076105,0.27336,-0.19676,-0.106235,-179.328587,-29.712783,-29.333726,-0.868301,-0.232606,0.437801,-0.010176,-0.874407,-0.484799,0.495652,-0.425474,0.757142,0.328947,-0.174213,-0.097417,163.475307,-12.631417,-1.571618,-0.935261,-0.290003,0.20177,0.277476,-0.956401,-0.088462,0.218678,-0.026763,0.975427,0.414337,-0.207811,-0.113602,164.625215,-13.724907,138.67366,-0.936322,0.350099,0.00317,0.257463,0.682702,0.683749,0.23726,0.641272,-0.729269
0.279834,0.166427,-0.100654,166.380362,-26.529078,-128.036184,-0.869007,-0.19679,-0.452883,0.21055,0.681929,-0.700336,0.446652,-0.704327,-0.550997,0.316111,0.152921,-0.090274,171.166055,1.648167,-96.566441,-0.987513,0.045809,-0.149275,0.153474,0.108816,-0.982043,-0.028762,-0.992907,-0.114294,0.40764,0.162967,-0.108691,-178.76086,-26.457402,-85.148574,-0.894673,-0.442016,0.059121,-0.019352,-0.093754,-0.995208,0.445532,-0.891872,0.075699,0.27336,-0.196872,-0.106235,-179.343654,-29.716701,-29.330223,-0.868301,-0.232834,0.437741,-0.009947,-0.874407,-0.48486,0.495712,-0.425414,0.757142,0.328947,-0.174213,-0.097529,163.47571,-12.645512,-1.569635,-0.935261,-0.29001,0.20201,0.277468,-0.956454,-0.088497,0.218918,-0.026727,0.975375,0.414337,-0.207699,-0.113714,164.655653,-13.76307,138.641908,-0.936229,0.350132,0.002509,0.256902,0.682429,0.684213,0.237907,0.641525,-0.728741
0.279834,0.166427,-0.100766,166.393752,-26.535312,-128.03855,-0.869007,-0.197005,-0.452785,0.210335,0.681931,-0.700399,0.446749,-0.704264,-0.550995,0.316111,0.152921,-0.090274,171.154508,1.632306,-96.629945,-0.987305,0.045735,-0.149421,0.153646,0.110113,-0.981787,-0.028485,-0.992684,-0.115383,0.407752,0.162967,-0.108579,-178.800834,-26.547658,-85.218302,-0.894233,-0.443549,0.05807,-0.018718,-0.092523,-0.995465,0.446942,-0.891384,0.074565,0.27336,-0.19676,-0.106235,-179.324661,-29.71374,-29.3507,-0.86842,-0.232667,0.437786,-0.010236,-0.874407,-0.485028,0.495667,-0.425703,0.757023,0.328947,-0.174213,-0.097529,163.491746,-12.675353,-1.58132,-0.935276,-0.289811,0.202462,0.277188,-0.956558,-0.088781,0.219427,-0.026923,0.975256,0.414449,-0.207811,-0.113714,164.624181,-13.761799,138.624433,-0.935959,0.350465,0.002965,0.257381,0.68209,0.684339,0.237886,0.641669,-0.728456
0.279834,0.166427,-0.100766,166.408453,-26.55937,-128.067228,-0.869242,-0.197255,-0.452965,0.210156,0.682128,-0.700343,0.447125,-0.704085,-0.551423,0.316111,0.152921,-0.090162,171.13269,1.625715,-96.695296,-0.987099,0.045844,-0.149729,0.153999,0.111376,-0.98152,-0.02837,-0.992469,-0.116506,0.40764,0.163078,-0.108579,-178.784553,-26.5987,-85.253445,-0.893853,-0.444351,0.058152,-0.018965,-0.09208,-0.995514,0.447739,-0.891044,0.073986,0.273472,-0.19676,-0.106235,-179.304352,-29.706757,-29.367759,-0.868082,-0.232485,0.43777,-0.01054,-0.87395,-0.485136,0.495561,-0.425933,0.756904,0.328947,-0.174213,-0.097529,163.493462,-12.67742,-1.595435,-0.93529,-0.289837,0.202427,0.277162,-0.956558,-0.089021,0.219462,-0.027163,0.975241,0.414337,-0.207811,-0.113714,164.622913,-13.804147,138.64358,-0.935782,0.350938,0.002343,0.257355,0.682186,0.684253,0.238604,0.641308,-0.728537
0.279834,0.166427,-0.100766,166.423761,-26.565716,-128.0866,-0.868853,-0.197345,-0.452865,0.209816,0.682519,-0.699975,0.447224,-0.703593,-0.551421,0.316111,0.152809,-0.090162,171.134958,1.623635,-96.735726,-0.987502,0.045887,-0.149733,0.154022,0.1117,-0.981662,-0.028334,-0.992611,-0.117233,0.407752,0.16319,-0.108356,-178.750905,-26.629621,-85.268527,-0.893503,-0.444796,0.058635,-0.019482,-0.091988,-0.995462,0.448221,-0.890775,0.073728,0.273472,-0.19676,-0.106235,-179.304352,-29.706757,-29.367759,-0.868082,-0.232485,0.43777,-0.01054,-0.87395,-0.485136,0.495561,-0.425933,0.756904,0.328836,-0.174213,-0.097641,163.482476,-12.708109,-1.60405,-0.935305,-0.290118,0.202864,0.277361,-0.956663,-0.089358,0.219984,-0.027307,0.975122,0.414337,-0.207699,-0.113714,164.622913,-13.804147,138.64358,-0.935782,0.350938,0.002343,0.257355,0.682186,0.684253,0.238604,0.641308,-0.728537
0.279834,0.166427,-0.100766,166.4455,-26.57605,-128.123838,-0.868894,-0.197434,-0.452829,0.209477,0.682909,-0.699704,0.447385,-0.703197,-0.55185,0.316111,0.152809,-0.090162,171.131518,1.640879,-96.759691,-0.987218,0.046266,-0.14969,0.154038,0.112314,-0.981467,-0.028635,-0.992403,-0.117629,0.407529,0.162967,-0.108356,-178.754195,-26.772407,-85.281133,-0.892481,-0.44703,0.058688,-0.019409,-0.091892,-0.995522,0.450448,-0.889723,0.073443,0.273472,-0.19676,-0.106235,-179.289283,-29.702835,-29.371261,-0.868082,-0.232256,0.43783,-0.010769,-0.87395,-0.485075,0.495502,-0.425994,0.756904,0.328947,-0.174213,-0.097641,163.484196,-12.710178,-1.618168,-0.935319,-0.290144,0.202829,0.277335,-0.956663,-0.089598,0.220019,-0.027547,0.975107,0.414226,-0.207811,-0.113602,164.598766,-13.772239,138.632154,-0.935959,0.350912,0.003142,0.257828,0.681928,0.68437,0.238063,0.641637,-0.728619
0.279834,0.166427,-0.100766,166.452876,-26.580099,-128.150186,-0.86913,-0.197371,-0.45289,0.209416,0.683104,-0.699587,0.447448,-0.70308,-0.55228,0.316111,0.152809,-0.090162,171.131518,1.640879,-96.759691,-0.987218,0.046266,-0.14969,0.154038,0.112314,-0.981467,-0.028635,-0.992403,-0.117629,0.407417,0.162967,-0.108356,-178.704074,-26.792588,-85.317195,-0.892102,-0.447307,0.05925,-0.020181,-0.091452,-0.995442,0.450762,-0.889511,0.072862,0.273472,-0.19676,-0.106235,-179.300428,-29.721821,-29.370869,-0.868082,-0.232544,0.437999,-0.0106,-0.874072,-0.48515,0.495789,-0.425918,0.756782,0.328947,-0.174213,-0.097641,163.495993,-12.707683,-1.605591,-0.935305,-0.289878,0.202872,0.277121,-0.956663,-0.089332,0.219977,-0.027333,0.975122,0.414226,-0.207811,-0.113491,164.597744,-13.77371,138.60876,-0.93569,0.350887,0.003198,0.257771,0.681751,0.684505,0.238088,0.641772,-0.728172
0.279834,0.166539,-0.100766,166.480656,-26.592601,-128.163481,-0.868935,-0.197739,-0.452695,0.208923,0.683301,-0.699496,0.447644,-0.70274,-0.552277,0.315999,0.152809,-0.090162,171.13037,1.659063,-96.78244,-0.987258,0.046636,-0.149663,0.154064,0.112605,-0.981453,-0.028952,-0.992377,-0.118025,0.407417,0.162967,-0.108356,-178.723747,-26.82254,-85.280043,-0.89181,-0.447767,0.059221,-0.019868,-0.091889,-0.995376,0.451229,-0.889198,0.073417,0.27336,-0.19676,-0.106235,-179.315503,-29.739852,-29.353496,-0.867963,-0.232771,0.438182,-0.01037,-0.874194,-0.484997,0.496063,-0.425614,0.756779,0.328947,-0.174213,-0.097641,163.494274,-12.705616,-1.591474,-0.93529,-0.289851,0.202907,0.277147,-0.956663,-0.089092,0.219942,-0.027093,0.975136,0.414226,-0.207699,-0.113602,164.615491,-13.78166,138.606694,-0.93569,0.350752,0.002887,0.25746,0.681832,0.68453,0.238223,0.641747,-0.728091
0.279834,0.166539,-0.100766,166.480656,-26.592601,-128.163481,-0.868935,-0.197739,-0.452695,0.208923,0.683301,-0.699496,0.447644,-0.70274,-0.552277,0.316111,0.152809,-0.090162,171.110923,1.65943,-96.763303,-0.987218,0.04663,-0.150014,0.154401,0.112249,-0.981447,-0.028958,-0.992423,-0.117695,0.407305,0.162967,-0.108468,-178.728914,-26.884829,-85.274018,-0.891489,-0.44873,0.059301,-0.019781,-0.09215,-0.995441,0.452199,-0.888783,0.073477,0.27336,-0.196872,-0.106235,-179.319434,-29.738895,-29.336519,-0.867845,-0.23271,0.438196,-0.010309,-0.874194,-0.484769,0.496048,-0.425386,0.756898,0.328947,-0.174213,-0.097641,163.492555,-12.703549,-1.577357,-0.935276,-0.289825,0.202942,0.277173,-0.956663,-0.088851,0.219907,-0.026853,0.975151,0.414003,-0.207587,-0.113602,164.624197,-13.797228,138.598604,-0.935867,0.350857,0.002704,0.257355,0.681655,0.684794,0.238486,0.64193,-0.728091
0.279834,0.166539,-0.100766,166.480656,-26.592601,-128.163481,-0.868935,-0.197739,-0.452695,0.208923,0.683301,-0.699496,0.447644,-0.70274,-0.552277,0.316111,0.152921,-0.090274,171.12122,1.650154,-96.761495,-0.987218,0.046448,-0.149852,0.15422,0.112282,-0.981457,-0.028797,-0.992413,-0.117662,0.407417,0.162967,-0.108579,-178.740609,-26.911536,-85.256623,-0.890818,-0.44916,0.059148,-0.019584,-0.091887,-0.995229,0.452614,-0.888324,0.073711,0.27336,-0.196872,-0.106235,-179.339749,-29.745878,-29.319451,-0.868182,-0.232892,0.438213,-0.010005,-0.87465,-0.484661,0.496154,-0.425156,0.757017,0.328947,-0.174324,-0.097641,163.477321,-12.701902,-1.561699,-0.935261,-0.290039,0.20297,0.27744,-0.956663,-0.088638,0.219879,-0.026586,0.975165,0.414114,-0.207699,-0.113491,164.627843,-13.764192,138.614544,-0.936136,0.350481,0.003006,0.257365,0.681913,0.684562,0.237926,0.641892,-0.728456
0.279834,0.166539,-0.100766,166.481633,-26.592651,-128.172003,-0.868741,-0.197676,-0.452695,0.208861,0.683496,-0.699281,0.447644,-0.702525,-0.552277,0.315999,0.152809,-0.090274,171.110941,1.660943,-96.742473,-0.987179,0.046604,-0.15002,0.154395,0.111925,-0.981467,-0.028985,-0.992443,-0.117331,0.407417,0.162967,-0.108691,-178.747701,-26.955094,-85.24632,-0.890848,-0.449824,0.059258,-0.019474,-0.092412,-0.995375,0.453292,-0.888149,0.073857,0.273472,-0.196872,-0.106235,-179.336458,-29.724976,-29.285911,-0.867945,-0.232482,0.438073,-0.010052,-0.874529,-0.484129,0.495837,-0.424775,0.757376,0.328947,-0.174213,-0.097752,163.503042,-12.713095,-1.548684,-0.935247,-0.28954,0.203259,0.276979,-0.956716,-0.08838,0.220069,-0.026364,0.975127,0.414114,-0.207699,-0.113491,164.636891,-13.75658,138.620574,-0.935959,0.350242,0.002877,0.257158,0.682171,0.684323,0.237797,0.641684,-0.728375
0.279834,0.166539,-0.100766,166.475578,-26.606433,-128.171972,-0.868741,-0.197774,-0.45291,0.208958,0.683496,-0.69928,0.447859,-0.702525,-0.552277,0.315999,0.152921,-0.090274,171.100666,1.671736,-96.723458,-0.987139,0.046759,-0.150189,0.15457,0.111568,-0.981477,-0.029173,-0.992473,-0.117001,0.407417,0.162855,-0.108803,-178.784786,-27.005214,-85.229307,-0.890527,-0.450641,0.058829,-0.01889,-0.092499,-0.995411,0.454072,-0.887763,0.07409,0.27336,-0.196872,-0.106235,-179.351531,-29.728889,-29.282404,-0.867945,-0.232711,0.438013,-0.009824,-0.874529,-0.48419,0.495897,-0.424714,0.757376,0.328947,-0.174213,-0.097752,163.503443,-12.727195,-1.546702,-0.935247,-0.289547,0.2035,0.276972,-0.956768,-0.088415,0.220309,-0.026329,0.975074,0.414337,-0.207699,-0.113491,164.668365,-13.757853,138.638055,-0.936229,0.349909,0.00242,0.256679,0.68251,0.684197,0.237819,0.64154,-0.72866
0.279834,0.166539,-0.100766,166.469523,-26.620217,-128.171941,-0.868741,-0.197871,-0.453125,0.209055,0.683496,-0.69928,0.448075,-0.702526,-0.552277,0.316111,0.152921,-0.090274,171.081202,1.670599,-96.725162,-0.987139,0.046779,-0.150532,0.154914,0.111535,-0.98145,-0.029153,-0.992499,-0.117034,0.407417,0.162967,-0.108803,-178.732749,-27.056341,-85.234016,-0.889857,-0.451362,0.059697,-0.019685,-0.092586,-0.995259,0.454866,-0.887244,0.073973,0.27336,-0.196872,-0.106235,-179.358753,-29.748833,-29.298967,-0.868064,-0.233059,0.438168,-0.009716,-0.87465,-0.484494,0.496199,-0.424867,0.757136,0.328947,-0.174213,-0.097752,163.489523,-12.713514,-1.547141,-0.935247,-0.28978,0.203252,0.277219,-0.956716,-0.088407,0.220076,-0.026337,0.975127,0.414114,-0.207922,-0.113379,164.607809,-13.764624,138.638184,-0.935782,0.350673,0.003013,0.25762,0.682186,0.684131,0.237934,0.64143,-0.728537
0.279834,0.166539,-0.100766,166.470528,-26.604312,-128.204461,-0.868783,-0.197433,-0.453068,0.209049,0.683882,-0.698885,0.447826,-0.702255,-0.552709,0.316111,0.152921,-0.090274,171.080104,1.691812,-96.706269,-0.987099,0.047096,-0.150519,0.154927,0.111178,-0.981477,-0.029523,-0.992512,-0.116704,0.407529,0.162967,-0.108803,-178.744015,-27.066651,-85.233782,-0.889857,-0.451537,0.059537,-0.01951,-0.092586,-0.995303,0.455027,-0.8872,0.073973,0.27336,-0.196872,-0.106235,-179.354837,-29.763905,-29.302067,-0.868064,-0.233119,0.438396,-0.009775,-0.874772,-0.484508,0.496427,-0.424852,0.757014,0.328947,-0.174213,-0.097641,163.516563,-12.712677,-1.550227,-0.935247,-0.2893,0.203267,0.276739,-0.956716,-0.088354,0.220062,-0.02639,0.975127,0.413891,-0.207587,-0.113379,164.720365,-13.877168,138.542643,-0.936129,0.350607,0.000965,0.255738,0.68127,0.685819,0.239841,0.642514,-0.72732
0.279834,0.166539,-0.100766,166.471507,-26.604363,-128.212992,-0.868589,-0.19737,-0.453067,0.208987,0.684076,-0.69867,0.447827,-0.70204,-0.552709,0.316111,0.152809,-0.090274,171.050351,1.69996,-96.709805,-0.987099,0.047297,-0.151024,0.155452,0.111112,-0.98144,-0.029666,-0.992549,-0.11677,0.407529,0.162855,-0.108914,-178.774958,-27.094769,-85.232222,-0.889507,-0.452025,0.059012,-0.019021,-0.092236,-0.995274,0.455464,-0.886908,0.073973,0.27336,-0.196872,-0.106235,-179.338458,-29.755963,-29.302163,-0.867607,-0.232876,0.438395,-0.010018,-0.874316,-0.484388,0.496307,-0.424854,0.757014,0.328836,-0.174213,-0.097529,163.504357,-12.701062,-1.564781,-0.935261,-0.289559,0.202984,0.27696,-0.956663,-0.088585,0.219864,-0.026639,0.975165,0.414114,-0.207587,-0.113491,164.814108,-14.126323,138.438005,-0.93514,0.352115,-0.002688,0.253825,0.680028,0.687666,0.244061,0.642904,-0.725088
0.279834,0.166539,-0.100766,166.458454,-26.615932,-128.228388,-0.869019,-0.197252,-0.453441,0.2093,0.684075,-0.698704,0.448008,-0.7022,-0.55314,0.316111,0.152809,-0.090274,171.027468,1.719092,-96.693861,-0.986736,0.047644,-0.151338,0.155799,0.111045,-0.981258,-0.029999,-0.992407,-0.116473,0.407529,0.162744,-0.109026,-178.818911,-27.16424,-85.276694,-0.889098,-0.453212,0.05802,-0.01833,-0.091274,-0.995443,0.456543,-0.886477,0.073245,0.273248,-0.196872,-0.106124,-179.287363,-29.805345,-29.335205,-0.867269,-0.232703,0.439351,-0.010788,-0.874348,-0.484493,0.497055,-0.425087,0.756407,0.328836,-0.174213,-0.097529,163.536557,-12.706407,-1.610215,-0.935305,-0.289158,0.202893,0.276401,-0.956663,-0.089253,0.219955,-0.027412,0.975122,0.413779,-0.207476,-0.113714,164.813685,-14.404707,138.427477,-0.934335,0.355206,-0.005909,0.253614,0.678926,0.688916,0.248769,0.642459,-0.724318
0.279834,0.16665,-0.100766,166.460413,-26.616039,-128.245461,-0.868631,-0.197127,-0.45344,0.209175,0.684463,-0.698273,0.448009,-0.70177,-0.55314,0.316111,0.152809,-0.090274,171.008006,1.717961,-96.695585,-0.986736,0.047664,-0.151682,0.156142,0.111012,-0.981232,-0.02998,-0.992434,-0.116507,0.40764,0.162744,-0.109138,-178.852225,-27.31394,-85.2832,-0.887728,-0.455592,0.057532,-0.017786,-0.090751,-0.995406,0.458866,-0.885203,0.073038,0.27336,-0.196872,-0.106124,-179.188978,-29.903161,-29.384554,-0.866475,-0.232297,0.441278,-0.012266,-0.874414,-0.484473,0.498536,-0.425326,0.755308,0.328724,-0.174213,-0.097529,163.6188,-12.716089,-1.688946,-0.935858,-0.288124,0.202781,0.275104,-0.957143,-0.090329,0.22012,-0.02875,0.975049,0.413556,-0.207587,-0.114272,164.76207,-14.880485,138.305208,-0.93166,0.360898,-0.010452,0.253789,0.675917,0.691701,0.256804,0.642348,-0.721088
0.279946,0.16665,-0.100766,166.447,-26.609825,-128.243069,-0.868631,-0.196912,-0.453537,0.20939,0.684461,-0.698211,0.447912,-0.701832,-0.553142,0.316223,0.152809,-0.090385,170.988545,1.716829,-96.697313,-0.986736,0.047683,-0.152025,0.156486,0.110978,-0.981205,-0.02996,-0.99246,-0.11654,0.407417,0.162632,-0.109138,-178.892805,-27.445385,-85.264744,-0.886737,-0.457666,0.057155,-0.017138,-0.090843,-0.995436,0.460903,-0.884153,0.073238,0.273248,-0.19676,-0.106012,-179.111293,-30.006675,-29.457734,-0.865462,-0.232458,0.442995,-0.013425,-0.874029,-0.484971,0.500101,-0.425841,0.753968,0.328612,-0.174101,-0.097306,163.762129,-12.677689,-1.852241,-0.936489,-0.286229,0.201566,0.272747,-0.957414,-0.092363,0.219466,-0.031534,0.975107,0.413445,-0.207252,-0.113714,164.819441,-14.930025,138.274821,-0.932196,0.360864,-0.011398,0.252932,0.675545,0.692498,0.257639,0.642888,-0.720924
0.279946,0.166539,-0.100766,166.440979,-26.607669,-128.267034,-0.868867,-0.196633,-0.453695,0.209543,0.684653,-0.69803,0.447879,-0.701776,-0.553574,0.316223,0.152698,-0.090385,170.958773,1.72344,-96.721708,-0.986776,0.047912,-0.152524,0.157018,0.111235,-0.981148,-0.030075,-0.992477,-0.116971,0.407417,0.162855,-0.108914,-178.838896,-27.446401,-85.317603,-0.886679,-0.457651,0.057662,-0.017971,-0.09032,-0.995451,0.460919,-0.884196,0.072421,0.273137,-0.19676,-0.106012,-179.053831,-30.060638,-29.569357,-0.865265,-0.232809,0.443758,-0.01429,-0.873609,-0.486216,0.500916,-0.427095,0.75276,0.328612,-0.173878,-0.097194,163.872737,-12.61973,-1.971902,-0.937078,-0.284726,0.200204,0.270957,-0.957634,-0.093696,0.218479,-0.033578,0.975259,0.413445,-0.207699,-0.113491,164.663429,-14.999169,138.229531,-0.93113,0.363443,-0.010088,0.255367,0.67384,0.693247,0.258805,0.643205,-0.720132
0.279946,0.166539,-0.100766,166.461412,-26.600148,-128.278004,-0.868674,-0.196689,-0.453382,0.209169,0.684849,-0.697878,0.447761,-0.701498,-0.553572,0.316334,0.152809,-0.090274,170.983995,1.792535,-96.746799,-0.986815,0.049111,-0.151932,0.156579,0.111491,-0.981193,-0.031281,-0.992393,-0.117401,0.407417,0.162855,-0.108914,-178.882177,-27.444532,-85.306155,-0.886679,-0.45768,0.056992,-0.017301,-0.090144,-0.995465,0.46089,-0.884183,0.072597,0.273137,-0.196648,-0.105901,-179.044475,-30.058443,-29.599987,-0.865047,-0.232919,0.443668,-0.014428,-0.873153,-0.486612,0.500883,-0.427491,0.752521,0.328612,-0.173989,-0.097082,163.883263,-12.558854,-2.038444,-0.937622,-0.284825,0.198891,0.270927,-0.957855,-0.094492,0.217442,-0.034719,0.975454,0.413445,-0.207364,-0.113714,164.648059,-15.126363,138.22342,-0.930419,0.364984,-0.011433,0.255441,0.673329,0.693695,0.260949,0.642844,-0.719574
0.279946,0.166539,-0.100766,166.455385,-26.597994,-128.301968,-0.86891,-0.19641,-0.453541,0.209323,0.685041,-0.697698,0.447728,-0.701442,-0.554005,0.316334,0.152809,-0.090385,170.970184,1.819001,-96.772684,-0.986531,0.049673,-0.15205,0.156778,0.112071,-0.980988,-0.031742,-0.992195,-0.117832,0.407529,0.162855,-0.109026,-178.908594,-27.427663,-85.296888,-0.887378,-0.457434,0.056731,-0.016905,-0.090666,-0.99571,0.460628,-0.884578,0.072774,0.273137,-0.196648,-0.105901,-179.036569,-30.060333,-29.634058,-0.865286,-0.233042,0.443639,-0.014551,-0.873153,-0.487068,0.500912,-0.427947,0.752282,0.328612,-0.173989,-0.097194,163.900247,-12.562428,-2.068205,-0.937654,-0.284636,0.198831,0.270636,-0.957855,-0.094947,0.217503,-0.035225,0.975422,0.413333,-0.207141,-0.113602,164.655656,-15.16826,138.154653,-0.930424,0.365394,-0.011544,0.255309,0.672351,0.694729,0.261655,0.643676,-0.718767
0.280057,0.166539,-0.100766,166.462408,-26.552389,-128.358558,-0.86919,-0.195501,-0.453211,0.209277,0.685618,-0.697124,0.447016,-0.701112,-0.554869,0.316334,0.152809,-0.090497,170.962247,1.829247,-96.773317,-0.986855,0.049845,-0.152229,0.156969,0.111714,-0.98116,-0.031921,-0.992386,-0.117866,0.407529,0.162744,-0.109026,-178.955271,-27.382949,-85.254327,-0.887407,-0.456787,0.056113,-0.016183,-0.090663,-0.995545,0.459936,-0.884714,0.073447,0.273137,-0.196648,-0.105901,-179.002427,-30.053359,-29.658197,-0.865406,-0.232648,0.443744,-0.015069,-0.873153,-0.487173,0.500806,-0.428299,0.752162,0.328612,-0.173989,-0.097194,163.915058,-12.549877,-2.085753,-0.937671,-0.284414,0.198564,0.270378,-0.957803,-0.095127,0.217289,-0.035526,0.975458,0.413668,-0.207141,-0.113602,164.684829,-15.143826,138.056433,-0.930611,0.364796,-0.010993,0.254851,0.67144,0.695765,0.261243,0.644951,-0.717711
0.280057,0.166539,-0.100766,166.435583,-26.524062,-128.377806,-0.869427,-0.194695,-0.453347,0.209765,0.685806,-0.696819,0.446574,-0.701179,-0.555306,0.316334,0.152921,-0.090385,170.97141,1.839665,-96.773432,-0.986855,0.050007,-0.152048,0.156807,0.111714,-0.981177,-0.032103,-0.992369,-0.117866,0.407529,0.162855,-0.109026,-178.963383,-27.324178,-85.21972,-0.888136,-0.45585,0.056238,-0.01607,-0.091449,-0.995607,0.459024,-0.885264,0.074031,0.273248,-0.196648,-0.105789,-178.987368,-30.021089,-29.689366,-0.865645,-0.232423,0.44332,-0.015301,-0.872906,-0.487539,0.500319,-0.428845,0.75217,0.328612,-0.173878,-0.097194,163.948821,-12.524259,-2.107189,-0.938167,-0.283977,0.198091,0.269922,-0.95818,-0.095255,0.216853,-0.035894,0.975544,0.413779,-0.207029,-0.113379,164.733771,-15.113133,138.004876,-0.930526,0.363812,-0.011029,0.253974,0.671412,0.696006,0.260726,0.64542,-0.716935
0.280057,0.166539,-0.100766,166.43053,-26.537916,-128.386329,-0.869234,-0.194729,-0.453561,0.2098,0.685999,-0.696603,0.44679,-0.700965,-0.555306,0.316334,0.152921,-0.090274,170.97822,1.849111,-96.774776,-0.986531,0.050178,-0.151849,0.156636,0.112037,-0.981012,-0.032267,-0.992171,-0.117866,0.407529,0.162744,-0.108803,-178.997901,-27.240679,-85.230685,-0.888777,-0.454626,0.055434,-0.015546,-0.090924,-0.995645,0.457729,-0.885926,0.073915,0.273248,-0.196648,-0.105789,-178.981954,-30.017948,-29.70296,-0.865309,-0.232471,0.443244,-0.015377,-0.87245,-0.487707,0.500271,-0.429013,0.75205,0.328724,-0.173878,-0.097082,163.961452,-12.495588,-2.112503,-0.938167,-0.283721,0.197619,0.269698,-0.958078,-0.09516,0.216364,-0.035989,0.975647,0.413668,-0.207252,-0.113379,164.680786,-15.125121,137.986104,-0.930441,0.364606,-0.010345,0.254875,0.670721,0.696392,0.260928,0.645744,-0.716821
0.280057,0.166539,-0.100766,166.449955,-26.514396,-128.41275,-0.869471,-0.194472,-0.453192,0.209545,0.686193,-0.696486,0.446423,-0.700844,-0.555736,0.316334,0.152921,-0.090274,170.986204,1.87769,-96.797707,-0.986571,0.05071,-0.15164,0.156501,0.112327,-0.981017,-0.032766,-0.992126,-0.118264,0.407529,0.162744,-0.108914,-178.997866,-27.178701,-85.216026,-0.889127,-0.453658,0.055434,-0.015553,-0.091011,-0.995562,0.456767,-0.886329,0.074178,0.273248,-0.196648,-0.105901,-178.962922,-30.014921,-29.72354,-0.865429,-0.232304,0.44329,-0.015666,-0.87245,-0.487874,0.500226,-0.429303,0.75193,0.328724,-0.173766,-0.097082,163.991057,-12.470464,-2.147555,-0.9382,-0.283275,0.197086,0.269183,-0.957975,-0.095521,0.215936,-0.036589,0.975717,0.413668,-0.207252,-0.113379,164.65716,-15.128926,137.94935,-0.930536,0.364974,-0.0098,0.255314,0.670015,0.696964,0.260992,0.646326,-0.716543
0.280057,0.166539,-0.100766,166.449955,-26.514396,-128.41275,-0.869471,-0.194472,-0.453192,0.209545,0.686193,-0.696486,0.446423,-0.700844,-0.555736,0.316334,0.152921,-0.090274,170.975856,1.885429,-96.820413,-0.986611,0.050919,-0.151794,0.15669,0.112616,-0.980987,-0.032901,-0.992116,-0.118661,0.407529,0.162855,-0.108803,-178.990294,-27.130817,-85.207663,-0.889827,-0.452887,0.055652,-0.015683,-0.091537,-0.995677,0.456024,-0.886855,0.074352,0.273248,-0.196537,-0.105901,-178.920905,-30.023944,-29.767943,-0.865669,-0.232031,0.443609,-0.016306,-0.872574,-0.488221,0.500362,-0.429868,0.751567,0.328836,-0.173766,-0.097082,164.011231,-12.445304,-2.167449,-0.938697,-0.283079,0.196605,0.268968,-0.958353,-0.095675,0.215508,-0.036931,0.975803,0.413779,-0.207252,-0.113379,164.660294,-15.132784,137.916032,-0.930452,0.364969,-0.009699,0.255236,0.669655,0.697318,0.261057,0.646681,-0.716098
0.280057,0.16665,-0.100766,166.477738,-26.510915,-128.450077,-0.869515,-0.194465,-0.45294,0.209109,0.686581,-0.696216,0.446368,-0.700447,-0.556165,0.316334,0.152921,-0.090162,170.992872,1.921373,-96.885164,-0.986732,0.051666,-0.151389,0.156409,0.113552,-0.980968,-0.033528,-0.992014,-0.119786,0.407529,0.162855,-0.108691,-178.994382,-27.035632,-85.203208,-0.890148,-0.451429,0.055381,-0.015625,-0.091102,-0.995492,0.454545,-0.88739,0.074466,0.273248,-0.196537,-0.105901,-178.896449,-30.017754,-29.802123,-0.865453,-0.231913,0.44358,-0.016671,-0.872118,-0.488555,0.500268,-0.430326,0.751327,0.328724,-0.173766,-0.097082,164.014648,-12.449322,-2.195694,-0.93873,-0.28313,0.196537,0.268917,-0.958353,-0.096156,0.215576,-0.037412,0.97577,0.413668,-0.207252,-0.113937,164.599754,-15.368709,137.830306,-0.929048,0.368241,-0.011284,0.255907,0.667557,0.699058,0.26503,0.646969,-0.714266
0.280057,0.16665,-0.100766,166.499473,-26.505286,-128.511371,-0.869797,-0.19418,-0.452846,0.208828,0.687161,-0.695764,0.44628,-0.699993,-0.557027,0.316334,0.153033,-0.090274,170.990462,1.918865,-96.907267,-0.98645,0.051702,-0.151364,0.156407,0.114199,-0.980766,-0.033484,-0.991812,-0.12015,0.40764,0.162744,-0.108803,-179.066882,-27.01189,-85.238497,-0.89041,-0.451208,0.053827,-0.014502,-0.089969,-0.995641,0.454175,-0.88765,0.073937,0.27336,-0.196537,-0.105901,-178.843398,-29.993523,-29.860617,-0.865813,-0.231354,0.44349,-0.01748,-0.871994,-0.48904,0.499902,-0.431209,0.751089,0.328836,-0.173766,-0.097082,164.06244,-12.415599,-2.276457,-0.938813,-0.282512,0.19567,0.268094,-0.9582,-0.097177,0.215001,-0.038792,0.97584,0.413556,-0.207141,-0.113714,164.594726,-15.392537,137.779444,-0.928702,0.368526,-0.011253,0.255899,0.666931,0.699604,0.265431,0.647394,-0.713462
0.280169,0.16665,-0.100766,166.500418,-26.489427,-128.543959,-0.869841,-0.193743,-0.452787,0.208824,0.687545,-0.695368,0.446033,-0.69972,-0.557459,0.316334,0.152921,-0.090274,170.983664,1.909413,-96.905895,-0.986773,0.051531,-0.151563,0.156578,0.113876,-0.980931,-0.033319,-0.992011,-0.12015,0.407863,0.162744,-0.108579,-179.079117,-26.839188,-85.294256,-0.892015,-0.448594,0.053015,-0.014338,-0.089106,-0.995843,0.451488,-0.889198,0.073195,0.27336,-0.196537,-0.105901,-178.795892,-30.013495,-29.904867,-0.865598,-0.231127,0.443977,-0.018194,-0.871785,-0.48934,0.500204,-0.4317,0.750602,0.328836,-0.173878,-0.097082,164.088906,-12.384324,-2.354701,-0.939379,-0.282407,0.194813,0.267786,-0.958528,-0.098259,0.214468,-0.04013,0.975907,0.413891,-0.207029,-0.113714,164.597397,-15.561503,137.617055,-0.928212,0.370423,-0.012182,0.255717,0.664338,0.702196,0.268273,0.649043,-0.711218
0.280169,0.16665,-0.100878,166.513788,-26.479681,-128.570328,-0.870079,-0.193583,-0.452633,0.208666,0.687738,-0.69525,0.44588,-0.6996,-0.55789,0.316334,0.152921,-0.090274,170.984814,1.88972,-96.903906,-0.986773,0.051188,-0.151583,0.156558,0.11391,-0.980923,-0.032976,-0.992018,-0.120116,0.407752,0.162744,-0.108468,-179.060238,-26.707163,-85.307854,-0.893007,-0.446528,0.053058,-0.014648,-0.088942,-0.995832,0.449431,-0.89023,0.073067,0.27336,-0.196425,-0.105789,-178.776896,-30.010431,-29.925456,-0.865718,-0.230961,0.444023,-0.018483,-0.871785,-0.489507,0.500158,-0.43199,0.750482,0.328836,-0.173766,-0.097082,164.118945,-12.37322,-2.387796,-0.939413,-0.281969,0.194522,0.267263,-0.958477,-0.098655,0.214279,-0.040695,0.975923,0.413779,-0.206918,-0.113714,164.610243,-15.687463,137.638077,-0.927587,0.371622,-0.01402,0.255322,0.664351,0.7023,0.27039,0.648314,-0.710943
0.280169,0.16665,-0.100878,166.52814,-26.469998,-128.6053,-0.870125,-0.193361,-0.452477,0.208447,0.688124,-0.694917,0.445729,-0.699264,-0.558321,0.316334,0.152921,-0.090274,170.993868,1.897087,-96.945729,-0.986854,0.051403,-0.151387,0.156411,0.114556,-0.980899,-0.033104,-0.991961,-0.120844,0.407752,0.162409,-0.108691,-179.122353,-26.571163,-85.320296,-0.893971,-0.444525,0.05168,-0.013695,-0.088089,-0.995862,0.447309,-0.89125,0.072956,0.27336,-0.196425,-0.105789,-178.750717,-29.987378,-29.929253,-0.865718,-0.230445,0.443915,-0.018879,-0.871662,-0.489369,0.499809,-0.432127,0.750605,0.328836,-0.173766,-0.097082,164.138353,-12.352513,-2.449513,-0.939483,-0.281812,0.193914,0.266939,-0.958376,-0.099523,0.213926,-0.04175,0.975955,0.413668,-0.206806,-0.113602,164.564915,-15.759339,137.607885,-0.927244,0.372977,-0.014067,0.256016,0.663385,0.703006,0.271597,0.648575,-0.710477
0.280169,0.16665,-0.100989,166.537416,-26.458256,-128.672847,-0.870216,-0.192799,-0.452478,0.208319,0.688892,-0.694186,0.445546,-0.698656,-0.559186,0.316223,0.152921,-0.090274,171.004128,1.886297,-96.964718,-0.986895,0.051247,-0.151218,0.156236,0.114913,-0.980889,-0.032916,-0.99193,-0.121174,0.40764,0.162632,-0.108579,-179.030736,-26.422497,-85.387514,-0.895257,-0.442126,0.052602,-0.015146,-0.08775,-0.995949,0.444987,-0.892563,0.07201,0.27336,-0.196425,-0.105677,-178.731816,-29.97014,-29.9636,-0.865959,-0.23028,0.44372,-0.01917,-0.871538,-0.48975,0.499549,-0.432659,0.750487,0.328836,-0.173766,-0.096971,164.155542,-12.315709,-2.498957,-0.939536,-0.281621,0.1931,0.266649,-0.958224,-0.100116,0.213298,-0.042598,0.976054,0.413668,-0.206583,-0.113714,164.609429,-15.870235,137.565841,-0.926902,0.373677,-0.015675,0.255147,0.66284,0.703828,0.27346,0.648721,-0.70959
0.280169,0.166762,-0.100989,166.577526,-26.444899,-128.727945,-0.870693,-0.192696,-0.452073,0.207789,0.689279,-0.694012,0.445337,-0.698353,-0.560046,0.316223,0.152921,-0.090274,171.024702,1.866252,-96.981853,-0.986936,0.05091,-0.150888,0.155879,0.115304,-0.980888,-0.032566,-0.991891,-0.12147,0.407975,0.162632,-0.108356,-178.999941,-26.218597,-85.485847,-0.89681,-0.438991,0.052124,-0.015655,-0.086205,-0.996067,0.441797,-0.89425,0.070601,0.27336,-0.196425,-0.105677,-178.674892,-29.987795,-30.038537,-0.86553,-0.230164,0.444118,-0.020021,-0.870873,-0.490445,0.499816,-0.433546,0.749758,0.328836,-0.173766,-0.096971,164.163576,-12.31159,-2.571431,-0.939625,-0.281738,0.192689,0.266532,-0.958174,-0.101283,0.213228,-0.043833,0.976015,0.413779,-0.206471,-0.114049,164.651208,-16.039356,137.47121,-0.926403,0.375089,-0.017557,0.254283,0.661396,0.70552,0.276298,0.649404,-0.707986
0.280169,0.166762,-0.100989,166.638029,-26.423938,-128.794096,-0.870979,-0.192651,-0.451354,0.206886,0.689861,-0.693684,0.445009,-0.697772,-0.560904,0.316223,0.152921,-0.090274,171.034972,1.855471,-97.00086,-0.986977,0.050754,-0.150719,0.155704,0.115661,-0.980877,-0.032378,-0.99186,-0.1218,0.407863,0.162632,-0.108356,-178.948263,-26.105775,-85.550545,-0.897399,-0.437218,0.052324,-0.016475,-0.08517,-0.996007,0.44003,-0.895065,0.069649,0.27336,-0.196314,-0.105677,-178.625872,-29.962538,-30.079936,-0.865772,-0.229543,0.444044,-0.020768,-0.87075,-0.490702,0.499434,-0.4342,0.749639,0.328947,-0.173655,-0.096971,164.228362,-12.262542,-2.641757,-0.940178,-0.280875,0.191654,0.265541,-0.958454,-0.102017,0.212392,-0.045039,0.976143,0.413891,-0.206918,-0.113826,164.553326,-16.058933,137.393354,-0.925542,0.376387,-0.016185,0.255748,0.659891,0.706316,0.276626,0.650094,-0.706807
0.280169,0.166762,-0.100989,166.660828,-26.434234,-128.840104,-0.870834,-0.19268,-0.451317,0.206485,0.690439,-0.693195,0.44517,-0.697159,-0.561334,0.316223,0.153033,-0.090274,171.064667,1.844358,-97.039012,-0.98706,0.050605,-0.1502,0.155193,0.116374,-0.980872,-0.032185,-0.991783,-0.122461,0.407975,0.162632,-0.108468,-178.842348,-25.967947,-85.643345,-0.898661,-0.434985,0.053353,-0.01816,-0.084568,-0.996152,0.437868,-0.896346,0.068288,0.27336,-0.196314,-0.105677,-178.525324,-29.972178,-30.168992,-0.8658,-0.228758,0.444687,-0.022289,-0.870541,-0.491272,0.499579,-0.435333,0.748908,0.328947,-0.173655,-0.096748,164.267142,-12.202412,-2.725066,-0.940751,-0.280508,0.190326,0.265015,-0.958684,-0.103009,0.211366,-0.046469,0.976301,0.413556,-0.206694,-0.113714,164.590609,-16.135288,137.326296,-0.925569,0.376857,-0.01704,0.255108,0.658977,0.707453,0.277906,0.650806,-0.705922
0.280169,0.166762,-0.101101,166.676765,-26.474194,-128.853484,-0.870642,-0.193241,-0.451556,0.206184,0.690635,-0.693101,0.445795,-0.696821,-0.56133,0.316334,0.153033,-0.090274,171.082912,1.821861,-97.07836,-0.98682,0.050303,-0.149846,0.154833,0.117409,-0.980667,-0.031792,-0.99154,-0.123123,0.408087,0.162855,-0.108468,-178.703466,-25.799258,-85.736614,-0.899925,-0.432227,0.054869,-0.020368,-0.083968,-0.996173,0.435219,-0.89775,0.066925,0.273472,-0.196314,-0.105566,-178.470826,-29.943666,-30.223952,-0.865709,-0.228185,0.444538,-0.02311,-0.869962,-0.491696,0.499148,-0.436154,0.748668,0.328947,-0.173543,-0.096748,164.31698,-12.184473,-2.817851,-0.940863,-0.279917,0.189671,0.264164,-0.958585,-0.104309,0.21106,-0.048053,0.976288,0.413445,-0.206583,-0.113602,164.609726,-16.258455,137.269287,-0.924973,0.377984,-0.018398,0.254611,0.658076,0.708445,0.279971,0.651037,-0.704763
