Sensor #1 X,Sensor #1 Y,Sensor #1 Z,"Sensor #1 Euler Angles (Z Y'X"") Z","Sensor #1 Euler Angles (Z Y'X"") Y'","Sensor #1 Euler Angles (Z Y'X"") X""","Sensor #1 Rotation Matrix M0,0","Sensor #1 Rotation Matrix M0,1","Sensor #1 Rotation Matrix M0,2","Sensor #1 Rotation Matrix M1,0","Sensor #1 Rotation Matrix M1,1","Sensor #1 Rotation Matrix M1,2","Sensor #1 Rotation Matrix M2,0","Sensor #1 Rotation Matrix M2,1","Sensor #1 Rotation Matrix M2,2",Sensor #2 X,Sensor #2 Y,Sensor #2 Z,"Sensor #2 Euler Angles (Z Y'X"") Z","Sensor #2 Euler Angles (Z Y'X"") Y'","Sensor #2 Euler Angles (Z Y'X"") X""","Sensor #2 Rotation Matrix M0,0","Sensor #2 Rotation Matrix M0,1","Sensor #2 Rotation Matrix M0,2","Sensor #2 Rotation Matrix M1,0","Sensor #2 Rotation Matrix M1,1","Sensor #2 Rotation Matrix M1,2","Sensor #2 Rotation Matrix M2,0","Sensor #2 Rotation Matrix M2,1","Sensor #2 Rotation Matrix M2,2",Sensor #3 X,Sensor #3 Y,Sensor #3 Z,"Sensor #3 Euler Angles (Z Y'X"") Z","Sensor #3 Euler Angles (Z Y'X"") Y'","Sensor #3 Euler Angles (Z Y'X"") X""","Sensor #3 Rotation Matrix M0,0","Sensor #3 Rotation Matrix M0,1","Sensor #3 Rotation Matrix M0,2","Sensor #3 Rotation Matrix M1,0","Sensor #3 Rotation Matrix M1,1","Sensor #3 Rotation Matrix M1,2","Sensor #3 Rotation Matrix M2,0","Sensor #3 Rotation Matrix M2,1","Sensor #3 Rotation Matrix M2,2",Sensor #4 X,Sensor #4 Y,Sensor #4 Z,"Sensor #4 Euler Angles (Z Y'X"") Z","Sensor #4 Euler Angles (Z Y'X"") Y'","Sensor #4 Euler Angles (Z Y'X"") X""","Sensor #4 Rotation Matrix M0,0","Sensor #4 Rotation Matrix M0,1","Sensor #4 Rotation Matrix M0,2","Sensor #4 Rotation Matrix M1,0","Sensor #4 Rotation Matrix M1,1","Sensor #4 Rotation Matrix M1,2","Sensor #4 Rotation Matrix M2,0","Sensor #4 Rotation Matrix M2,1","Sensor #4 Rotation Matrix M2,2",Sensor #5 X,Sensor #5 Y,Sensor #5 Z,"Sensor #5 Euler Angles (Z Y'X"") Z","Sensor #5 Euler Angles (Z Y'X"") Y'","Sensor #5 Euler Angles (Z Y'X"") X""","Sensor #5 Rotation Matrix M0,0","Sensor #5 Rotation Matrix M0,1","Sensor #5 Rotation Matrix M0,2","Sensor #5 Rotation Matrix M1,0","Sensor #5 Rotation Matrix M1,1","Sensor #5 Rotation Matrix M1,2","Sensor #5 Rotation Matrix M2,0","Sensor #5 Rotation Matrix M2,1","Sensor #5 Rotation Matrix M2,2",Sensor #6 X,Sensor #6 Y,Sensor #6 Z,"Sensor #6 Euler Angles (Z Y'X"") Z","Sensor #6 Euler Angles (Z Y'X"") Y'","Sensor #6 Euler Angles (Z Y'X"") X""","Sensor #6 Rotation Matrix M0,0","Sensor #6 Rotation Matrix M0,1","Sensor #6 Rotation Matrix M0,2","Sensor #6 Rotation Matrix M1,0","Sensor #6 Rotation Matrix M1,1","Sensor #6 Rotation Matrix M1,2","Sensor #6 Rotation Matrix M2,0","Sensor #6 Rotation Matrix M2,1","Sensor #6 Rotation Matrix M2,2"
0.263984,0.155711,-0.101212,-178.341932,-31.884002,-124.475664,-0.848462,-0.451586,-0.275082,-0.02456,0.553395,-0.832482,0.528201,-0.699786,-0.480512,0.321692,0.141536,-0.088264,-160.228513,-25.624645,-103.078868,-0.848146,-0.472997,0.237183,-0.304875,0.070813,-0.94958,0.432474,-0.878023,-0.203981,0.400385,0.180156,-0.127667,-152.715133,-35.69067,-91.900863,-0.721341,-0.533584,0.440557,-0.372071,-0.23722,-0.897033,0.583409,-0.811414,-0.02693,0.273472,-0.182361,-0.104449,168.420033,-46.156537,32.681441,-0.678098,0.212764,0.703006,0.138946,-0.902271,0.407199,0.721235,0.373963,0.582922,0.325264,-0.16506,-0.100989,175.025919,-19.165794,6.305167,-0.940838,-0.050242,0.334609,0.081884,-0.993161,0.08112,0.328303,0.103736,0.938853,0.415007,-0.186268,-0.128783,177.91675,-37.755071,146.656944,-0.789245,0.366532,-0.491298,0.028709,0.82283,0.567443,0.612287,0.434131,-0.65982
0.263984,0.155711,-0.101324,-178.35247,-31.909664,-124.486201,-0.848241,-0.451748,-0.27553,-0.024398,0.553615,-0.832344,0.528582,-0.69951,-0.480512,0.321692,0.141536,-0.088264,-160.217873,-25.634376,-103.087175,-0.848146,-0.473175,0.237336,-0.305053,0.070682,-0.949596,0.432627,-0.878007,-0.204111,0.400273,0.180156,-0.127778,-152.715133,-35.717468,-91.914363,-0.721002,-0.534059,0.440336,-0.371896,-0.237061,-0.897077,0.583789,-0.81107,-0.02711,0.273472,-0.182361,-0.104449,168.426179,-46.156118,32.661534,-0.677991,0.212666,0.703011,0.138849,-0.902271,0.406981,0.72123,0.373746,0.58303,0.325264,-0.16506,-0.100989,175.009731,-19.150028,6.321238,-0.940861,-0.050453,0.334389,0.082154,-0.993079,0.081328,0.328043,0.104009,0.938913,0.414896,-0.186268,-0.128671,177.857321,-37.75722,146.702132,-0.789552,0.36708,-0.490976,0.02954,0.822805,0.567486,0.612317,0.433781,-0.660422
0.263872,0.155711,-0.101212,-178.34814,-31.907353,-124.494125,-0.848021,-0.451691,-0.275565,-0.024456,0.553835,-0.832136,0.528547,-0.699303,-0.480512,0.321692,0.141536,-0.088376,-160.189024,-25.649691,-103.106362,-0.84784,-0.473514,0.237577,-0.305425,0.070728,-0.949451,0.432868,-0.877796,-0.204372,0.400162,0.180156,-0.127778,-152.737655,-35.734408,-91.914222,-0.721341,-0.534243,0.440276,-0.371712,-0.2374,-0.897317,0.584029,-0.81113,-0.02711,0.273472,-0.182361,-0.104449,168.408571,-46.151686,32.668342,-0.677991,0.212449,0.703065,0.139066,-0.902271,0.406884,0.721176,0.373844,0.58303,0.325264,-0.16506,-0.100989,175.0114,-19.165098,6.307646,-0.940838,-0.050482,0.334621,0.082124,-0.993161,0.081079,0.328291,0.103777,0.938853,0.414784,-0.186268,-0.128783,177.840448,-37.776181,146.723788,-0.789417,0.367293,-0.491156,0.029768,0.822886,0.567367,0.612579,0.433459,-0.660475
0.263872,0.155711,-0.101324,-178.341582,-31.928776,-124.501459,-0.848021,-0.452008,-0.275662,-0.024553,0.553767,-0.832229,0.528865,-0.699211,-0.480581,0.321692,0.141536,-0.088376,-160.178478,-25.687614,-103.127458,-0.847534,-0.47416,0.237462,-0.305491,0.070773,-0.949437,0.433464,-0.877455,-0.204633,0.400162,0.180156,-0.12789,-152.727008,-35.723817,-91.91401,-0.721341,-0.534074,0.440426,-0.371881,-0.2374,-0.897227,0.583879,-0.81122,-0.02711,0.273472,-0.182361,-0.104449,168.410374,-46.169229,32.656815,-0.677884,0.212405,0.703287,0.139022,-0.902467,0.406672,0.721388,0.373621,0.582941,0.325152,-0.16506,-0.100989,175.008341,-19.179172,6.323328,-0.940861,-0.05043,0.334869,0.082177,-0.993244,0.081311,0.328523,0.104026,0.938748,0.414672,-0.186268,-0.128671,177.808008,-37.761181,146.755601,-0.789147,0.367298,-0.490921,0.030205,0.823102,0.566972,0.612372,0.432969,-0.660529
0.263872,0.155823,-0.101324,-178.316691,-31.95532,-124.522765,-0.847801,-0.452475,-0.275683,-0.024915,0.55385,-0.832171,0.529258,-0.698854,-0.480718,0.321692,0.141536,-0.088376,-160.160249,-25.693191,-103.138358,-0.847228,-0.474321,0.23755,-0.305685,0.070948,-0.949275,0.433552,-0.877261,-0.204764,0.400273,0.180268,-0.127667,-152.76053,-35.684662,-91.896064,-0.721981,-0.533558,0.440143,-0.371677,-0.2372,-0.897415,0.583324,-0.811673,-0.02687,0.273472,-0.182361,-0.104449,168.421833,-46.174079,32.669913,-0.677991,0.21272,0.703228,0.138902,-0.902467,0.406986,0.721447,0.373741,0.582834,0.325264,-0.16506,-0.100989,175.008341,-19.179172,6.323328,-0.940861,-0.05043,0.334869,0.082177,-0.993244,0.081311,0.328523,0.104026,0.938748,0.414672,-0.186268,-0.128671,177.850688,-37.769346,146.730533,-0.789282,0.366998,-0.49125,0.029622,0.823075,0.567071,0.612484,0.433312,-0.660422
0.263872,0.155823,-0.101324,-178.311625,-31.972841,-124.511261,-0.847386,-0.452758,-0.275722,-0.024978,0.553781,-0.832153,0.529517,-0.698651,-0.480372,0.32158,0.141424,-0.088488,-160.158763,-25.714231,-103.147638,-0.847228,-0.474652,0.237525,-0.30571,0.070817,-0.949357,0.433883,-0.877179,-0.204895,0.400162,0.180156,-0.127778,-152.742105,-35.69554,-91.930466,-0.721602,-0.533939,0.439969,-0.371775,-0.236701,-0.897388,0.583478,-0.811438,-0.02735,0.273472,-0.182361,-0.104561,168.39224,-46.179516,32.681381,-0.677557,0.212551,0.703401,0.139178,-0.902228,0.40684,0.721513,0.37378,0.582639,0.325152,-0.16506,-0.101101,175.006952,-19.20832,6.325421,-0.940861,-0.050407,0.33535,0.0822,-0.993408,0.081295,0.329004,0.104042,0.938583,0.414672,-0.186156,-0.12856,177.84017,-37.742731,146.740763,-0.789723,0.36689,-0.490883,0.029784,0.823075,0.567085,0.612117,0.433433,-0.660863
0.263872,0.155823,-0.101324,-178.329969,-31.967724,-124.497289,-0.847606,-0.452608,-0.275798,-0.024713,0.55363,-0.832303,0.529441,-0.698917,-0.480303,0.32158,0.141424,-0.088488,-160.16792,-25.725543,-103.148584,-0.847228,-0.474805,0.237347,-0.305557,0.070817,-0.949422,0.434061,-0.877113,-0.204895,0.400162,0.180156,-0.127778,-152.76055,-35.711468,-91.90955,-0.721641,-0.534033,0.439923,-0.371502,-0.23704,-0.897459,0.583704,-0.811328,-0.02705,0.273472,-0.182473,-0.104449,168.369018,-46.160779,32.690343,-0.677991,0.212068,0.703389,0.139554,-0.902467,0.406693,0.721286,0.374034,0.582834,0.325152,-0.165171,-0.100989,174.990762,-19.192547,6.341497,-0.940884,-0.050617,0.335129,0.08247,-0.993326,0.081502,0.328744,0.104315,0.938643,0.414784,-0.186156,-0.12856,177.859921,-37.734472,146.767738,-0.789895,0.366326,-0.491146,0.029517,0.823451,0.566562,0.612003,0.433208,-0.661198
0.263872,0.155823,-0.101324,-178.317472,-31.97125,-124.484463,-0.847192,-0.452781,-0.27563,-0.024885,0.553561,-0.832251,0.529494,-0.698748,-0.479958,0.32158,0.141424,-0.088376,-160.164154,-25.724495,-103.12876,-0.846872,-0.47474,0.237364,-0.305491,0.070817,-0.949269,0.434044,-0.87696,-0.204539,0.400162,0.180045,-0.12789,-152.779033,-35.754209,-91.902127,-0.721341,-0.534602,0.439657,-0.371053,-0.23722,-0.897573,0.584309,-0.810875,-0.02693,0.273472,-0.182473,-0.104449,168.355224,-46.153103,32.706518,-0.677664,0.212161,0.703286,0.139656,-0.902032,0.406857,0.721193,0.374198,0.582727,0.325152,-0.165171,-0.100989,174.976245,-19.191848,6.343979,-0.940884,-0.050858,0.335141,0.08271,-0.993326,0.081461,0.328732,0.104356,0.938643,0.414784,-0.186268,-0.12856,177.875921,-37.729586,146.761106,-0.789895,0.366105,-0.491213,0.029297,0.823505,0.566488,0.611936,0.433282,-0.661145
0.263872,0.155823,-0.101324,-178.329262,-31.987565,-124.47785,-0.847412,-0.452949,-0.275803,-0.024717,0.553341,-0.832492,0.529735,-0.698921,-0.479958,0.32158,0.141312,-0.088376,-160.164154,-25.724495,-103.12876,-0.846872,-0.47474,0.237364,-0.305491,0.070817,-0.949269,0.434044,-0.87696,-0.204539,0.40005,0.180156,-0.12789,-152.747084,-35.749242,-91.915,-0.721002,-0.534568,0.439886,-0.371387,-0.237061,-0.897347,0.584239,-0.8108,-0.02711,0.273472,-0.182473,-0.104449,168.355224,-46.153103,32.706518,-0.677664,0.212161,0.703286,0.139656,-0.902032,0.406857,0.721193,0.374198,0.582727,0.325152,-0.165171,-0.100989,174.957304,-19.188146,6.360405,-0.940427,-0.051048,0.335119,0.082983,-0.992846,0.081648,0.328671,0.104626,0.93862,0.414896,-0.186268,-0.128448,177.885913,-37.689352,146.784868,-0.790067,0.365406,-0.491034,0.029165,0.823881,0.565911,0.61138,0.43311,-0.66148
0.263872,0.155823,-0.101324,-178.321118,-31.993415,-124.457098,-0.847218,-0.45318,-0.275601,-0.024832,0.553052,-0.832647,0.529822,-0.69896,-0.479612,0.32158,0.141424,-0.088488,-160.161106,-25.738388,-103.134531,-0.847178,-0.474934,0.237582,-0.305653,0.07038,-0.949464,0.434263,-0.877122,-0.20467,0.400162,0.180045,-0.128001,-152.766793,-35.787751,-91.907024,-0.721041,-0.534982,0.43986,-0.371093,-0.23758,-0.897522,0.584784,-0.810586,-0.026989,0.27336,-0.182473,-0.104449,168.337619,-46.148669,32.713324,-0.677664,0.211944,0.70334,0.139873,-0.902032,0.406759,0.72114,0.374295,0.582727,0.325152,-0.165171,-0.100989,174.957304,-19.188146,6.360405,-0.940427,-0.051048,0.335119,0.082983,-0.992846,0.081648,0.328671,0.104626,0.93862,0.414896,-0.186268,-0.128336,177.848801,-37.649702,146.813483,-0.790374,0.365378,-0.490405,0.029689,0.823963,0.565752,0.610832,0.432962,-0.661975
0.263761,0.155823,-0.101324,-178.325468,-31.995738,-124.449178,-0.847439,-0.453238,-0.275566,-0.024774,0.552831,-0.832854,0.529856,-0.699168,-0.479612,0.32158,0.141424,-0.088488,-160.137537,-25.735766,-103.122109,-0.846823,-0.474893,0.23793,-0.305918,0.07025,-0.949262,0.434221,-0.877018,-0.204445,0.400162,0.180045,-0.128001,-152.73324,-35.826925,-91.92506,-0.720402,-0.535497,0.440144,-0.371298,-0.237781,-0.897336,0.585339,-0.810133,-0.02723,0.27336,-0.182473,-0.104449,168.325908,-46.134774,32.735361,-0.678205,0.211776,0.703269,0.14013,-0.902271,0.406927,0.720972,0.374669,0.582815,0.325152,-0.165171,-0.100989,174.95967,-19.18865,6.345767,-0.940404,-0.051089,0.335111,0.082942,-0.992846,0.081408,0.32868,0.104386,0.938643,0.414784,-0.186379,-0.128448,177.831935,-37.668637,146.835114,-0.79024,0.365592,-0.490585,0.029917,0.824044,0.565632,0.611094,0.43264,-0.662028
0.263761,0.155823,-0.101212,-178.323875,-31.980155,-124.421068,-0.847245,-0.453151,-0.275267,-0.024792,0.552611,-0.832917,0.529625,-0.699299,-0.479198,0.32158,0.141424,-0.088488,-160.145138,-25.739928,-103.119541,-0.847129,-0.47491,0.237995,-0.305902,0.069943,-0.94944,0.434287,-0.877195,-0.204445,0.40005,0.179933,-0.128113,-152.709086,-35.854111,-91.930378,-0.719763,-0.535862,0.440257,-0.371353,-0.237802,-0.897135,0.585723,-0.809695,-0.02729,0.273472,-0.182473,-0.104449,168.343499,-46.13921,32.728561,-0.678205,0.211993,0.703216,0.139913,-0.902271,0.407025,0.721025,0.374571,0.582815,0.325152,-0.165171,-0.100989,174.960759,-19.161499,6.358993,-0.940907,-0.05108,0.33468,0.082968,-0.993161,0.081676,0.328232,0.104621,0.938784,0.414896,-0.186379,-0.12856,177.837682,-37.670568,146.821716,-0.790374,0.365666,-0.490558,0.029843,0.823909,0.565853,0.611121,0.432861,-0.662028
0.263761,0.155823,-0.101212,-178.323875,-31.980155,-124.421068,-0.847245,-0.453151,-0.275267,-0.024792,0.552611,-0.832917,0.529625,-0.699299,-0.479198,0.32158,0.141312,-0.088488,-160.150533,-25.75019,-103.100662,-0.846773,-0.474998,0.237834,-0.305683,0.069943,-0.949352,0.434448,-0.876977,-0.20409,0.400162,0.180045,-0.128113,-152.686189,-35.850255,-91.921579,-0.719802,-0.535597,0.440831,-0.371737,-0.238322,-0.89695,0.585669,-0.809841,-0.027171,0.273472,-0.182473,-0.104449,168.341722,-46.121669,32.740065,-0.678313,0.212037,0.702994,0.139957,-0.902076,0.407237,0.720813,0.374793,0.582903,0.325152,-0.165171,-0.100878,174.972914,-19.161697,6.371152,-0.94093,-0.050798,0.334677,0.082769,-0.993161,0.081958,0.328235,0.10482,0.938761,0.414896,-0.186268,-0.12856,177.880792,-37.639954,146.800258,-0.790374,0.364936,-0.490539,0.029247,0.824069,0.565603,0.610698,0.43311,-0.661869
0.263872,0.155823,-0.101212,-178.314927,-31.970074,-124.438633,-0.847659,-0.453075,-0.275117,-0.024937,0.552611,-0.832993,0.529476,-0.699443,-0.479612,0.321692,0.141312,-0.088488,-160.150533,-25.75019,-103.100662,-0.846773,-0.474998,0.237834,-0.305683,0.069943,-0.949352,0.434448,-0.876977,-0.20409,0.40005,0.180045,-0.128113,-152.66328,-35.873222,-91.92636,-0.719502,-0.535807,0.441185,-0.371947,-0.238683,-0.896809,0.585994,-0.809643,-0.027232,0.273472,-0.182473,-0.104449,168.359313,-46.126106,32.733269,-0.678313,0.212254,0.70294,0.13974,-0.902076,0.407335,0.720867,0.374695,0.582903,0.325152,-0.165171,-0.100878,174.972914,-19.161697,6.371152,-0.94093,-0.050798,0.334677,0.082769,-0.993161,0.081958,0.328235,0.10482,0.938761,0.414896,-0.186379,-0.128448,177.879703,-37.620625,146.832267,-0.790547,0.364525,-0.490513,0.029268,0.824391,0.565128,0.61043,0.432837,-0.662257
0.263761,0.155711,-0.101212,-178.323875,-31.980155,-124.421068,-0.847245,-0.453151,-0.275267,-0.024792,0.552611,-0.832917,0.529625,-0.699299,-0.479198,0.321692,0.141312,-0.088488,-160.137537,-25.735766,-103.122109,-0.846823,-0.474893,0.23793,-0.305918,0.07025,-0.949262,0.434221,-0.877018,-0.204445,0.399938,0.180045,-0.128113,-152.636587,-35.891846,-91.973097,-0.719463,-0.536183,0.441419,-0.372351,-0.238704,-0.896857,0.586257,-0.809634,-0.027892,0.27336,-0.182473,-0.104449,168.341722,-46.121669,32.740065,-0.678313,0.212037,0.702994,0.139957,-0.902076,0.407237,0.720813,0.374793,0.582903,0.325152,-0.165171,-0.100878,174.986472,-19.132759,6.381207,-0.940954,-0.05054,0.334193,0.082547,-0.992997,0.082256,0.327758,0.105003,0.938902,0.414896,-0.186379,-0.128336,177.873894,-37.576623,146.861081,-0.791297,0.364081,-0.490092,0.029377,0.824579,0.564888,0.609822,0.432904,-0.663088
0.263761,0.155711,-0.101212,-178.345318,-31.9867,-124.416336,-0.847245,-0.453054,-0.275584,-0.024475,0.55268,-0.832893,0.529722,-0.699322,-0.479129,0.321692,0.141312,-0.088376,-160.155777,-25.730191,-103.111197,-0.847129,-0.474732,0.237842,-0.305724,0.070074,-0.949423,0.434134,-0.877212,-0.204314,0.40005,0.179933,-0.128113,-152.676743,-35.889064,-91.947941,-0.719463,-0.536222,0.44078,-0.371712,-0.238343,-0.897009,0.586218,-0.809482,-0.027531,0.27336,-0.182473,-0.104449,168.318015,-46.117639,32.766758,-0.67842,0.211918,0.703042,0.140272,-0.902076,0.407356,0.720765,0.375108,0.582796,0.325152,-0.165171,-0.100878,174.984114,-19.132258,6.395843,-0.940977,-0.050499,0.334201,0.082588,-0.992997,0.082496,0.32775,0.105243,0.938879,0.415007,-0.186379,-0.128448,177.901206,-37.584294,146.829285,-0.790989,0.363975,-0.49028,0.028988,0.824498,0.564994,0.609928,0.433105,-0.662593
0.263761,0.155711,-0.101212,-178.331323,-31.994147,-124.422382,-0.847245,-0.453262,-0.275474,-0.024682,0.552611,-0.832951,0.529833,-0.699264,-0.479198,0.321692,0.141312,-0.088488,-160.158134,-25.754352,-103.098098,-0.847079,-0.475014,0.237899,-0.305667,0.069637,-0.94953,0.434514,-0.877155,-0.20409,0.400162,0.180045,-0.128001,-152.64477,-35.85726,-91.94729,-0.719463,-0.535713,0.44123,-0.372221,-0.238343,-0.896738,0.585768,-0.809753,-0.027531,0.27336,-0.182473,-0.104561,168.329707,-46.131537,32.74473,-0.677878,0.212086,0.703113,0.140015,-0.901837,0.407188,0.720933,0.374735,0.582708,0.325041,-0.165171,-0.100878,174.984818,-19.11769,6.394791,-0.940977,-0.050511,0.333961,0.082576,-0.992915,0.082504,0.32751,0.105235,0.938961,0.414896,-0.186491,-0.128336,177.853047,-37.565507,146.866064,-0.791297,0.364235,-0.489804,0.029665,0.824526,0.564935,0.609668,0.432856,-0.663142
0.263761,0.155711,-0.101212,-178.33787,-31.972709,-124.415023,-0.847245,-0.452944,-0.275377,-0.024585,0.55268,-0.832859,0.529515,-0.699357,-0.479129,0.321692,0.141312,-0.088488,-160.13073,-25.748619,-103.108068,-0.846773,-0.475022,0.238165,-0.306014,0.069813,-0.949303,0.434424,-0.877026,-0.204221,0.400162,0.180268,-0.128001,-152.614051,-35.848051,-91.959645,-0.719463,-0.535524,0.4417,-0.37271,-0.238524,-0.896572,0.585638,-0.809919,-0.027712,0.27336,-0.182473,-0.104561,168.327935,-46.114001,32.75623,-0.677986,0.21213,0.702891,0.140059,-0.901641,0.4074,0.720721,0.374957,0.582796,0.325152,-0.165171,-0.100878,174.996272,-19.132466,6.408004,-0.941,-0.050218,0.334198,0.082389,-0.992997,0.082777,0.327753,0.105442,0.938856,0.414896,-0.186603,-0.128336,177.86903,-37.560645,146.859474,-0.791297,0.364014,-0.489871,0.029444,0.824579,0.564861,0.609601,0.432931,-0.663088
0.263872,0.155711,-0.101212,-178.33787,-31.972709,-124.415023,-0.847245,-0.452944,-0.275377,-0.024585,0.55268,-0.832859,0.529515,-0.699357,-0.479129,0.321692,0.141312,-0.088488,-160.121642,-25.765501,-103.119935,-0.846467,-0.475337,0.238074,-0.306055,0.069988,-0.949207,0.434689,-0.876766,-0.204351,0.400162,0.180268,-0.128001,-152.583287,-35.865644,-91.985602,-0.719124,-0.535809,0.441948,-0.373024,-0.238546,-0.896451,0.585887,-0.80974,-0.028073,0.27336,-0.182584,-0.104561,168.324133,-46.117233,32.74686,-0.678313,0.21182,0.703047,0.140174,-0.902076,0.407139,0.72076,0.374891,0.582903,0.325041,-0.165171,-0.100878,174.997927,-19.147534,6.394419,-0.940977,-0.050247,0.33443,0.082359,-0.993079,0.082529,0.328002,0.10521,0.938797,0.414896,-0.186603,-0.128336,177.864295,-37.535965,146.856282,-0.791873,0.36398,-0.489477,0.029531,0.824445,0.565097,0.609259,0.433272,-0.663531
0.263872,0.155711,-0.101212,-178.328917,-31.962629,-124.432592,-0.847659,-0.452868,-0.275228,-0.02473,0.55268,-0.832935,0.529366,-0.699501,-0.479543,0.321692,0.141312,-0.088488,-160.129252,-25.769668,-103.117367,-0.846773,-0.475353,0.23814,-0.306039,0.069682,-0.949385,0.434754,-0.876944,-0.204351,0.400162,0.180156,-0.128001,-152.579191,-35.864633,-91.964823,-0.718824,-0.535719,0.441963,-0.372934,-0.238546,-0.896281,0.585872,-0.809571,-0.027773,0.27336,-0.182584,-0.104449,168.310342,-46.109562,32.763024,-0.677986,0.211913,0.702945,0.140276,-0.901641,0.407302,0.720667,0.375054,0.582796,0.325041,-0.165171,-0.100878,174.995567,-19.147035,6.409056,-0.941,-0.050206,0.334438,0.0824,-0.993079,0.082769,0.327994,0.105451,0.938774,0.414784,-0.186603,-0.128448,177.892642,-37.562956,146.792512,-0.791393,0.364284,-0.489691,0.029121,0.824041,0.565678,0.609633,0.433747,-0.662646
0.263872,0.155711,-0.101212,-178.314927,-31.970074,-124.438633,-0.847659,-0.453075,-0.275117,-0.024937,0.552611,-0.832993,0.529476,-0.699443,-0.479612,0.321692,0.141312,-0.088488,-160.126896,-25.745501,-103.130458,-0.846823,-0.475071,0.238083,-0.306096,0.070119,-0.949278,0.434375,-0.877001,-0.204576,0.40005,0.180156,-0.128001,-152.548486,-35.855425,-91.977188,-0.718824,-0.53553,0.442432,-0.373423,-0.238726,-0.896115,0.585742,-0.809737,-0.027954,0.27336,-0.182584,-0.104449,168.288399,-46.123066,32.778226,-0.677986,0.21175,0.703215,0.140547,-0.901837,0.40721,0.72083,0.375147,0.5826,0.325041,-0.165171,-0.100989,174.995567,-19.147035,6.409056,-0.941,-0.050206,0.334438,0.0824,-0.993079,0.082769,0.327994,0.105451,0.938774,0.414896,-0.186491,-0.128336,177.951756,-37.518799,146.763058,-0.79197,0.363366,-0.489566,0.028324,0.824117,0.565617,0.609022,0.434385,-0.662877
0.263872,0.155711,-0.101212,-178.314927,-31.970074,-124.438633,-0.847659,-0.453075,-0.275117,-0.024937,0.552611,-0.832993,0.529476,-0.699443,-0.479612,0.321692,0.141312,-0.088488,-160.126896,-25.745501,-103.130458,-0.846823,-0.475071,0.238083,-0.306096,0.070119,-0.949278,0.434375,-0.877001,-0.204576,0.399938,0.180045,-0.12789,-152.572707,-35.828246,-91.971779,-0.719463,-0.535165,0.442319,-0.373369,-0.238704,-0.896315,0.585357,-0.810175,-0.027892,0.27336,-0.182584,-0.104561,168.288399,-46.123066,32.778226,-0.677986,0.21175,0.703215,0.140547,-0.901837,0.40721,0.72083,0.375147,0.5826,0.325041,-0.165171,-0.100989,175.009378,-19.162314,6.407629,-0.941,-0.049954,0.334667,0.082172,-0.993161,0.082802,0.328245,0.105418,0.938691,0.414896,-0.186491,-0.128336,177.935785,-37.523669,146.76963,-0.79197,0.363587,-0.489499,0.028545,0.824065,0.565691,0.609089,0.434311,-0.66293
0.263872,0.155711,-0.101212,-178.303135,-31.953762,-124.445235,-0.847439,-0.452907,-0.274945,-0.025105,0.552831,-0.832751,0.529235,-0.699271,-0.479612,0.321692,0.141424,-0.088488,-160.106303,-25.726908,-103.154476,-0.846566,-0.474951,0.238113,-0.306347,0.070731,-0.94901,0.434082,-0.876864,-0.204932,0.40005,0.180156,-0.12789,-152.576452,-35.832618,-91.929873,-0.719202,-0.534999,0.442438,-0.373174,-0.239044,-0.896126,0.585419,-0.809986,-0.027293,0.27336,-0.182584,-0.104561,168.329707,-46.131537,32.74473,-0.677878,0.212086,0.703113,0.140015,-0.901837,0.407188,0.720933,0.374735,0.582708,0.325041,-0.165171,-0.100989,175.026257,-19.163518,6.390512,-0.940977,-0.049755,0.334647,0.08189,-0.993161,0.082603,0.328265,0.105136,0.938715,0.414896,-0.186379,-0.128336,177.946055,-37.516891,146.776426,-0.791835,0.363292,-0.489593,0.028398,0.824252,0.565396,0.608995,0.434164,-0.662877
0.263872,0.155711,-0.101212,-178.289141,-31.961204,-124.45128,-0.847439,-0.453115,-0.274834,-0.025312,0.552762,-0.832809,0.529345,-0.699213,-0.479681,0.321692,0.141424,-0.088488,-160.093327,-25.712478,-103.175923,-0.846616,-0.474847,0.238209,-0.306582,0.071037,-0.94892,0.433855,-0.876905,-0.205287,0.40005,0.180268,-0.128001,-152.522774,-35.873186,-91.960678,-0.718563,-0.535494,0.44304,-0.373697,-0.239427,-0.895863,0.585993,-0.80961,-0.027716,0.27336,-0.182584,-0.104449,168.305989,-46.127506,32.77143,-0.677986,0.211967,0.703162,0.14033,-0.901837,0.407307,0.720884,0.375049,0.5826,0.325041,-0.165171,-0.100989,175.028619,-19.164013,6.375874,-0.940954,-0.049796,0.334639,0.081849,-0.993161,0.082362,0.328273,0.104896,0.938738,0.415007,-0.186379,-0.128225,177.978052,-37.498442,146.761772,-0.792412,0.362883,-0.489554,0.027976,0.824223,0.56551,0.60874,0.434627,-0.663213
0.263872,0.155711,-0.101212,-178.26931,-31.970227,-124.484116,-0.847633,-0.453298,-0.274817,-0.025612,0.552914,-0.83277,0.529479,-0.699058,-0.480164,0.321692,0.141424,-0.088488,-160.082686,-25.722206,-103.184273,-0.846616,-0.475025,0.238362,-0.30676,0.070906,-0.948936,0.434008,-0.876888,-0.205418,0.40005,0.180268,-0.128001,-152.50428,-35.857202,-91.981595,-0.718524,-0.5354,0.443085,-0.373972,-0.239088,-0.895793,0.585767,-0.80972,-0.028016,0.27336,-0.182584,-0.104449,168.329707,-46.131537,32.74473,-0.677878,0.212086,0.703113,0.140015,-0.901837,0.407188,0.720933,0.374735,0.582708,0.325041,-0.165171,-0.100989,175.017164,-19.149234,6.362668,-0.94093,-0.050089,0.334402,0.082037,-0.993079,0.082089,0.32803,0.104689,0.938843,0.414896,-0.186379,-0.128113,177.942078,-37.478157,146.758346,-0.792547,0.363264,-0.488951,0.028479,0.823983,0.565826,0.608459,0.434753,-0.663319
0.263872,0.155711,-0.101212,-178.26931,-31.970227,-124.484116,-0.847633,-0.453298,-0.274817,-0.025612,0.552914,-0.83277,0.529479,-0.699058,-0.480164,0.321692,0.141424,-0.088376,-160.06972,-25.70777,-103.205717,-0.846666,-0.474921,0.238458,-0.306995,0.071212,-0.948846,0.433781,-0.876929,-0.205774,0.40005,0.180268,-0.128001,-152.487029,-35.863799,-92.01555,-0.718485,-0.535626,0.44315,-0.374226,-0.23893,-0.895827,0.58586,-0.809725,-0.028496,0.27336,-0.182584,-0.104449,168.341722,-46.121669,32.740065,-0.678313,0.212037,0.702994,0.139957,-0.902076,0.407237,0.720813,0.374793,0.582903,0.325041,-0.165171,-0.100878,175.020224,-19.135162,6.346987,-0.940907,-0.050142,0.334153,0.081984,-0.992997,0.081857,0.327798,0.10444,0.938949,0.414784,-0.186268,-0.128336,177.995869,-37.507516,146.709741,-0.791798,0.363045,-0.489574,0.027707,0.823953,0.565844,0.608865,0.434908,-0.662329
0.263872,0.155711,-0.101324,-178.244402,-31.996776,-124.505471,-0.847412,-0.453765,-0.274838,-0.025974,0.552996,-0.832713,0.529872,-0.698701,-0.480302,0.321804,0.141424,-0.088488,-160.055269,-25.714369,-103.236464,-0.846716,-0.475148,0.238529,-0.307255,0.071387,-0.948837,0.433885,-0.876888,-0.206261,0.399938,0.180491,-0.12789,-152.445737,-35.843993,-92.027692,-0.718485,-0.535268,0.443769,-0.374885,-0.239111,-0.895569,0.58558,-0.809983,-0.028677,0.27336,-0.182584,-0.104449,168.343499,-46.13921,32.728561,-0.678205,0.211993,0.703216,0.139913,-0.902271,0.407025,0.721025,0.374571,0.582815,0.325041,-0.16506,-0.100878,175.034743,-19.135863,6.344512,-0.940907,-0.049902,0.334142,0.081744,-0.992997,0.081898,0.327809,0.104399,0.938949,0.414784,-0.186268,-0.128225,177.995869,-37.507516,146.709741,-0.791798,0.363045,-0.489574,0.027707,0.823953,0.565844,0.608865,0.434908,-0.662329
0.263872,0.155711,-0.101324,-178.250957,-31.97534,-124.498095,-0.847412,-0.453448,-0.274741,-0.025877,0.553065,-0.83262,0.529554,-0.698793,-0.480233,0.321804,0.141424,-0.088488,-160.037012,-25.719924,-103.247411,-0.84641,-0.475309,0.238616,-0.307449,0.071561,-0.948676,0.433972,-0.876693,-0.206392,0.399938,0.180491,-0.128001,-152.407127,-35.856159,-92.074855,-0.718106,-0.53563,0.443913,-0.375303,-0.238795,-0.895467,0.585752,-0.809824,-0.029339,0.27336,-0.182473,-0.104449,168.361094,-46.143646,32.72176,-0.678205,0.21221,0.703162,0.139696,-0.902271,0.407122,0.721079,0.374473,0.582815,0.325041,-0.165171,-0.100878,175.024945,-19.136156,6.317718,-0.940861,-0.050224,0.334137,0.081902,-0.992997,0.081377,0.327814,0.10396,0.938995,0.414896,-0.186268,-0.128225,177.979935,-37.503678,146.714818,-0.792375,0.363299,-0.489333,0.027948,0.823765,0.56618,0.608812,0.435149,-0.662824
0.263872,0.155711,-0.101324,-178.236962,-31.982779,-124.50415,-0.847412,-0.453655,-0.274631,-0.026084,0.552996,-0.832678,0.529664,-0.698735,-0.480302,0.321692,0.141424,-0.088488,-160.013425,-25.715199,-103.277212,-0.84646,-0.475384,0.238865,-0.307862,0.071736,-0.948601,0.433898,-0.876717,-0.206879,0.40005,0.18038,-0.12789,-152.468664,-35.821026,-92.022823,-0.718784,-0.535058,0.443416,-0.374675,-0.238749,-0.895711,0.585255,-0.81018,-0.028615,0.27336,-0.182473,-0.104449,168.371572,-46.125283,32.69347,-0.678098,0.212059,0.70295,0.139544,-0.902076,0.4069,0.720857,0.374261,0.583118,0.325041,-0.165171,-0.100878,175.041132,-19.151918,6.301648,-0.940838,-0.050013,0.334358,0.081632,-0.993079,0.081169,0.328074,0.103687,0.938936,0.414784,-0.186156,-0.128336,177.995347,-37.546231,146.706139,-0.791933,0.363476,-0.489922,0.027719,0.823765,0.566192,0.609401,0.435002,-0.662382
0.263872,0.155823,-0.101324,-178.222967,-31.99022,-124.510209,-0.847412,-0.453862,-0.274521,-0.026291,0.552927,-0.832736,0.529774,-0.698677,-0.480371,0.321692,0.141424,-0.088376,-160.000487,-25.70075,-103.298652,-0.84651,-0.47528,0.238961,-0.308096,0.072041,-0.948511,0.433671,-0.876758,-0.207235,0.40005,0.180491,-0.128001,-152.416524,-35.844179,-92.062027,-0.718106,-0.53548,0.443744,-0.375153,-0.238614,-0.895453,0.585583,-0.809838,-0.029158,0.27336,-0.182584,-0.104449,168.349629,-46.138801,32.70866,-0.678098,0.211895,0.703221,0.139815,-0.902271,0.406808,0.721021,0.374354,0.582922,0.325041,-0.16506,-0.100878,175.039746,-19.181062,6.303728,-0.940838,-0.04999,0.334838,0.081655,-0.993244,0.081153,0.328554,0.103703,0.938771,0.414896,-0.186156,-0.128225,178.00644,-37.525384,146.697976,-0.791933,0.363187,-0.489769,0.027566,0.823818,0.566091,0.609113,0.435102,-0.662329
0.263872,0.155823,-0.101324,-178.197159,-31.981329,-124.522882,-0.847192,-0.453901,-0.274238,-0.026666,0.553078,-0.832552,0.529643,-0.698447,-0.48044,0.321692,0.141424,-0.088376,-159.982223,-25.706295,-103.309616,-0.846205,-0.475442,0.239049,-0.308291,0.072216,-0.948349,0.433758,-0.876564,-0.207366,0.399938,0.180603,-0.12789,-152.373899,-35.828565,-92.074775,-0.717768,-0.535277,0.444123,-0.375656,-0.238456,-0.895136,0.585362,-0.809855,-0.029339,0.273248,-0.182584,-0.104449,168.338162,-46.133961,32.695563,-0.677991,0.211581,0.703279,0.139934,-0.902271,0.406493,0.720962,0.374235,0.58303,0.325041,-0.16506,-0.100989,175.055943,-19.196825,6.287647,-0.940815,-0.04978,0.335059,0.081385,-0.993326,0.080946,0.328814,0.10343,0.938712,0.414896,-0.186044,-0.128113,178.016719,-37.518607,146.704765,-0.791798,0.362892,-0.489863,0.027419,0.824006,0.565796,0.609019,0.434956,-0.662277
0.263872,0.155823,-0.101324,-178.178782,-31.986431,-124.536887,-0.846972,-0.454051,-0.274162,-0.026931,0.55323,-0.832403,0.529718,-0.698182,-0.480509,0.321692,0.141424,-0.088488,-159.940386,-25.70709,-103.350399,-0.84595,-0.475678,0.239384,-0.308898,0.072564,-0.948113,0.433771,-0.876393,-0.207985,0.40005,0.180491,-0.127778,-152.366226,-35.796393,-92.082237,-0.718067,-0.534878,0.444239,-0.375936,-0.238275,-0.895111,0.584907,-0.81022,-0.029458,0.27336,-0.182584,-0.104338,168.355761,-46.138392,32.688759,-0.677991,0.211798,0.703225,0.139717,-0.902271,0.40659,0.721016,0.374137,0.58303,0.325041,-0.16506,-0.100989,175.057623,-19.211894,6.274045,-0.940792,-0.04981,0.335291,0.081355,-0.993408,0.080698,0.329063,0.103198,0.938652,0.415007,-0.186156,-0.128001,177.985336,-37.480939,146.720017,-0.79224,0.362937,-0.489206,0.027869,0.823953,0.565858,0.608497,0.435028,-0.662771
0.263872,0.155823,-0.101324,-178.177335,-31.990336,-124.555737,-0.847386,-0.454085,-0.27422,-0.026966,0.55323,-0.832513,0.529776,-0.698292,-0.480924,0.321692,0.141424,-0.088376,-159.954865,-25.698414,-103.361822,-0.846306,-0.475566,0.239215,-0.308785,0.072696,-0.948249,0.433634,-0.876562,-0.20821,0.40005,0.180715,-0.127778,-152.330771,-35.76019,-92.123403,-0.718329,-0.534537,0.444571,-0.376639,-0.237936,-0.895028,0.584394,-0.81068,-0.030058,0.27336,-0.182473,-0.104338,168.379501,-46.142411,32.662054,-0.677884,0.211917,0.703177,0.139402,-0.902271,0.406471,0.721064,0.373822,0.583137,0.325041,-0.16506,-0.100989,175.059308,-19.226964,6.260441,-0.94077,-0.04984,0.335523,0.081326,-0.993491,0.080449,0.329311,0.102966,0.938592,0.415119,-0.186156,-0.128001,178.000489,-37.490128,146.728404,-0.792105,0.362709,-0.489521,0.027654,0.824141,0.56559,0.608625,0.434855,-0.662719
0.263872,0.155711,-0.101324,-178.177335,-31.990336,-124.555737,-0.847386,-0.454085,-0.27422,-0.026966,0.55323,-0.832513,0.529776,-0.698292,-0.480924,0.321804,0.141424,-0.088376,-159.938107,-25.68292,-103.363474,-0.846,-0.475397,0.239328,-0.308954,0.073001,-0.948005,0.43339,-0.87645,-0.20821,0.40005,0.180603,-0.127667,-152.333739,-35.738616,-92.13109,-0.718629,-0.534308,0.444538,-0.376749,-0.237755,-0.895093,0.584088,-0.810954,-0.030177,0.27336,-0.182473,-0.104338,168.379501,-46.142411,32.662054,-0.677884,0.211917,0.703177,0.139402,-0.902271,0.406471,0.721064,0.373822,0.583137,0.324929,-0.165171,-0.100989,175.027546,-19.237657,6.265771,-0.940289,-0.0503,0.335745,0.081809,-0.993093,0.080347,0.329487,0.103045,0.93851,0.414896,-0.186268,-0.128113,177.984772,-37.528356,146.717904,-0.791798,0.363334,-0.489728,0.027861,0.8239,0.565944,0.609154,0.434807,-0.662382
0.263872,0.155711,-0.101324,-178.166391,-32.009435,-124.571079,-0.847166,-0.454345,-0.274352,-0.027121,0.55338,-0.832398,0.530059,-0.697992,-0.480993,0.321692,0.141424,-0.088376,-159.932804,-25.700807,-103.395214,-0.846051,-0.475777,0.239221,-0.309062,0.073175,-0.948062,0.433672,-0.876343,-0.208697,0.40005,0.180603,-0.127667,-152.322969,-35.754781,-92.144531,-0.71829,-0.534614,0.444466,-0.376743,-0.237597,-0.895047,0.584317,-0.810699,-0.030358,0.27336,-0.182473,-0.104338,168.379501,-46.142411,32.662054,-0.677884,0.211917,0.703177,0.139402,-0.902271,0.406471,0.721064,0.373822,0.583137,0.324929,-0.165171,-0.100989,175.012332,-19.251543,6.269303,-0.940289,-0.050529,0.335996,0.082061,-0.993176,0.080298,0.329716,0.103094,0.938427,0.414896,-0.186156,-0.128113,178.005622,-37.53945,146.712926,-0.791798,0.36318,-0.490016,0.027572,0.823953,0.565896,0.609308,0.434855,-0.662329
0.263872,0.155823,-0.101324,-178.152391,-32.016871,-124.577153,-0.847166,-0.454552,-0.274242,-0.027328,0.553311,-0.832456,0.530169,-0.697934,-0.481062,0.321692,0.141424,-0.088376,-159.925955,-25.713659,-103.381175,-0.846,-0.475906,0.239455,-0.309158,0.072738,-0.948104,0.433874,-0.876352,-0.208472,0.400162,0.180603,-0.127778,-152.335158,-35.748011,-92.153093,-0.718251,-0.53471,0.444043,-0.376528,-0.237077,-0.895143,0.584221,-0.810642,-0.030477,0.27336,-0.182473,-0.104338,168.398912,-46.164384,32.643721,-0.677777,0.21209,0.703345,0.139141,-0.902467,0.406357,0.72133,0.373502,0.583048,0.324929,-0.165283,-0.100989,175.000183,-19.251354,6.257154,-0.940267,-0.050811,0.335999,0.08226,-0.993176,0.080016,0.329713,0.102896,0.93845,0.414896,-0.186268,-0.128113,177.995347,-37.546231,146.706139,-0.791933,0.363476,-0.489922,0.027719,0.823765,0.566192,0.609401,0.435002,-0.662382
0.263872,0.155823,-0.101324,-178.126563,-32.007962,-124.589851,-0.846946,-0.454591,-0.273959,-0.027703,0.553462,-0.832272,0.530037,-0.697704,-0.481131,0.321692,0.141424,-0.088376,-159.907674,-25.71919,-103.39217,-0.845695,-0.476067,0.239542,-0.309352,0.072912,-0.947942,0.433961,-0.876158,-0.208604,0.400162,0.180715,-0.127778,-152.287403,-35.74532,-92.199362,-0.718213,-0.534748,0.444577,-0.377272,-0.237101,-0.895009,0.584183,-0.810815,-0.031139,0.27336,-0.182473,-0.104338,168.398912,-46.164384,32.643721,-0.677777,0.21209,0.703345,0.139141,-0.902467,0.406357,0.72133,0.373502,0.583048,0.324929,-0.165283,-0.100989,174.98973,-19.266249,6.231408,-0.940221,-0.051122,0.336234,0.082429,-0.993258,0.079486,0.329958,0.102465,0.938413,0.414896,-0.186156,-0.128001,178.027289,-37.536476,146.692998,-0.791933,0.363034,-0.490057,0.027277,0.823871,0.566043,0.609266,0.43515,-0.662277
0.263761,0.155823,-0.101324,-178.105992,-32.036836,-124.603351,-0.846946,-0.455116,-0.273946,-0.028007,0.553323,-0.832422,0.530464,-0.697554,-0.48127,0.321692,0.141424,-0.088376,-159.893246,-25.725751,-103.422958,-0.845746,-0.476295,0.239613,-0.309612,0.073086,-0.947933,0.434064,-0.876116,-0.209091,0.40005,0.180603,-0.12789,-152.24703,-35.80155,-92.251988,-0.717536,-0.535659,0.444773,-0.377561,-0.237148,-0.894946,0.58498,-0.810278,-0.031864,0.273248,-0.182584,-0.104449,168.38311,-46.177506,32.639012,-0.67767,0.211829,0.703621,0.139314,-0.902662,0.406047,0.721488,0.373378,0.58296,0.324929,-0.165171,-0.100989,175.006637,-19.267435,6.214273,-0.940199,-0.050923,0.336215,0.082147,-0.993258,0.079287,0.329978,0.102183,0.938435,0.414784,-0.186156,-0.128113,178.001016,-37.556845,146.694264,-0.791491,0.363517,-0.490069,0.027625,0.823765,0.56615,0.609548,0.434908,-0.66194
0.263761,0.155823,-0.101324,-178.101591,-32.034488,-124.611308,-0.846726,-0.455058,-0.273981,-0.028065,0.553543,-0.832215,0.53043,-0.697346,-0.48127,0.321692,0.141424,-0.088376,-159.894715,-25.732894,-103.42656,-0.84544,-0.476431,0.239369,-0.309476,0.073391,-0.94782,0.434176,-0.875872,-0.209091,0.40005,0.180603,-0.128001,-152.244019,-35.82313,-92.244353,-0.717235,-0.535888,0.444806,-0.377451,-0.237329,-0.894881,0.585285,-0.810004,-0.031745,0.273248,-0.182584,-0.104449,168.38311,-46.177506,32.639012,-0.67767,0.211829,0.703621,0.139314,-0.902662,0.406047,0.721488,0.373378,0.58296,0.324929,-0.165171,-0.100989,175.021164,-19.268118,6.211779,-0.940199,-0.050683,0.336203,0.081907,-0.993258,0.079329,0.329989,0.102142,0.938435,0.414784,-0.186044,-0.128001,178.016173,-37.566034,146.702642,-0.791356,0.363289,-0.490384,0.027411,0.823953,0.565882,0.609675,0.434735,-0.661887
0.263872,0.155823,-0.101324,-178.095769,-32.036049,-124.638106,-0.846921,-0.455035,-0.274074,-0.028158,0.553763,-0.832118,0.530453,-0.697249,-0.481685,0.321692,0.141536,-0.088376,-159.864317,-25.740981,-103.442356,-0.84544,-0.476635,0.239852,-0.309984,0.073128,-0.947787,0.434303,-0.875905,-0.209354,0.399827,0.180826,-0.128225,-152.156644,-35.875922,-92.280245,-0.716297,-0.536423,0.445909,-0.378353,-0.23808,-0.894385,0.586032,-0.809522,-0.032234,0.273248,-0.182584,-0.104449,168.400723,-46.181933,32.632195,-0.67767,0.212046,0.703568,0.139097,-0.902662,0.406145,0.721542,0.37328,0.58296,0.325041,-0.165171,-0.100989,175.049539,-19.284065,6.207827,-0.940199,-0.050192,0.336421,0.081438,-0.993341,0.079403,0.330252,0.102067,0.938353,0.414784,-0.186156,-0.128001,178.021874,-37.567939,146.68928,-0.791491,0.363363,-0.490358,0.027337,0.823818,0.566103,0.609702,0.434956,-0.661887
0.263872,0.155823,-0.101324,-178.088338,-32.022043,-124.636771,-0.846921,-0.454925,-0.273866,-0.028268,0.553763,-0.832083,0.530245,-0.697284,-0.481685,0.321692,0.141536,-0.088376,-159.864317,-25.740981,-103.442356,-0.84544,-0.476635,0.239852,-0.309984,0.073128,-0.947787,0.434303,-0.875905,-0.209354,0.399938,0.180826,-0.128113,-152.175412,-35.851991,-92.254493,-0.716297,-0.536123,0.44557,-0.378053,-0.237717,-0.894358,0.585693,-0.80955,-0.031871,0.273248,-0.182473,-0.104338,168.417031,-46.154096,32.619171,-0.678104,0.211944,0.703231,0.138985,-0.902705,0.406188,0.721205,0.373344,0.583351,0.325041,-0.165171,-0.100989,175.051923,-19.284561,6.193185,-0.940176,-0.050233,0.336413,0.081396,-0.993341,0.079163,0.33026,0.101827,0.938375,0.414672,-0.186156,-0.128001,178.001016,-37.556845,146.694264,-0.791491,0.363517,-0.490069,0.027625,0.823765,0.56615,0.609548,0.434908,-0.66194
0.263872,0.155823,-0.101324,-178.102344,-32.014612,-124.630686,-0.846921,-0.454717,-0.273976,-0.028061,0.553832,-0.832025,0.530136,-0.697342,-0.481615,0.321692,0.141536,-0.088376,-159.869707,-25.720983,-103.452776,-0.845797,-0.47637,0.239861,-0.310025,0.07326,-0.947858,0.433989,-0.87614,-0.209579,0.399938,0.180826,-0.128113,-152.138243,-35.859872,-92.301137,-0.716258,-0.536331,0.445954,-0.378627,-0.237742,-0.894314,0.585805,-0.809632,-0.032534,0.273248,-0.182473,-0.104338,168.417031,-46.154096,32.619171,-0.678104,0.211944,0.703231,0.138985,-0.902705,0.406188,0.721205,0.373344,0.583351,0.324929,-0.165171,-0.100989,175.051244,-19.299142,6.194219,-0.940176,-0.050222,0.336653,0.081408,-0.993424,0.079155,0.3305,0.101835,0.938292,0.414672,-0.186044,-0.128113,178.059525,-37.56008,146.662773,-0.791626,0.362995,-0.490466,0.026821,0.823788,0.566175,0.609593,0.435325,-0.661782
