Sensor #1 X,Sensor #1 Y,Sensor #1 Z,"Sensor #1 Euler Angles (Z Y'X"") Z","Sensor #1 Euler Angles (Z Y'X"") Y'","Sensor #1 Euler Angles (Z Y'X"") X""","Sensor #1 Rotation Matrix M0,0","Sensor #1 Rotation Matrix M0,1","Sensor #1 Rotation Matrix M0,2","Sensor #1 Rotation Matrix M1,0","Sensor #1 Rotation Matrix M1,1","Sensor #1 Rotation Matrix M1,2","Sensor #1 Rotation Matrix M2,0","Sensor #1 Rotation Matrix M2,1","Sensor #1 Rotation Matrix M2,2",Sensor #2 X,Sensor #2 Y,Sensor #2 Z,"Sensor #2 Euler Angles (Z Y'X"") Z","Sensor #2 Euler Angles (Z Y'X"") Y'","Sensor #2 Euler Angles (Z Y'X"") X""","Sensor #2 Rotation Matrix M0,0","Sensor #2 Rotation Matrix M0,1","Sensor #2 Rotation Matrix M0,2","Sensor #2 Rotation Matrix M1,0","Sensor #2 Rotation Matrix M1,1","Sensor #2 Rotation Matrix M1,2","Sensor #2 Rotation Matrix M2,0","Sensor #2 Rotation Matrix M2,1","Sensor #2 Rotation Matrix M2,2",Sensor #3 X,Sensor #3 Y,Sensor #3 Z,"Sensor #3 Euler Angles (Z Y'X"") Z","Sensor #3 Euler Angles (Z Y'X"") Y'","Sensor #3 Euler Angles (Z Y'X"") X""","Sensor #3 Rotation Matrix M0,0","Sensor #3 Rotation Matrix M0,1","Sensor #3 Rotation Matrix M0,2","Sensor #3 Rotation Matrix M1,0","Sensor #3 Rotation Matrix M1,1","Sensor #3 Rotation Matrix M1,2","Sensor #3 Rotation Matrix M2,0","Sensor #3 Rotation Matrix M2,1","Sensor #3 Rotation Matrix M2,2",Sensor #4 X,Sensor #4 Y,Sensor #4 Z,"Sensor #4 Euler Angles (Z Y'X"") Z","Sensor #4 Euler Angles (Z Y'X"") Y'","Sensor #4 Euler Angles (Z Y'X"") X""","Sensor #4 Rotation Matrix M0,0","Sensor #4 Rotation Matrix M0,1","Sensor #4 Rotation Matrix M0,2","Sensor #4 Rotation Matrix M1,0","Sensor #4 Rotation Matrix M1,1","Sensor #4 Rotation Matrix M1,2","Sensor #4 Rotation Matrix M2,0","Sensor #4 Rotation Matrix M2,1","Sensor #4 Rotation Matrix M2,2",Sensor #5 X,Sensor #5 Y,Sensor #5 Z,"Sensor #5 Euler Angles (Z Y'X"") Z","Sensor #5 Euler Angles (Z Y'X"") Y'","Sensor #5 Euler Angles (Z Y'X"") X""","Sensor #5 Rotation Matrix M0,0","Sensor #5 Rotation Matrix M0,1","Sensor #5 Rotation Matrix M0,2","Sensor #5 Rotation Matrix M1,0","Sensor #5 Rotation Matrix M1,1","Sensor #5 Rotation Matrix M1,2","Sensor #5 Rotation Matrix M2,0","Sensor #5 Rotation Matrix M2,1","Sensor #5 Rotation Matrix M2,2",Sensor #6 X,Sensor #6 Y,Sensor #6 Z,"Sensor #6 Euler Angles (Z Y'X"") Z","Sensor #6 Euler Angles (Z Y'X"") Y'","Sensor #6 Euler Angles (Z Y'X"") X""","Sensor #6 Rotation Matrix M0,0","Sensor #6 Rotation Matrix M0,1","Sensor #6 Rotation Matrix M0,2","Sensor #6 Rotation Matrix M1,0","Sensor #6 Rotation Matrix M1,1","Sensor #6 Rotation Matrix M1,2","Sensor #6 Rotation Matrix M2,0","Sensor #6 Rotation Matrix M2,1","Sensor #6 Rotation Matrix M2,2"
0.251706,0.156604,-0.09005,173.584425,-29.399595,-116.121311,-0.865446,-0.388772,-0.31513,0.097314,0.486975,-0.86789,0.490898,-0.782023,-0.38347,0.30707,0.151135,-0.090943,154.767116,-16.768208,-30.969736,-0.866004,-0.499773,0.004415,0.408118,-0.712215,-0.570933,0.288501,-0.492699,0.82097,0.402952,0.165311,-0.121527,-108.416181,-58.083738,-144.58779,-0.166888,-0.928644,0.330653,-0.501211,-0.208566,-0.839544,0.848822,-0.306052,-0.430462,0.255836,-0.16852,-0.103891,-165.657958,-21.308255,-48.922046,-0.902164,-0.102775,0.417962,-0.230664,-0.70397,-0.671165,0.363385,-0.702215,0.612105,0.31745,-0.157246,-0.105901,-168.030308,-15.823214,-8.626346,-0.940813,0.164952,0.294826,-0.199456,-0.975302,-0.090831,0.27267,-0.144305,0.951214,0.416347,-0.17611,-0.128225,155.165194,-45.630132,147.505163,-0.634123,0.702537,-0.321815,0.293474,0.604434,0.740505,0.714841,0.375388,-0.589358
0.251817,0.156604,-0.089939,173.594485,-29.384903,-116.126537,-0.865202,-0.38859,-0.31495,0.097132,0.487218,-0.867667,0.490674,-0.781843,-0.38347,0.30707,0.151135,-0.090943,154.776546,-16.756558,-31.000777,-0.865836,-0.499456,0.00412,0.407864,-0.711726,-0.571234,0.288306,-0.493158,0.820727,0.402952,0.165422,-0.121527,-108.438373,-58.084199,-144.561985,-0.167125,-0.928579,0.330945,-0.501276,-0.208803,-0.83954,0.848826,-0.306344,-0.430462,0.255836,-0.16852,-0.103891,-165.652709,-21.322259,-48.909813,-0.901977,-0.102815,0.418172,-0.230704,-0.704077,-0.670937,0.363613,-0.702005,0.612186,0.31745,-0.157135,-0.105789,-168.017168,-15.80805,-8.626458,-0.940813,0.165206,0.294601,-0.199681,-0.975232,-0.090819,0.272415,-0.144318,0.951285,0.416458,-0.175999,-0.128336,155.207816,-45.6505,147.492008,-0.634123,0.702289,-0.322388,0.292901,0.604723,0.740499,0.715089,0.375394,-0.589069
0.251817,0.156604,-0.09005,173.604098,-29.410099,-116.151749,-0.865606,-0.388936,-0.315089,0.097031,0.487175,-0.86787,0.491057,-0.781884,-0.383917,0.30707,0.151135,-0.090943,154.770076,-16.770408,-31.043835,-0.865809,-0.499679,0.00385,0.407971,-0.711276,-0.571858,0.288537,-0.493743,0.820304,0.402952,0.165311,-0.121527,-108.449713,-58.092289,-144.585114,-0.167176,-0.928767,0.330337,-0.501097,-0.20827,-0.839757,0.848901,-0.306076,-0.430454,0.255836,-0.16852,-0.10378,-165.651703,-21.306852,-48.892943,-0.902228,-0.102441,0.418091,-0.230785,-0.704408,-0.670767,0.363363,-0.701923,0.612479,0.31745,-0.157246,-0.105789,-168.032009,-15.794624,-8.622426,-0.940813,0.164981,0.294346,-0.199427,-0.975162,-0.090877,0.27219,-0.14426,0.951355,0.416347,-0.17611,-0.128336,155.168494,-45.657607,147.50268,-0.633712,0.702627,-0.322151,0.293239,0.604434,0.740569,0.715176,0.375162,-0.588948
0.251817,0.156604,-0.089939,173.600957,-29.387398,-116.152714,-0.865363,-0.388553,-0.315031,0.097051,0.487462,-0.867587,0.490712,-0.781763,-0.383874,0.306958,0.151358,-0.090943,154.816755,-16.755051,-31.096376,-0.866232,-0.498992,0.003657,0.407309,-0.711237,-0.572414,0.288281,-0.494536,0.819919,0.402952,0.165311,-0.121527,-108.445641,-58.076695,-144.572025,-0.167176,-0.928648,0.330481,-0.501215,-0.20827,-0.839609,0.848757,-0.306224,-0.430454,0.255836,-0.168408,-0.10378,-165.651703,-21.306852,-48.892943,-0.902228,-0.102441,0.418091,-0.230785,-0.704408,-0.670767,0.363363,-0.701923,0.612479,0.31745,-0.157246,-0.105789,-168.044312,-15.794148,-8.634749,-0.940842,0.164706,0.294354,-0.199222,-0.975162,-0.091152,0.272182,-0.144465,0.951326,0.416458,-0.17611,-0.128225,155.175321,-45.634393,147.512788,-0.633961,0.702338,-0.322174,0.293263,0.60474,0.740297,0.714893,0.375186,-0.589214
0.251706,0.156604,-0.09005,173.592999,-29.400678,-116.153338,-0.865363,-0.388674,-0.315233,0.097173,0.487462,-0.867608,0.490914,-0.781741,-0.383874,0.30707,0.151358,-0.090943,154.805388,-16.749409,-31.113165,-0.866374,-0.499165,0.003301,0.407585,-0.711199,-0.572599,0.288186,-0.494802,0.819816,0.402952,0.165311,-0.121527,-108.449713,-58.092289,-144.585114,-0.167176,-0.928767,0.330337,-0.501097,-0.20827,-0.839757,0.848901,-0.306076,-0.430454,0.255836,-0.168408,-0.10378,-165.644216,-21.28764,-48.889813,-0.902228,-0.102129,0.417965,-0.230911,-0.704302,-0.670723,0.36305,-0.701968,0.612585,0.31745,-0.157135,-0.105789,-168.037534,-15.818702,-8.681856,-0.94093,0.164571,0.294902,-0.199357,-0.975302,-0.091827,0.272594,-0.14523,0.951097,0.41657,-0.176222,-0.128113,155.172026,-45.606922,147.515272,-0.634372,0.702248,-0.321839,0.293497,0.60474,0.740233,0.714557,0.375411,-0.589624
0.251817,0.156604,-0.09005,173.592999,-29.400678,-116.153338,-0.865363,-0.388674,-0.315233,0.097173,0.487462,-0.867608,0.490914,-0.781741,-0.383874,0.30707,0.151358,-0.090832,154.812927,-16.741588,-31.098258,-0.866232,-0.498921,0.003432,0.407379,-0.711199,-0.572354,0.288056,-0.494596,0.819958,0.402952,0.165199,-0.121527,-108.483256,-58.100849,-144.58244,-0.167463,-0.92889,0.330021,-0.500982,-0.207974,-0.83997,0.84898,-0.3061,-0.430445,0.255836,-0.16852,-0.103891,-165.658506,-21.311196,-48.861697,-0.902293,-0.102326,0.418127,-0.230688,-0.704847,-0.670423,0.363433,-0.701579,0.612853,0.31745,-0.157246,-0.105789,-168.055761,-15.80797,-8.64903,-0.940872,0.164416,0.294602,-0.199032,-0.975232,-0.091405,0.272414,-0.144692,0.951226,0.41657,-0.176222,-0.128113,155.168738,-45.579455,147.517755,-0.634782,0.702158,-0.321503,0.293731,0.60474,0.74017,0.714222,0.375637,-0.590035
0.251706,0.156604,-0.09005,173.573937,-29.404542,-116.155553,-0.865119,-0.388534,-0.315578,0.097437,0.487748,-0.867368,0.490973,-0.781577,-0.383831,0.30707,0.151358,-0.090943,154.800741,-16.745816,-31.097268,-0.866232,-0.499146,0.003361,0.407604,-0.711199,-0.572374,0.288126,-0.494577,0.819958,0.402952,0.165088,-0.121527,-108.519436,-58.091164,-144.522958,-0.167701,-0.928655,0.329931,-0.500641,-0.207619,-0.840007,0.84889,-0.306352,-0.429853,0.255836,-0.16852,-0.103891,-165.65883,-21.311733,-48.844188,-0.902106,-0.102273,0.418118,-0.230634,-0.704847,-0.670204,0.363442,-0.70136,0.613039,0.31745,-0.157246,-0.105901,-168.056599,-15.823609,-8.636594,-0.940842,0.164436,0.29482,-0.199011,-0.975302,-0.091142,0.272677,-0.144475,0.951185,0.41657,-0.176333,-0.128225,155.150732,-45.59674,147.521837,-0.634372,0.702372,-0.321552,0.293783,0.604596,0.740236,0.714433,0.375408,-0.589769
0.251706,0.156604,-0.09005,173.56721,-29.399043,-116.177473,-0.86528,-0.388294,-0.31578,0.097558,0.488034,-0.867229,0.490889,-0.781556,-0.384192,0.30707,0.151358,-0.090832,154.797733,-16.722485,-31.116933,-0.866374,-0.499024,0.002851,0.407726,-0.711122,-0.572479,0.287736,-0.494922,0.819893,0.402952,0.165199,-0.121527,-108.551605,-58.133044,-144.502955,-0.167888,-0.928734,0.330137,-0.500266,-0.208094,-0.840324,0.849276,-0.306373,-0.429565,0.255836,-0.16852,-0.103891,-165.67189,-21.317471,-48.842036,-0.902106,-0.102492,0.418025,-0.230415,-0.704847,-0.670257,0.363535,-0.701306,0.613039,0.317339,-0.157246,-0.105901,-168.046842,-15.811133,-8.607919,-0.940784,0.164761,0.294549,-0.199166,-0.975232,-0.090649,0.272467,-0.144007,0.951314,0.41657,-0.176222,-0.128336,155.159166,-45.613315,147.500163,-0.634123,0.702456,-0.32161,0.293555,0.604434,0.740433,0.714635,0.37546,-0.589358
0.251706,0.156604,-0.09005,173.561354,-29.410916,-116.183959,-0.865037,-0.388357,-0.316004,0.09762,0.488277,-0.867048,0.49107,-0.781333,-0.384192,0.30707,0.151358,-0.090832,154.786629,-16.732752,-31.14412,-0.866207,-0.499227,0.002641,0.407853,-0.710672,-0.572877,0.287908,-0.495282,0.81961,0.402952,0.165088,-0.121527,-108.606449,-58.103329,-144.458375,-0.168464,-0.928623,0.329936,-0.500393,-0.207502,-0.840306,0.849002,-0.306866,-0.429549,0.255836,-0.16852,-0.103891,-165.684951,-21.32321,-48.839883,-0.902106,-0.102711,0.417931,-0.230196,-0.704847,-0.67031,0.363629,-0.701253,0.613039,0.317339,-0.157246,-0.105789,-168.059143,-15.810657,-8.620241,-0.940813,0.164486,0.294557,-0.198961,-0.975232,-0.090924,0.272459,-0.144212,0.951285,0.41657,-0.176222,-0.128336,155.153139,-45.596503,147.495163,-0.634123,0.702375,-0.321405,0.293636,0.604434,0.740361,0.71443,0.375533,-0.589358
0.251817,0.156604,-0.09005,173.586893,-29.409545,-116.207916,-0.865441,-0.388458,-0.31574,0.097275,0.488234,-0.867208,0.491049,-0.781416,-0.384639,0.30707,0.151358,-0.090943,154.775534,-16.743027,-31.171311,-0.86604,-0.499431,0.002431,0.407979,-0.710222,-0.573275,0.28808,-0.495642,0.819327,0.402952,0.165088,-0.121527,-108.608764,-58.108727,-144.491823,-0.168514,-0.928836,0.32959,-0.500476,-0.207265,-0.840429,0.849052,-0.306692,-0.429837,0.255836,-0.16852,-0.10378,-165.67837,-21.321277,-48.828304,-0.902358,-0.10243,0.418069,-0.230371,-0.705285,-0.670131,0.363597,-0.701181,0.613226,0.317339,-0.157246,-0.105901,-168.072287,-15.825822,-8.620124,-0.940813,0.164232,0.294783,-0.198736,-0.975302,-0.090937,0.272714,-0.144199,0.951214,0.416458,-0.176222,-0.128448,155.167617,-45.62989,147.478475,-0.633874,0.70254,-0.321668,0.293326,0.604272,0.74063,0.714838,0.375512,-0.588948
0.251817,0.156604,-0.09005,173.581638,-29.388263,-116.20303,-0.865441,-0.388135,-0.315659,0.097356,0.488277,-0.867127,0.490725,-0.781497,-0.384596,0.30707,0.151358,-0.090832,154.782919,-16.732945,-31.25098,-0.866299,-0.499325,0.001661,0.407965,-0.709695,-0.574209,0.287911,-0.496816,0.818695,0.403064,0.165199,-0.121639,-108.588378,-58.118508,-144.497235,-0.168226,-0.928807,0.3295,-0.500209,-0.207265,-0.840458,0.849142,-0.306426,-0.429549,0.255836,-0.16852,-0.10378,-165.665312,-21.31554,-48.830457,-0.902358,-0.102211,0.418162,-0.23059,-0.705285,-0.670078,0.363504,-0.701234,0.613226,0.317339,-0.157246,-0.105901,-168.058292,-15.824953,-8.622198,-0.940813,0.164472,0.294797,-0.198976,-0.975302,-0.090902,0.272699,-0.144235,0.951214,0.416458,-0.17611,-0.128336,155.164314,-45.602424,147.480972,-0.634285,0.70245,-0.321333,0.29356,0.604272,0.740566,0.714502,0.375738,-0.589358
0.251817,0.156604,-0.09005,173.573687,-29.401547,-116.203653,-0.865441,-0.388256,-0.315861,0.097477,0.488277,-0.867148,0.490927,-0.781476,-0.384596,0.30707,0.151358,-0.090943,154.786761,-16.746401,-31.249097,-0.866299,-0.499396,0.001886,0.407894,-0.709734,-0.574269,0.288136,-0.496756,0.818657,0.402952,0.164976,-0.121751,-108.599795,-58.126658,-144.520369,-0.168277,-0.928994,0.328892,-0.50003,-0.206731,-0.840674,0.849217,-0.306159,-0.429541,0.255836,-0.16852,-0.10378,-165.651334,-21.292524,-48.841063,-0.902106,-0.101961,0.417992,-0.23076,-0.70474,-0.670159,0.36313,-0.701404,0.613145,0.31745,-0.157246,-0.105789,-168.070593,-15.82448,-8.63452,-0.940842,0.164196,0.294805,-0.198771,-0.975302,-0.091177,0.272691,-0.144439,0.951185,0.416458,-0.17611,-0.128225,155.159979,-45.573302,147.505279,-0.634372,0.702086,-0.321428,0.293659,0.60474,0.740089,0.714147,0.375556,-0.589624
0.251817,0.156604,-0.09005,173.582266,-29.40264,-116.235707,-0.865358,-0.388159,-0.315964,0.097337,0.488764,-0.866866,0.490944,-0.781194,-0.385,0.30707,0.151358,-0.090943,154.790602,-16.759859,-31.247216,-0.866299,-0.499467,0.002111,0.407823,-0.709772,-0.574329,0.288361,-0.496695,0.818618,0.402952,0.165088,-0.121751,-108.570291,-58.133694,-144.536133,-0.167989,-0.92899,0.329064,-0.500026,-0.207027,-0.84061,0.849282,-0.305986,-0.429549,0.255836,-0.16852,-0.10378,-165.651013,-21.291985,-48.85857,-0.902293,-0.102014,0.418001,-0.230813,-0.70474,-0.670378,0.363121,-0.701623,0.612959,0.31745,-0.157246,-0.105789,-168.072298,-15.79589,-8.630608,-0.940842,0.164226,0.294325,-0.198742,-0.975162,-0.091222,0.272211,-0.144394,0.951326,0.416458,-0.17611,-0.128113,155.155877,-45.585849,147.502648,-0.634534,0.702367,-0.321275,0.293789,0.604434,0.740369,0.7143,0.375686,-0.589769
0.251817,0.156604,-0.09005,173.56111,-29.407932,-116.232069,-0.865358,-0.388078,-0.316287,0.09766,0.488807,-0.866828,0.491024,-0.781232,-0.384957,0.30707,0.151358,-0.090943,154.801964,-16.765476,-31.230411,-0.866157,-0.499294,0.002467,0.407546,-0.709811,-0.574145,0.288455,-0.49643,0.818722,0.402952,0.165088,-0.121751,-108.595684,-58.111039,-144.507289,-0.168277,-0.928876,0.329036,-0.500148,-0.206731,-0.840527,0.849073,-0.306306,-0.429541,0.255836,-0.16852,-0.10378,-165.658506,-21.311196,-48.861697,-0.902293,-0.102326,0.418127,-0.230688,-0.704847,-0.670423,0.363433,-0.701579,0.612853,0.31745,-0.157246,-0.105789,-168.071445,-15.810185,-8.632563,-0.940842,0.164211,0.294565,-0.198756,-0.975232,-0.0912,0.272451,-0.144417,0.951255,0.41657,-0.176333,-0.128225,155.119333,-45.582304,147.520767,-0.634534,0.702696,-0.320907,0.29428,0.604144,0.740447,0.714257,0.375608,-0.590058
0.251817,0.156604,-0.090162,173.56321,-29.406523,-116.237945,-0.865115,-0.388019,-0.316309,0.097601,0.48905,-0.866626,0.491003,-0.78103,-0.384957,0.30707,0.15147,-0.090943,154.798122,-16.752018,-31.23229,-0.866157,-0.499223,0.002242,0.407617,-0.709772,-0.574085,0.28823,-0.49649,0.81876,0.402841,0.165088,-0.121527,-108.638234,-58.101682,-144.476095,-0.168802,-0.92884,0.329418,-0.50048,-0.206969,-0.840493,0.848987,-0.306865,-0.429829,0.255836,-0.16852,-0.10378,-165.65883,-21.311733,-48.844188,-0.902106,-0.102273,0.418118,-0.230634,-0.704847,-0.670204,0.363442,-0.70136,0.613039,0.31745,-0.157358,-0.105789,-168.087133,-15.812395,-8.616097,-0.940813,0.164006,0.294528,-0.198481,-0.975232,-0.090995,0.272488,-0.144142,0.951285,0.41657,-0.176333,-0.128225,155.096997,-45.570458,147.54915,-0.63421,0.702546,-0.321052,0.294431,0.604468,0.740037,0.714112,0.375197,-0.590058
0.251817,0.156604,-0.09005,173.571157,-29.393237,-116.237322,-0.865115,-0.387897,-0.316107,0.097479,0.48905,-0.866604,0.490801,-0.781051,-0.384957,0.30707,0.151358,-0.090832,154.766088,-16.733592,-31.234091,-0.866157,-0.499531,0.00165,0.408209,-0.709695,-0.574003,0.287922,-0.496572,0.818837,0.402841,0.164976,-0.121639,-108.65559,-58.135668,-144.491887,-0.168802,-0.929052,0.328867,-0.49998,-0.206673,-0.840883,0.8493,-0.306475,-0.429534,0.255836,-0.16852,-0.103891,-165.678701,-21.321812,-48.810796,-0.902171,-0.102377,0.41806,-0.230318,-0.705285,-0.669912,0.363606,-0.700962,0.613412,0.31745,-0.157358,-0.105901,-168.109953,-15.80374,-8.584143,-0.941235,0.163873,0.294263,-0.198179,-0.975642,-0.090587,0.272343,-0.143618,0.951413,0.41657,-0.176445,-0.128113,155.096131,-45.542779,147.524954,-0.634372,0.702459,-0.320569,0.294518,0.604306,0.740097,0.713774,0.375547,-0.590058
0.251817,0.156604,-0.09005,173.554382,-29.402447,-116.253995,-0.865519,-0.387838,-0.31649,0.097781,0.489093,-0.866688,0.490941,-0.781211,-0.385318,0.30707,0.151358,-0.090832,154.750351,-16.740288,-31.245387,-0.865849,-0.499715,0.0015,0.408354,-0.709245,-0.574176,0.288034,-0.496706,0.818695,0.402952,0.164864,-0.121527,-108.706307,-58.090344,-144.434326,-0.169378,-0.928822,0.32881,-0.500225,-0.206082,-0.840717,0.848883,-0.307116,-0.429518,0.255836,-0.16852,-0.103891,-165.68587,-21.340489,-48.831427,-0.902358,-0.102742,0.418195,-0.230245,-0.705391,-0.670175,0.36391,-0.701136,0.613119,0.31745,-0.157469,-0.105901,-168.128181,-15.792982,-8.551339,-0.941177,0.163718,0.293964,-0.197854,-0.975571,-0.090164,0.272162,-0.143081,0.951542,0.416458,-0.176333,-0.128336,155.103013,-45.587264,147.554154,-0.63421,0.702627,-0.321257,0.29435,0.604468,0.740109,0.714317,0.375125,-0.590058
0.251817,0.156604,-0.09005,173.536787,-29.390539,-116.229432,-0.865115,-0.387615,-0.316552,0.098005,0.489135,-0.866507,0.49076,-0.781149,-0.384871,0.30707,0.151358,-0.090832,154.758684,-16.722588,-31.248255,-0.865849,-0.499419,0.001346,0.4082,-0.709207,-0.574097,0.287738,-0.496786,0.818734,0.402952,0.164864,-0.121639,-108.68328,-58.118431,-144.496555,-0.169141,-0.92915,0.328493,-0.500185,-0.20614,-0.840923,0.849142,-0.306622,-0.429814,0.255836,-0.16852,-0.103891,-165.67972,-21.337217,-48.82765,-0.90192,-0.102751,0.418142,-0.230236,-0.704953,-0.670082,0.363856,-0.701043,0.613119,0.31745,-0.157358,-0.105901,-168.126488,-15.791646,-8.565733,-0.941206,0.163683,0.293986,-0.197889,-0.975571,-0.090404,0.27214,-0.143321,0.951513,0.416458,-0.176333,-0.128225,155.064555,-45.554356,147.5699,-0.634048,0.702595,-0.320838,0.294792,0.604485,0.739834,0.713915,0.374989,-0.590203
0.251817,0.156604,-0.09005,173.549998,-29.398531,-116.233687,-0.865115,-0.387817,-0.31643,0.097803,0.489093,-0.866566,0.490881,-0.781089,-0.384914,0.30707,0.151358,-0.090832,154.763344,-16.726186,-31.264163,-0.865991,-0.499438,0.001286,0.408181,-0.709207,-0.574322,0.287798,-0.497011,0.818592,0.402952,0.164976,-0.121527,-108.702177,-58.074731,-144.421282,-0.169378,-0.928703,0.328954,-0.500344,-0.206082,-0.84057,0.848739,-0.307264,-0.429518,0.255836,-0.168408,-0.103891,-165.661094,-21.344954,-48.835085,-0.90192,-0.102625,0.418454,-0.230549,-0.705059,-0.67002,0.363982,-0.701105,0.613013,0.317339,-0.157469,-0.105901,-168.123948,-15.804606,-8.582072,-0.941235,0.163633,0.294249,-0.197938,-0.975642,-0.090622,0.272358,-0.143583,0.951413,0.416458,-0.17611,-0.128225,155.165121,-45.562414,147.486094,-0.634534,0.70208,-0.32115,0.293665,0.604578,0.740222,0.714014,0.375833,-0.589624
0.251706,0.156604,-0.09005,173.549998,-29.398531,-116.233687,-0.865115,-0.387817,-0.31643,0.097803,0.489093,-0.866566,0.490881,-0.781089,-0.384914,0.30707,0.151358,-0.090832,154.74267,-16.71338,-31.249165,-0.865849,-0.499573,0.00105,0.408496,-0.709169,-0.574056,0.287584,-0.496827,0.818772,0.402952,0.164864,-0.121639,-108.679155,-58.102806,-144.483497,-0.169141,-0.929031,0.328637,-0.500304,-0.20614,-0.840775,0.848998,-0.30677,-0.429814,0.255836,-0.168408,-0.103891,-165.666656,-21.331479,-48.829804,-0.90192,-0.102532,0.418235,-0.230456,-0.704953,-0.670029,0.363763,-0.701096,0.613119,0.317339,-0.157469,-0.105789,-168.125643,-15.776015,-8.578181,-0.941235,0.163662,0.293769,-0.197909,-0.975501,-0.090667,0.271877,-0.143538,0.951554,0.416458,-0.176222,-0.128225,155.117407,-45.552952,147.5184,-0.634372,0.702335,-0.320855,0.294231,0.604451,0.740095,0.713898,0.37555,-0.589914
0.251817,0.156604,-0.09005,173.547902,-29.399938,-116.227812,-0.865358,-0.387876,-0.316409,0.097862,0.488849,-0.866768,0.490903,-0.781291,-0.384914,0.30707,0.151358,-0.090832,154.722,-16.700571,-31.234175,-0.865707,-0.499707,0.000815,0.408811,-0.709131,-0.57379,0.28737,-0.496643,0.818952,0.402952,0.165088,-0.121527,-108.638234,-58.101682,-144.476095,-0.168802,-0.92884,0.329418,-0.50048,-0.206969,-0.840493,0.848987,-0.306865,-0.429829,0.255836,-0.16852,-0.103891,-165.679388,-21.336683,-48.845161,-0.902106,-0.102804,0.41815,-0.23029,-0.704953,-0.670301,0.363848,-0.701262,0.612933,0.31745,-0.157469,-0.105789,-168.125643,-15.776015,-8.578181,-0.941235,0.163662,0.293769,-0.197909,-0.975501,-0.090667,0.271877,-0.143538,0.951554,0.416458,-0.176333,-0.128113,155.06649,-45.516033,147.553142,-0.63462,0.7025,-0.320225,0.295032,0.604324,0.739903,0.713447,0.375493,-0.590614
0.251817,0.156604,-0.09005,173.545807,-29.401344,-116.221939,-0.865602,-0.387936,-0.316387,0.097922,0.488606,-0.86697,0.490924,-0.781493,-0.384914,0.307181,0.151358,-0.090832,154.725839,-16.714024,-31.232281,-0.865707,-0.499778,0.00104,0.40874,-0.709169,-0.57385,0.287595,-0.496583,0.818914,0.402952,0.165199,-0.121416,-108.569312,-58.074344,-144.501793,-0.168277,-0.928689,0.329849,-0.500911,-0.207323,-0.840042,0.848735,-0.306791,-0.430133,0.255836,-0.16852,-0.103891,-165.679388,-21.336683,-48.845161,-0.902106,-0.102804,0.41815,-0.23029,-0.704953,-0.670301,0.363848,-0.701262,0.612933,0.31745,-0.157469,-0.105677,-168.147592,-15.751714,-8.558693,-0.941686,0.163509,0.293287,-0.197628,-0.975841,-0.090521,0.271469,-0.143233,0.951723,0.416458,-0.176333,-0.128113,155.110904,-45.498054,147.523343,-0.635193,0.702156,-0.320184,0.2947,0.604451,0.739967,0.713227,0.376001,-0.590735
0.251817,0.156604,-0.09005,173.562579,-29.39214,-116.205262,-0.865198,-0.387995,-0.316004,0.09762,0.488563,-0.866887,0.490784,-0.781333,-0.384553,0.307181,0.151358,-0.090832,154.746239,-16.710925,-31.236888,-0.866157,-0.499614,0.00113,0.408576,-0.709619,-0.573902,0.287543,-0.496673,0.818914,0.402952,0.165088,-0.121304,-108.654468,-58.076285,-144.457668,-0.16909,-0.92875,0.329652,-0.500865,-0.206969,-0.840316,0.848753,-0.307279,-0.430117,0.255836,-0.16852,-0.103891,-165.67972,-21.337217,-48.82765,-0.90192,-0.102751,0.418142,-0.230236,-0.704953,-0.670082,0.363856,-0.701043,0.613119,0.31745,-0.157469,-0.105789,-168.127333,-15.777351,-8.563788,-0.941206,0.163697,0.293746,-0.197874,-0.975501,-0.090427,0.2719,-0.143298,0.951583,0.416347,-0.176333,-0.128001,155.117775,-45.47487,147.533454,-0.635442,0.701867,-0.320207,0.294723,0.604758,0.739695,0.712943,0.376024,-0.591001
0.251817,0.156604,-0.09005,173.575788,-29.400136,-116.209522,-0.865198,-0.388197,-0.315883,0.097418,0.488521,-0.866946,0.490906,-0.781274,-0.384596,0.307181,0.151358,-0.090832,154.746239,-16.710925,-31.236888,-0.866157,-0.499614,0.00113,0.408576,-0.709619,-0.573902,0.287543,-0.496673,0.818914,0.402841,0.165199,-0.121527,-108.573411,-58.089947,-144.514859,-0.168277,-0.928807,0.329705,-0.500793,-0.207323,-0.84019,0.848879,-0.306643,-0.430133,0.255836,-0.16852,-0.103891,-165.679388,-21.336683,-48.845161,-0.902106,-0.102804,0.41815,-0.23029,-0.704953,-0.670301,0.363848,-0.701262,0.612933,0.31745,-0.157469,-0.105789,-168.141331,-15.778214,-8.561721,-0.941206,0.163457,0.293732,-0.197634,-0.975501,-0.090462,0.271914,-0.143263,0.951583,0.416347,-0.176333,-0.128001,155.128908,-45.480778,147.519282,-0.635604,0.701941,-0.320135,0.294648,0.604596,0.739901,0.713015,0.37623,-0.591001
0.251817,0.156604,-0.09005,173.560482,-29.393549,-116.199395,-0.865441,-0.388054,-0.315983,0.097679,0.48832,-0.867089,0.490806,-0.781535,-0.384553,0.307181,0.151358,-0.09072,154.75841,-16.706681,-31.237866,-0.866157,-0.499389,0.001201,0.408351,-0.709619,-0.573883,0.287472,-0.496692,0.818914,0.402841,0.165088,-0.121416,-108.573411,-58.089947,-144.514859,-0.168277,-0.928807,0.329705,-0.500793,-0.207323,-0.84019,0.848879,-0.306643,-0.430133,0.255836,-0.16852,-0.103891,-165.69245,-21.342423,-48.843007,-0.902106,-0.103023,0.418057,-0.230071,-0.704953,-0.670354,0.363941,-0.701209,0.612933,0.317339,-0.157469,-0.105901,-168.151097,-15.790708,-8.590383,-0.941264,0.163133,0.294002,-0.197479,-0.975571,-0.090955,0.272124,-0.143731,0.951454,0.416458,-0.176445,-0.127778,155.108537,-45.430656,147.53094,-0.635853,0.701696,-0.319666,0.295038,0.604758,0.73956,0.712402,0.376322,-0.591412
0.251817,0.156604,-0.09005,173.565737,-29.414833,-116.204277,-0.865441,-0.388378,-0.316063,0.097599,0.488277,-0.86717,0.491129,-0.781455,-0.384596,0.307181,0.151358,-0.090832,154.757593,-16.716538,-31.220073,-0.866015,-0.499441,0.001486,0.408299,-0.709657,-0.573718,0.287637,-0.496407,0.819017,0.402952,0.164976,-0.121527,-108.586594,-58.108298,-144.517615,-0.168277,-0.928901,0.329298,-0.500411,-0.207027,-0.840432,0.849048,-0.306401,-0.429837,0.255836,-0.16852,-0.103891,-165.692784,-21.342954,-48.825495,-0.90192,-0.10297,0.418048,-0.230017,-0.704953,-0.670135,0.36395,-0.70099,0.613119,0.317339,-0.157469,-0.105901,-168.16679,-15.792906,-8.57392,-0.941235,0.162928,0.293965,-0.197204,-0.975571,-0.09075,0.272161,-0.143455,0.951484,0.41657,-0.176557,-0.127667,155.078979,-45.403929,147.559072,-0.636102,0.701737,-0.319321,0.295552,0.604775,0.739365,0.712074,0.376267,-0.591967
0.251817,0.156604,-0.09005,173.569308,-29.397633,-116.183336,-0.865037,-0.388235,-0.315802,0.097499,0.488277,-0.867027,0.490868,-0.781354,-0.384192,0.307181,0.151358,-0.090832,154.765269,-16.74345,-31.216298,-0.866015,-0.499582,0.001936,0.408157,-0.709734,-0.573838,0.288087,-0.496287,0.818941,0.402952,0.165088,-0.121639,-108.53492,-58.114901,-144.559184,-0.167751,-0.928962,0.329179,-0.500342,-0.207086,-0.840372,0.849109,-0.305936,-0.429845,0.255836,-0.16852,-0.104003,-165.700287,-21.362168,-48.828618,-0.90192,-0.103282,0.418174,-0.229892,-0.705059,-0.67018,0.364262,-0.700945,0.613013,0.317339,-0.157469,-0.105901,-168.167638,-15.808533,-8.561465,-0.941206,0.162948,0.294183,-0.197183,-0.975642,-0.090488,0.272424,-0.143238,0.951442,0.41657,-0.176557,-0.127667,155.057768,-45.393766,147.565579,-0.636102,0.701862,-0.319035,0.295839,0.60463,0.739368,0.71195,0.376265,-0.592112
0.251706,0.156604,-0.089939,173.572462,-29.420328,-116.182359,-0.86528,-0.388618,-0.315861,0.097478,0.487991,-0.86731,0.491213,-0.781475,-0.384235,0.307181,0.151358,-0.090832,154.760611,-16.739852,-31.200393,-0.865873,-0.499563,0.001996,0.408176,-0.709734,-0.573614,0.288027,-0.496062,0.819082,0.403064,0.165088,-0.121751,-108.509512,-58.137552,-144.588058,-0.167463,-0.929076,0.329208,-0.50022,-0.207382,-0.840455,0.849318,-0.305616,-0.429853,0.255836,-0.16852,-0.104003,-165.695063,-21.376175,-48.816386,-0.901733,-0.103322,0.418385,-0.229932,-0.705166,-0.669952,0.36449,-0.700735,0.613093,0.317339,-0.157469,-0.105901,-168.179811,-15.771728,-8.513324,-0.941599,0.163119,0.293431,-0.197057,-0.975911,-0.089849,0.271805,-0.142465,0.95174,0.41657,-0.176557,-0.127778,155.084974,-45.420698,147.564058,-0.636102,0.701818,-0.319526,0.295471,0.604775,0.739438,0.71228,0.376195,-0.591967
0.251706,0.156604,-0.089939,173.56598,-29.417824,-116.156176,-0.865119,-0.388656,-0.31578,0.097559,0.487748,-0.86739,0.491175,-0.781556,-0.383831,0.307181,0.151358,-0.090832,154.759789,-16.749711,-31.182603,-0.865732,-0.499615,0.002281,0.408125,-0.709772,-0.573449,0.288191,-0.495777,0.819186,0.403064,0.165088,-0.121527,-108.524112,-58.101944,-144.589829,-0.167802,-0.929081,0.32924,-0.500807,-0.207144,-0.840252,0.84899,-0.306005,-0.430429,0.255724,-0.16852,-0.104003,-165.708132,-21.381912,-48.814228,-0.901733,-0.103542,0.418291,-0.229713,-0.705166,-0.670006,0.364583,-0.700681,0.613093,0.317339,-0.157581,-0.105789,-168.182343,-15.758763,-8.496999,-0.941571,0.163169,0.293168,-0.197007,-0.975841,-0.089631,0.271588,-0.142202,0.951839,0.41657,-0.176557,-0.12789,155.092292,-45.435622,147.56427,-0.635529,0.701627,-0.320016,0.295107,0.605081,0.739221,0.712462,0.375839,-0.591412
0.251817,0.156604,-0.089939,173.56808,-29.416411,-116.162035,-0.864876,-0.388597,-0.315801,0.097499,0.487991,-0.867188,0.491153,-0.781354,-0.383831,0.307181,0.151358,-0.090832,154.764448,-16.753309,-31.198507,-0.865873,-0.499634,0.002221,0.408105,-0.709772,-0.573674,0.288252,-0.496001,0.819044,0.403064,0.165088,-0.121527,-108.529075,-58.089082,-144.566459,-0.167802,-0.928937,0.329121,-0.500663,-0.206848,-0.840198,0.848871,-0.306059,-0.430133,0.255724,-0.16852,-0.104003,-165.708132,-21.381912,-48.814228,-0.901733,-0.103542,0.418291,-0.229713,-0.705166,-0.670006,0.364583,-0.700681,0.613093,0.317339,-0.157581,-0.105901,-168.194665,-15.788212,-8.498798,-0.941571,0.1629,0.293634,-0.196796,-0.975981,-0.089621,0.272082,-0.142212,0.951698,0.416458,-0.17678,-0.128001,155.01143,-45.450013,147.612082,-0.634956,0.702302,-0.31969,0.295931,0.604664,0.739234,0.712639,0.375253,-0.59158
0.251706,0.156604,-0.09005,173.58129,-29.424413,-116.166303,-0.864876,-0.388799,-0.315679,0.097297,0.487948,-0.867247,0.491275,-0.781294,-0.383874,0.307181,0.151358,-0.090832,154.781285,-16.752665,-31.215398,-0.866015,-0.499428,0.002231,0.407861,-0.709772,-0.573879,0.288241,-0.496246,0.818902,0.403064,0.165088,-0.121416,-108.51768,-58.080948,-144.543316,-0.167751,-0.92875,0.329729,-0.500842,-0.207382,-0.839981,0.848796,-0.306326,-0.430141,0.255724,-0.16852,-0.104003,-165.708132,-21.381912,-48.814228,-0.901733,-0.103542,0.418291,-0.229713,-0.705166,-0.670006,0.364583,-0.700681,0.613093,0.317227,-0.157581,-0.105901,-168.205288,-15.816338,-8.514989,-0.941599,0.162596,0.294122,-0.19662,-0.976122,-0.089852,0.272555,-0.142461,0.951529,0.41657,-0.176668,-0.128001,155.037796,-45.449322,147.586381,-0.635118,0.702171,-0.319698,0.295651,0.604647,0.739365,0.71263,0.375533,-0.591435
0.251706,0.156604,-0.09005,173.579186,-29.425828,-116.160443,-0.865119,-0.388858,-0.315658,0.097357,0.487705,-0.867449,0.491296,-0.781496,-0.383874,0.307181,0.151358,-0.09072,154.777446,-16.739208,-31.217281,-0.866015,-0.499357,0.002006,0.407932,-0.709734,-0.573819,0.288016,-0.496306,0.818941,0.403064,0.165199,-0.121527,-108.466016,-58.08754,-144.584887,-0.167226,-0.92881,0.32961,-0.500773,-0.20744,-0.839921,0.848857,-0.305862,-0.430149,0.255724,-0.16852,-0.104003,-165.708132,-21.381912,-48.814228,-0.901733,-0.103542,0.418291,-0.229713,-0.705166,-0.670006,0.364583,-0.700681,0.613093,0.317339,-0.157469,-0.105901,-168.184192,-15.826353,-8.532541,-0.941148,0.162764,0.294364,-0.196887,-0.975712,-0.09002,0.272723,-0.142745,0.95143,0.41657,-0.176668,-0.128001,155.041466,-45.466306,147.617977,-0.635367,0.702249,-0.320051,0.295717,0.604809,0.739313,0.712838,0.375336,-0.591846
0.251706,0.156604,-0.09005,173.564742,-29.436609,-116.134882,-0.864959,-0.389018,-0.315779,0.09756,0.487462,-0.867551,0.49146,-0.781555,-0.38347,0.307181,0.151358,-0.09072,154.793465,-16.748423,-31.216383,-0.866015,-0.499203,0.002302,0.407636,-0.709772,-0.57386,0.28817,-0.496265,0.818902,0.403064,0.165088,-0.121639,-108.472445,-58.108533,-144.631421,-0.167277,-0.929142,0.32912,-0.500738,-0.207203,-0.840191,0.84905,-0.305541,-0.430437,0.255724,-0.16852,-0.104003,-165.708132,-21.381912,-48.814228,-0.901733,-0.103542,0.418291,-0.229713,-0.705166,-0.670006,0.364583,-0.700681,0.613093,0.317227,-0.157581,-0.105901,-168.195651,-15.840184,-8.5468,-0.941177,0.162474,0.294612,-0.196697,-0.975783,-0.090273,0.272955,-0.142972,0.951331,0.41657,-0.17678,-0.12789,154.993053,-45.429181,147.625996,-0.635367,0.702418,-0.319273,0.29637,0.604519,0.739245,0.712384,0.375404,-0.592136
0.251706,0.156604,-0.09005,173.564742,-29.436609,-116.134882,-0.864959,-0.389018,-0.315779,0.09756,0.487462,-0.867551,0.49146,-0.781555,-0.38347,0.307181,0.151358,-0.090832,154.776785,-16.783825,-31.210648,-0.866015,-0.499795,0.00261,0.407944,-0.709849,-0.574019,0.288762,-0.496106,0.818825,0.403064,0.165199,-0.121639,-108.459347,-58.090179,-144.62858,-0.167277,-0.929049,0.329527,-0.501119,-0.207499,-0.839949,0.848881,-0.305783,-0.430733,0.255724,-0.16852,-0.104003,-165.726422,-21.373645,-48.824306,-0.90192,-0.103721,0.417988,-0.229454,-0.705059,-0.670286,0.364448,-0.700839,0.613013,0.317227,-0.157469,-0.105901,-168.191402,-15.851828,-8.577533,-0.941235,0.162389,0.294897,-0.196782,-0.975853,-0.090731,0.273151,-0.143474,0.951202,0.41657,-0.176892,-0.127778,154.952948,-45.408659,147.61243,-0.635118,0.702669,-0.318553,0.296796,0.604068,0.739374,0.712132,0.375524,-0.592015
0.251706,0.156493,-0.09005,173.564742,-29.436609,-116.134882,-0.864959,-0.389018,-0.315779,0.09756,0.487462,-0.867551,0.49146,-0.781555,-0.38347,0.307181,0.151358,-0.090832,154.788964,-16.779583,-31.211636,-0.866015,-0.49957,0.002681,0.40772,-0.709849,-0.574,0.288691,-0.496125,0.818825,0.403064,0.165199,-0.121527,-108.459347,-58.090179,-144.62858,-0.167277,-0.929049,0.329527,-0.501119,-0.207499,-0.839949,0.848881,-0.305783,-0.430733,0.255724,-0.16852,-0.104003,-165.720857,-21.387123,-48.829585,-0.90192,-0.103814,0.418207,-0.229547,-0.705166,-0.670278,0.364668,-0.700847,0.612906,0.317227,-0.157358,-0.106012,-168.191402,-15.851828,-8.577533,-0.941235,0.162389,0.294897,-0.196782,-0.975853,-0.090731,0.273151,-0.143474,0.951202,0.416682,-0.17678,-0.12789,154.964927,-45.442195,147.622439,-0.635118,0.702831,-0.318964,0.296634,0.604068,0.739519,0.712543,0.375379,-0.592015
0.251706,0.156604,-0.09005,173.577949,-29.444616,-116.139153,-0.864959,-0.38922,-0.315657,0.097358,0.487418,-0.867611,0.491582,-0.781495,-0.383513,0.307181,0.151358,-0.090832,154.793625,-16.78318,-31.227546,-0.866157,-0.499589,0.002621,0.4077,-0.709849,-0.574224,0.288751,-0.49635,0.818683,0.402952,0.165088,-0.121639,-108.472445,-58.108533,-144.631421,-0.167277,-0.929142,0.32912,-0.500738,-0.207203,-0.840191,0.84905,-0.305541,-0.430437,0.255724,-0.16852,-0.104003,-165.741432,-21.412083,-48.830549,-0.90192,-0.104345,0.418239,-0.229202,-0.705272,-0.670376,0.365073,-0.700749,0.6128,0.317227,-0.157469,-0.106012,-168.216858,-15.866536,-8.589716,-0.941264,0.161859,0.29513,-0.196351,-0.975924,-0.091019,0.273397,-0.143666,0.951102,0.416682,-0.17678,-0.12789,155.012487,-45.451675,147.590237,-0.63528,0.702576,-0.319259,0.296067,0.604196,0.739648,0.712659,0.375661,-0.591725
0.251706,0.156604,-0.09005,173.585911,-29.431332,-116.138528,-0.864959,-0.389098,-0.315455,0.097236,0.487418,-0.867589,0.49138,-0.781517,-0.383513,0.307181,0.151358,-0.090832,154.790076,-16.785622,-31.239827,-0.865849,-0.499549,0.002542,0.407621,-0.709399,-0.574378,0.288792,-0.496504,0.818541,0.402952,0.165088,-0.121751,-108.483836,-58.116687,-144.654599,-0.167328,-0.929329,0.328512,-0.500559,-0.20667,-0.840408,0.849126,-0.305273,-0.430429,0.255724,-0.168632,-0.104003,-165.759718,-21.403822,-48.84063,-0.902106,-0.104524,0.417935,-0.228943,-0.705166,-0.670657,0.364939,-0.700907,0.61272,0.317227,-0.157469,-0.106012,-168.204557,-15.866994,-8.577394,-0.941235,0.162135,0.295122,-0.196556,-0.975924,-0.090744,0.273405,-0.143461,0.951131,0.41657,-0.176668,-0.128001,155.015663,-45.479114,147.587822,-0.634869,0.702665,-0.319594,0.295833,0.604196,0.739711,0.712995,0.375436,-0.591314
0.251817,0.156604,-0.09005,173.585911,-29.431332,-116.138528,-0.864959,-0.389098,-0.315455,0.097236,0.487418,-0.867589,0.49138,-0.781517,-0.383513,0.307181,0.15147,-0.090832,154.803077,-16.771513,-31.258604,-0.865991,-0.499272,0.002328,0.407448,-0.709361,-0.574524,0.288556,-0.496809,0.818438,0.403064,0.165088,-0.121527,-108.469898,-58.059662,-144.635637,-0.167378,-0.929068,0.328742,-0.501116,-0.206433,-0.839939,0.848599,-0.305692,-0.430717,0.255724,-0.168632,-0.104003,-165.759718,-21.403822,-48.84063,-0.902106,-0.104524,0.417935,-0.228943,-0.705166,-0.670657,0.364939,-0.700907,0.61272,0.317227,-0.157469,-0.106012,-168.205405,-15.852694,-8.575457,-0.941235,0.162149,0.294882,-0.196542,-0.975853,-0.090766,0.273165,-0.143439,0.951202,0.416682,-0.17678,-0.12789,155.012487,-45.451675,147.590237,-0.63528,0.702576,-0.319259,0.296067,0.604196,0.739648,0.712659,0.375661,-0.591725
0.251706,0.156604,-0.09005,173.597011,-29.440758,-116.136948,-0.865202,-0.389359,-0.315312,0.097094,0.487132,-0.867851,0.491523,-0.781659,-0.383556,0.307181,0.151358,-0.090832,154.806922,-16.784971,-31.256728,-0.865991,-0.499343,0.002552,0.407377,-0.709399,-0.574584,0.288781,-0.496748,0.818399,0.402952,0.164976,-0.121527,-108.473972,-58.075261,-144.648731,-0.167378,-0.929186,0.328598,-0.500998,-0.206433,-0.840087,0.848743,-0.305544,-0.430717,0.255724,-0.16852,-0.103891,-165.746648,-21.39808,-48.842787,-0.902106,-0.104305,0.418029,-0.229162,-0.705166,-0.670603,0.364846,-0.70096,0.61272,0.317227,-0.157469,-0.106012,-168.179101,-15.852292,-8.565211,-0.941206,0.162665,0.294889,-0.196986,-0.975853,-0.090456,0.273158,-0.143269,0.951231,0.416793,-0.176668,-0.12789,154.996205,-45.456617,147.6236,-0.634956,0.702507,-0.319609,0.296136,0.604519,0.739309,0.71272,0.375178,-0.591725
0.251706,0.156604,-0.09005,173.590528,-29.43826,-116.110767,-0.865042,-0.389397,-0.315231,0.097175,0.486888,-0.867931,0.491485,-0.781739,-0.383152,0.307181,0.151358,-0.09072,154.823462,-16.768419,-31.263221,-0.866441,-0.499107,0.002418,0.407283,-0.709811,-0.574576,0.288504,-0.496899,0.818438,0.402841,0.165088,-0.121639,-108.41411,-58.117753,-144.716718,-0.166802,-0.929441,0.328917,-0.501015,-0.207321,-0.840159,0.849135,-0.304997,-0.431029,0.255724,-0.16852,-0.104003,-165.747666,-21.413502,-48.859652,-0.901855,-0.104679,0.41811,-0.229081,-0.704834,-0.670774,0.365096,-0.701041,0.612427,0.317339,-0.157358,-0.106012,-168.163399,-15.850097,-8.581686,-0.941235,0.162869,0.294926,-0.197262,-0.975853,-0.090661,0.273121,-0.143545,0.951202,0.416905,-0.176557,-0.12789,155.066958,-45.437966,147.568124,-0.635691,0.702032,-0.319576,0.295524,0.60463,0.739504,0.712491,0.375967,-0.591701
0.251817,0.156604,-0.09005,173.596388,-29.426398,-116.104296,-0.865286,-0.389335,-0.315007,0.097113,0.486645,-0.868111,0.491305,-0.781963,-0.383152,0.307181,0.151358,-0.09072,154.836456,-16.754304,-31.281994,-0.866583,-0.498831,0.002204,0.40711,-0.709772,-0.574721,0.288268,-0.497203,0.818335,0.402841,0.165088,-0.121639,-108.441236,-58.10534,-144.667519,-0.16704,-0.929232,0.329091,-0.500936,-0.207262,-0.840101,0.849021,-0.305343,-0.430733,0.255724,-0.16852,-0.104003,-165.734595,-21.407758,-48.861809,-0.901855,-0.10446,0.418203,-0.2293,-0.704834,-0.670721,0.365003,-0.701094,0.612427,0.317339,-0.157358,-0.106012,-168.176552,-15.865263,-8.581551,-0.941235,0.162615,0.295151,-0.197036,-0.975924,-0.090674,0.273376,-0.143532,0.951131,0.416793,-0.176445,-0.127778,155.081308,-45.403727,147.532473,-0.635853,0.70174,-0.319174,0.295405,0.604613,0.73949,0.712072,0.376392,-0.591557
0.251817,0.156604,-0.09005,173.602249,-29.414537,-116.097829,-0.865529,-0.389273,-0.314784,0.09705,0.486401,-0.868291,0.491125,-0.782186,-0.383152,0.307181,0.15147,-0.09072,154.830987,-16.760579,-31.248294,-0.866299,-0.498863,0.002549,0.407077,-0.709811,-0.574331,0.288373,-0.496693,0.81858,0.402952,0.165088,-0.121639,-108.447023,-58.131174,-144.660313,-0.166989,-0.929256,0.329149,-0.500615,-0.207499,-0.840275,0.849259,-0.30522,-0.430445,0.255724,-0.16852,-0.104003,-165.734595,-21.407758,-48.861809,-0.901855,-0.10446,0.418203,-0.2293,-0.704834,-0.670721,0.365003,-0.701094,0.612427,0.317339,-0.157358,-0.106012,-168.162551,-15.864397,-8.583629,-0.941235,0.162855,0.295166,-0.197276,-0.975924,-0.090638,0.273362,-0.143567,0.951131,0.416682,-0.176445,-0.127778,155.093307,-45.437265,147.542448,-0.635853,0.701901,-0.319585,0.295243,0.604613,0.739634,0.712483,0.376247,-0.591557
