Sensor #1 X,Sensor #1 Y,Sensor #1 Z,"Sensor #1 Euler Angles (Z Y'X"") Z","Sensor #1 Euler Angles (Z Y'X"") Y'","Sensor #1 Euler Angles (Z Y'X"") X""","Sensor #1 Rotation Matrix M0,0","Sensor #1 Rotation Matrix M0,1","Sensor #1 Rotation Matrix M0,2","Sensor #1 Rotation Matrix M1,0","Sensor #1 Rotation Matrix M1,1","Sensor #1 Rotation Matrix M1,2","Sensor #1 Rotation Matrix M2,0","Sensor #1 Rotation Matrix M2,1","Sensor #1 Rotation Matrix M2,2",Sensor #2 X,Sensor #2 Y,Sensor #2 Z,"Sensor #2 Euler Angles (Z Y'X"") Z","Sensor #2 Euler Angles (Z Y'X"") Y'","Sensor #2 Euler Angles (Z Y'X"") X""","Sensor #2 Rotation Matrix M0,0","Sensor #2 Rotation Matrix M0,1","Sensor #2 Rotation Matrix M0,2","Sensor #2 Rotation Matrix M1,0","Sensor #2 Rotation Matrix M1,1","Sensor #2 Rotation Matrix M1,2","Sensor #2 Rotation Matrix M2,0","Sensor #2 Rotation Matrix M2,1","Sensor #2 Rotation Matrix M2,2",Sensor #3 X,Sensor #3 Y,Sensor #3 Z,"Sensor #3 Euler Angles (Z Y'X"") Z","Sensor #3 Euler Angles (Z Y'X"") Y'","Sensor #3 Euler Angles (Z Y'X"") X""","Sensor #3 Rotation Matrix M0,0","Sensor #3 Rotation Matrix M0,1","Sensor #3 Rotation Matrix M0,2","Sensor #3 Rotation Matrix M1,0","Sensor #3 Rotation Matrix M1,1","Sensor #3 Rotation Matrix M1,2","Sensor #3 Rotation Matrix M2,0","Sensor #3 Rotation Matrix M2,1","Sensor #3 Rotation Matrix M2,2",Sensor #4 X,Sensor #4 Y,Sensor #4 Z,"Sensor #4 Euler Angles (Z Y'X"") Z","Sensor #4 Euler Angles (Z Y'X"") Y'","Sensor #4 Euler Angles (Z Y'X"") X""","Sensor #4 Rotation Matrix M0,0","Sensor #4 Rotation Matrix M0,1","Sensor #4 Rotation Matrix M0,2","Sensor #4 Rotation Matrix M1,0","Sensor #4 Rotation Matrix M1,1","Sensor #4 Rotation Matrix M1,2","Sensor #4 Rotation Matrix M2,0","Sensor #4 Rotation Matrix M2,1","Sensor #4 Rotation Matrix M2,2",Sensor #5 X,Sensor #5 Y,Sensor #5 Z,"Sensor #5 Euler Angles (Z Y'X"") Z","Sensor #5 Euler Angles (Z Y'X"") Y'","Sensor #5 Euler Angles (Z Y'X"") X""","Sensor #5 Rotation Matrix M0,0","Sensor #5 Rotation Matrix M0,1","Sensor #5 Rotation Matrix M0,2","Sensor #5 Rotation Matrix M1,0","Sensor #5 Rotation Matrix M1,1","Sensor #5 Rotation Matrix M1,2","Sensor #5 Rotation Matrix M2,0","Sensor #5 Rotation Matrix M2,1","Sensor #5 Rotation Matrix M2,2",Sensor #6 X,Sensor #6 Y,Sensor #6 Z,"Sensor #6 Euler Angles (Z Y'X"") Z","Sensor #6 Euler Angles (Z Y'X"") Y'","Sensor #6 Euler Angles (Z Y'X"") X""","Sensor #6 Rotation Matrix M0,0","Sensor #6 Rotation Matrix M0,1","Sensor #6 Rotation Matrix M0,2","Sensor #6 Rotation Matrix M1,0","Sensor #6 Rotation Matrix M1,1","Sensor #6 Rotation Matrix M1,2","Sensor #6 Rotation Matrix M2,0","Sensor #6 Rotation Matrix M2,1","Sensor #6 Rotation Matrix M2,2"
0.253715,0.155153,-0.093734,179.748566,-32.771637,-123.040314,-0.840257,-0.451285,-0.298919,0.003687,0.54755,-0.836625,0.541292,-0.704483,-0.458202,0.306065,0.153479,-0.092952,165.431153,-22.004402,-34.745083,-0.897039,-0.413317,0.15462,0.23314,-0.741243,-0.629023,0.374678,-0.528388,0.761807,0.40005,0.17145,-0.124764,-113.093284,-59.021766,-144.914263,-0.201851,-0.946008,0.253447,-0.473388,-0.132241,-0.870823,0.857363,-0.295799,-0.421102,0.255166,-0.170306,-0.107686,-170.72055,-25.870987,-43.88264,-0.887922,-0.18231,0.422147,-0.145076,-0.760013,-0.633398,0.436346,-0.623701,0.648514,0.314548,-0.160037,-0.106459,-173.182293,-16.64308,-11.203698,-0.951025,0.061148,0.302025,-0.113701,-0.980308,-0.159578,0.286409,-0.186156,0.939839,0.414896,-0.184147,-0.12242,152.69611,-43.442103,140.418597,-0.644249,0.742481,-0.17931,0.332577,0.484562,0.808775,0.687621,0.462003,-0.558835
0.253715,0.155153,-0.093734,179.740962,-32.78567,-123.041518,-0.840257,-0.451397,-0.299125,0.003799,0.54755,-0.836657,0.541498,-0.70445,-0.458202,0.306065,0.153479,-0.092952,165.431153,-22.004402,-34.745083,-0.897039,-0.413317,0.15462,0.23314,-0.741243,-0.629023,0.374678,-0.528388,0.761807,0.40005,0.171338,-0.124764,-113.135742,-59.019114,-144.888308,-0.202149,-0.945969,0.253004,-0.473115,-0.131673,-0.870961,0.857339,-0.295894,-0.420832,0.255054,-0.170306,-0.107686,-170.722442,-25.870828,-43.865007,-0.887753,-0.182252,0.422149,-0.145018,-0.760013,-0.633176,0.436344,-0.623479,0.648684,0.314437,-0.160037,-0.106459,-173.152489,-16.654878,-11.20947,-0.951025,0.061607,0.302308,-0.114203,-0.980381,-0.159495,0.286606,-0.18624,0.939766,0.414896,-0.184259,-0.122309,152.684308,-43.438869,140.44009,-0.64465,0.742667,-0.17908,0.332952,0.484402,0.808855,0.68758,0.462113,-0.559395
0.253715,0.155153,-0.093734,179.736885,-32.787878,-123.033864,-0.84048,-0.451457,-0.299092,0.00386,0.547326,-0.836863,0.54153,-0.704656,-0.458202,0.306065,0.153479,-0.092952,165.426673,-22.001758,-34.728256,-0.896886,-0.413282,0.154663,0.233176,-0.741243,-0.628798,0.374635,-0.528162,0.76196,0.400162,0.17145,-0.124653,-113.099794,-59.008785,-144.890591,-0.201851,-0.945859,0.25333,-0.473239,-0.131957,-0.870763,0.857246,-0.295859,-0.420818,0.255054,-0.170306,-0.107798,-170.719026,-25.884782,-43.852355,-0.887584,-0.182279,0.422374,-0.145045,-0.760129,-0.632957,0.436563,-0.623255,0.648737,0.314437,-0.159925,-0.106459,-173.144703,-16.66575,-11.238879,-0.95063,0.061501,0.302533,-0.114286,-0.979974,-0.159942,0.286788,-0.18671,0.939607,0.415007,-0.184259,-0.122197,152.708,-43.39745,140.420769,-0.64505,0.742157,-0.178933,0.332821,0.484722,0.80866,0.687055,0.462497,-0.559475
0.253715,0.155153,-0.093734,179.719317,-32.792106,-123.036759,-0.840257,-0.451302,-0.299442,0.004116,0.547614,-0.836628,0.541592,-0.704479,-0.458137,0.306065,0.153479,-0.092952,165.431153,-22.004402,-34.745083,-0.897039,-0.413317,0.15462,0.23314,-0.741243,-0.629023,0.374678,-0.528388,0.761807,0.400162,0.171338,-0.124653,-113.111408,-59.012391,-144.879833,-0.201851,-0.945827,0.253065,-0.472973,-0.131673,-0.870844,0.857279,-0.295778,-0.420534,0.255054,-0.170306,-0.107798,-170.732961,-25.890161,-43.849702,-0.887584,-0.182501,0.422289,-0.144823,-0.760129,-0.633015,0.436647,-0.623198,0.648737,0.314437,-0.159925,-0.106459,-173.129851,-16.649448,-11.254118,-0.950673,0.061726,0.302325,-0.114542,-0.979901,-0.160157,0.286515,-0.186976,0.939637,0.415007,-0.184259,-0.122197,152.701363,-43.381667,140.415901,-0.64505,0.742063,-0.178733,0.332916,0.484722,0.80858,0.686855,0.462577,-0.559475
0.253715,0.155153,-0.093734,179.725734,-32.794048,-123.063808,-0.840446,-0.451274,-0.299535,0.004023,0.547837,-0.836534,0.541621,-0.704384,-0.458549,0.306065,0.153367,-0.092952,165.426568,-21.990493,-34.744789,-0.897039,-0.41324,0.154395,0.233217,-0.741173,-0.62898,0.374453,-0.52843,0.761877,0.400273,0.171227,-0.124653,-113.180458,-59.025524,-144.840261,-0.202383,-0.945848,0.252764,-0.47264,-0.131339,-0.871131,0.857397,-0.296022,-0.420265,0.255054,-0.170306,-0.107798,-170.732961,-25.890161,-43.849702,-0.887584,-0.182501,0.422289,-0.144823,-0.760129,-0.633015,0.436647,-0.623198,0.648737,0.314437,-0.159925,-0.106459,-173.129271,-16.634433,-11.267212,-0.950716,0.061711,0.302096,-0.114557,-0.979828,-0.160408,0.286264,-0.187205,0.939667,0.415007,-0.184259,-0.122309,152.696627,-43.39114,140.432949,-0.644861,0.742093,-0.179013,0.332885,0.484912,0.80846,0.686975,0.462297,-0.559475
0.253715,0.155153,-0.093734,179.722183,-32.786191,-123.092561,-0.840412,-0.450978,-0.299772,0.004075,0.548348,-0.836173,0.541506,-0.704145,-0.458896,0.306065,0.153367,-0.092952,165.426568,-21.990493,-34.744789,-0.897039,-0.41324,0.154395,0.233217,-0.741173,-0.62898,0.374453,-0.52843,0.761877,0.400385,0.171338,-0.12443,-113.210823,-58.98167,-144.783579,-0.202914,-0.945583,0.253442,-0.473188,-0.131573,-0.870829,0.857002,-0.296855,-0.420563,0.255054,-0.170306,-0.107798,-170.732961,-25.890161,-43.849702,-0.887584,-0.182501,0.422289,-0.144823,-0.760129,-0.633015,0.436647,-0.623198,0.648737,0.314437,-0.159925,-0.106459,-173.130552,-16.620073,-11.265718,-0.950716,0.061733,0.301856,-0.114535,-0.979755,-0.160419,0.286024,-0.187194,0.93974,0.415007,-0.184259,-0.122309,152.677843,-43.408073,140.46198,-0.644671,0.742323,-0.179199,0.333056,0.484941,0.808404,0.68719,0.461952,-0.559636
0.253715,0.155153,-0.093734,179.72626,-32.783988,-123.10023,-0.84019,-0.450917,-0.299805,0.004014,0.548571,-0.835967,0.541473,-0.703939,-0.458896,0.306065,0.153367,-0.092952,165.431153,-22.004402,-34.745083,-0.897039,-0.413317,0.15462,0.23314,-0.741243,-0.629023,0.374678,-0.528388,0.761807,0.400273,0.17145,-0.12443,-113.174889,-58.971365,-144.785845,-0.202616,-0.945474,0.253768,-0.473312,-0.131856,-0.870631,0.85691,-0.29682,-0.420549,0.255054,-0.170306,-0.107798,-170.732961,-25.890161,-43.849702,-0.887584,-0.182501,0.422289,-0.144823,-0.760129,-0.633015,0.436647,-0.623198,0.648737,0.314437,-0.160037,-0.106459,-173.129977,-16.60506,-11.27881,-0.950759,0.061718,0.301627,-0.11455,-0.979682,-0.16067,0.285773,-0.187423,0.93977,0.414896,-0.184259,-0.12242,152.698353,-43.431403,140.428108,-0.64465,0.742467,-0.179174,0.332752,0.484562,0.80879,0.687486,0.462178,-0.559235
0.253715,0.155153,-0.093734,179.740307,-32.79158,-123.106191,-0.84019,-0.451123,-0.299693,0.003808,0.548506,-0.836028,0.541585,-0.703878,-0.458961,0.306065,0.153367,-0.092952,165.444621,-21.999667,-34.746862,-0.897039,-0.413091,0.154697,0.232915,-0.741243,-0.628988,0.374601,-0.528423,0.761807,0.400162,0.17145,-0.12443,-113.173471,-59.000919,-144.822427,-0.202616,-0.945739,0.253735,-0.473344,-0.13214,-0.870833,0.857176,-0.296618,-0.420832,0.255054,-0.170306,-0.107798,-170.748799,-25.895377,-43.829416,-0.887415,-0.182665,0.422207,-0.144544,-0.760129,-0.632851,0.436729,-0.622918,0.648906,0.314437,-0.160037,-0.106347,-173.146452,-16.593519,-11.291036,-0.951283,0.061474,0.301412,-0.114335,-0.980089,-0.160979,0.28558,-0.187638,0.939799,0.414896,-0.184259,-0.122309,152.68922,-43.414386,140.449793,-0.644861,0.742388,-0.179119,0.332991,0.484751,0.808604,0.68727,0.462152,-0.559636
0.253715,0.155153,-0.093734,179.740307,-32.79158,-123.106191,-0.84019,-0.451123,-0.299693,0.003808,0.548506,-0.836028,0.541585,-0.703878,-0.458961,0.306065,0.153367,-0.092952,165.444512,-21.988401,-34.763394,-0.897192,-0.41305,0.154429,0.232957,-0.741173,-0.62917,0.374419,-0.52869,0.761724,0.400273,0.17145,-0.124653,-113.13285,-59.011591,-144.853326,-0.202085,-0.945771,0.253356,-0.473029,-0.131907,-0.870851,0.857271,-0.296069,-0.420534,0.255054,-0.170418,-0.107798,-170.769341,-25.904268,-43.813009,-0.88769,-0.182831,0.422183,-0.144262,-0.760572,-0.632772,0.436869,-0.622723,0.649075,0.314437,-0.160148,-0.106347,-173.173119,-16.595457,-11.301353,-0.951326,0.060957,0.30138,-0.113891,-0.980089,-0.161292,0.285612,-0.187805,0.939756,0.414784,-0.18437,-0.12242,152.652244,-43.424223,140.459382,-0.64446,0.742708,-0.178865,0.333311,0.484431,0.808639,0.687395,0.461929,-0.559556
0.253715,0.155153,-0.093734,179.74672,-32.793522,-123.133244,-0.840379,-0.451095,-0.299787,0.003715,0.548729,-0.835933,0.541613,-0.703783,-0.459373,0.306177,0.153367,-0.092952,165.444621,-21.999667,-34.746862,-0.897039,-0.413091,0.154697,0.232915,-0.741243,-0.628988,0.374601,-0.528423,0.761807,0.400273,0.171338,-0.124764,-113.118725,-59.038046,-144.870698,-0.201787,-0.945862,0.253118,-0.472654,-0.131907,-0.871018,0.857509,-0.295668,-0.420236,0.255054,-0.170418,-0.107798,-170.765942,-25.918222,-43.800351,-0.887521,-0.182858,0.422407,-0.144288,-0.760688,-0.632553,0.437088,-0.622499,0.649128,0.314437,-0.160037,-0.106347,-173.149021,-16.564803,-11.288053,-0.951283,0.061517,0.300932,-0.114292,-0.979944,-0.161001,0.2851,-0.187616,0.939945,0.414896,-0.18437,-0.12242,152.666463,-43.40176,140.474171,-0.644482,0.742259,-0.179279,0.33312,0.48513,0.808204,0.68711,0.461752,-0.559636
0.253715,0.155153,-0.093734,179.736793,-32.803415,-123.11507,-0.839967,-0.451174,-0.299932,0.003859,0.548729,-0.835854,0.541758,-0.70364,-0.458961,0.306065,0.153367,-0.092952,165.45809,-21.994933,-34.748642,-0.897039,-0.412866,0.154773,0.23269,-0.741243,-0.628953,0.374525,-0.528458,0.761807,0.400273,0.171338,-0.124653,-113.149594,-59.031785,-144.855473,-0.202085,-0.945855,0.252941,-0.472647,-0.131623,-0.871074,0.857453,-0.295845,-0.420251,0.255054,-0.170418,-0.107798,-170.767851,-25.918057,-43.782719,-0.887352,-0.1828,0.42241,-0.144231,-0.760688,-0.632331,0.437085,-0.622277,0.649297,0.314437,-0.160037,-0.106459,-173.149021,-16.564803,-11.288053,-0.951283,0.061517,0.300932,-0.114292,-0.979944,-0.161001,0.2851,-0.187616,0.939945,0.415007,-0.184482,-0.122197,152.689769,-43.363426,140.464124,-0.645472,0.741999,-0.178822,0.333299,0.485101,0.808289,0.686624,0.462446,-0.560276
0.253715,0.155153,-0.093734,179.743211,-32.80536,-123.142129,-0.840156,-0.451145,-0.300025,0.003765,0.548951,-0.835759,0.541787,-0.703545,-0.459373,0.306065,0.153479,-0.093064,165.485155,-22.020187,-34.754916,-0.897489,-0.412837,0.155335,0.232355,-0.741834,-0.62908,0.374933,-0.528484,0.761667,0.400385,0.171227,-0.124764,-113.200131,-59.053291,-144.877416,-0.202448,-0.94613,0.251998,-0.472343,-0.130823,-0.871463,0.857646,-0.295625,-0.42028,0.254943,-0.170418,-0.10791,-170.760635,-25.932344,-43.805329,-0.887521,-0.182942,0.422629,-0.144373,-0.760803,-0.632555,0.43731,-0.622496,0.649012,0.314437,-0.160148,-0.106459,-173.147736,-16.57916,-11.289544,-0.951283,0.061496,0.301172,-0.114314,-0.980016,-0.16099,0.28534,-0.187627,0.939872,0.415007,-0.18437,-0.122197,152.697175,-43.340197,140.447308,-0.645472,0.741705,-0.178716,0.333193,0.485261,0.808144,0.686329,0.46259,-0.560116
0.253715,0.155153,-0.093734,179.739704,-32.817199,-123.151018,-0.839934,-0.451196,-0.300263,0.003816,0.549174,-0.835586,0.541961,-0.703307,-0.459373,0.306177,0.153479,-0.092952,165.489621,-21.999372,-34.752503,-0.897039,-0.412493,0.155152,0.232163,-0.741313,-0.628925,0.374596,-0.528485,0.761737,0.400273,0.171227,-0.124876,-113.147789,-59.060354,-144.919187,-0.201916,-0.946193,0.251884,-0.472294,-0.130873,-0.8714,0.857709,-0.295157,-0.420265,0.254943,-0.170418,-0.10791,-170.77649,-25.937552,-43.785037,-0.887352,-0.183106,0.422547,-0.144093,-0.760803,-0.632391,0.437391,-0.622217,0.649181,0.314437,-0.160148,-0.106459,-173.150871,-16.565455,-11.273468,-0.95124,0.061554,0.300921,-0.114256,-0.979944,-0.160761,0.285111,-0.187376,0.939988,0.414896,-0.184593,-0.122197,152.627824,-43.338446,140.485364,-0.645472,0.742316,-0.177937,0.334184,0.48462,0.808242,0.686307,0.462493,-0.560757
0.253715,0.155153,-0.093734,179.736156,-32.809356,-123.179803,-0.839901,-0.4509,-0.3005,0.003868,0.549684,-0.835224,0.541845,-0.703067,-0.45972,0.306065,0.153479,-0.093064,165.494152,-22.012814,-34.73987,-0.897336,-0.412577,0.155455,0.232165,-0.741834,-0.628819,0.374814,-0.528294,0.76182,0.400273,0.171115,-0.124876,-113.178686,-59.054109,-144.903953,-0.202214,-0.946186,0.251707,-0.472287,-0.130589,-0.871456,0.857653,-0.295334,-0.42028,0.254943,-0.170418,-0.10791,-170.788966,-25.956712,-43.752086,-0.887015,-0.183296,0.42269,-0.14384,-0.760919,-0.632008,0.437692,-0.621713,0.649403,0.314437,-0.160037,-0.106459,-173.136611,-16.564164,-11.275599,-0.95124,0.061794,0.300943,-0.114496,-0.979944,-0.160725,0.285089,-0.187412,0.939988,0.415007,-0.184593,-0.122197,152.642063,-43.316005,140.500172,-0.645495,0.741867,-0.178351,0.333992,0.485319,0.807807,0.686022,0.462315,-0.560837
0.253715,0.155153,-0.093734,179.73499,-32.825355,-123.208073,-0.84009,-0.450983,-0.3008,0.003886,0.549906,-0.835161,0.54208,-0.70294,-0.460132,0.306065,0.153479,-0.093064,165.507738,-22.019358,-34.725132,-0.897183,-0.412393,0.155799,0.231898,-0.741904,-0.628602,0.37492,-0.528061,0.761903,0.40005,0.171227,-0.124988,-113.146366,-59.089975,-144.955842,-0.201916,-0.946459,0.251851,-0.472326,-0.131157,-0.871602,0.857975,-0.294955,-0.420549,0.254943,-0.170418,-0.10791,-170.781628,-25.95486,-43.740996,-0.88729,-0.183019,0.422835,-0.144002,-0.761362,-0.631813,0.437663,-0.621634,0.649571,0.314325,-0.160037,-0.106459,-173.138461,-16.564818,-11.261015,-0.951197,0.06183,0.300932,-0.11446,-0.979944,-0.160484,0.2851,-0.187172,0.940031,0.414896,-0.184705,-0.122197,152.614025,-43.330891,140.524052,-0.645495,0.742268,-0.178162,0.334392,0.484998,0.807936,0.686211,0.462187,-0.561157
0.253715,0.155153,-0.093734,179.731492,-32.837203,-123.21698,-0.839868,-0.451033,-0.301038,0.003936,0.550129,-0.834988,0.542254,-0.702701,-0.460132,0.306065,0.153479,-0.093064,165.507789,-22.030173,-34.695675,-0.897327,-0.412442,0.156144,0.231934,-0.742424,-0.628271,0.375095,-0.527645,0.762139,0.40005,0.171227,-0.124988,-113.119791,-59.07416,-144.969457,-0.201683,-0.946398,0.25171,-0.472387,-0.130923,-0.871453,0.857833,-0.294806,-0.420549,0.255054,-0.170418,-0.10791,-170.778247,-25.96882,-43.728342,-0.887121,-0.183046,0.423059,-0.144028,-0.761478,-0.631594,0.437882,-0.621409,0.649624,0.314325,-0.160037,-0.106459,-173.154574,-16.566759,-11.244299,-0.951154,0.061626,0.300899,-0.114183,-0.979944,-0.160281,0.285132,-0.186895,0.940074,0.415007,-0.184482,-0.122197,152.66995,-43.289182,140.512288,-0.646107,0.741468,-0.178548,0.33391,0.485828,0.807587,0.685681,0.462513,-0.561318
0.253715,0.155153,-0.093734,179.731492,-32.837203,-123.21698,-0.839868,-0.451033,-0.301038,0.003936,0.550129,-0.834988,0.542254,-0.702701,-0.460132,0.306177,0.153479,-0.093064,165.516902,-22.034092,-34.664123,-0.897021,-0.412223,0.156531,0.231703,-0.742495,-0.627828,0.375158,-0.527187,0.762374,0.400162,0.171227,-0.124988,-113.162347,-59.071544,-144.943454,-0.201981,-0.946358,0.251267,-0.472114,-0.130356,-0.87159,0.85781,-0.294902,-0.42028,0.254943,-0.170418,-0.10791,-170.804107,-25.963577,-43.706951,-0.887396,-0.183128,0.422814,-0.143662,-0.761806,-0.631512,0.4378,-0.621217,0.649908,0.314325,-0.160037,-0.106459,-173.141591,-16.551115,-11.244942,-0.951154,0.061888,0.300681,-0.114402,-0.979871,-0.160255,0.284871,-0.186921,0.940147,0.415007,-0.184482,-0.122309,152.6972,-43.313288,140.510089,-0.646107,0.741457,-0.179043,0.333521,0.485988,0.807683,0.685987,0.462417,-0.561158
0.253715,0.155265,-0.093845,179.735582,-32.834998,-123.224683,-0.839646,-0.450972,-0.30107,0.003875,0.550351,-0.834782,0.542222,-0.702495,-0.460132,0.306177,0.153367,-0.093064,165.530324,-22.02891,-34.652976,-0.897319,-0.412005,0.156686,0.231556,-0.742945,-0.627644,0.375074,-0.527073,0.762527,0.400162,0.171227,-0.124988,-113.186708,-59.078302,-144.951916,-0.202279,-0.9465,0.251206,-0.472256,-0.130356,-0.871707,0.85787,-0.295018,-0.420578,0.254943,-0.170418,-0.108021,-170.797367,-25.991501,-43.681639,-0.887059,-0.183181,0.423262,-0.143714,-0.762037,-0.631074,0.438238,-0.620768,0.650013,0.314325,-0.160148,-0.106459,-173.155853,-16.552402,-11.242812,-0.951154,0.061648,0.300659,-0.114162,-0.979871,-0.160291,0.284892,-0.186884,0.940147,0.414896,-0.184593,-0.122197,152.649321,-43.28085,140.519346,-0.646107,0.741574,-0.178253,0.334205,0.485668,0.807571,0.685575,0.462528,-0.561478
0.253603,0.155265,-0.093845,179.749644,-32.842578,-123.230654,-0.839646,-0.451178,-0.300959,0.003669,0.550286,-0.834842,0.542333,-0.702434,-0.460197,0.306065,0.153367,-0.092952,165.557224,-22.019011,-34.64362,-0.897616,-0.411562,0.156916,0.231183,-0.743395,-0.627425,0.374914,-0.526995,0.76268,0.40005,0.171338,-0.124988,-113.139049,-59.064294,-144.96495,-0.201981,-0.946423,0.251798,-0.472645,-0.130923,-0.871428,0.857745,-0.295064,-0.420847,0.254943,-0.170418,-0.108021,-170.799296,-25.991332,-43.664011,-0.886891,-0.183123,0.423265,-0.143656,-0.762037,-0.630852,0.438235,-0.620546,0.650181,0.314325,-0.160148,-0.10657,-173.170689,-16.568697,-11.227584,-0.95111,0.061423,0.300867,-0.113907,-0.979944,-0.160077,0.285165,-0.186619,0.940118,0.414896,-0.184482,-0.122197,152.642712,-43.265085,140.514482,-0.646107,0.741479,-0.178053,0.334299,0.485668,0.807491,0.685375,0.462608,-0.561478
0.253603,0.155153,-0.093845,179.732089,-32.846847,-123.233597,-0.839423,-0.451022,-0.301309,0.003925,0.550573,-0.834608,0.542395,-0.702257,-0.460132,0.306177,0.153367,-0.092952,165.570706,-22.01429,-34.645409,-0.897616,-0.411337,0.156993,0.230958,-0.743395,-0.62739,0.374838,-0.52703,0.76268,0.399938,0.171338,-0.124988,-113.145582,-59.051303,-144.941263,-0.201981,-0.946274,0.251682,-0.472496,-0.13064,-0.871367,0.857628,-0.295125,-0.420563,0.254943,-0.170529,-0.108021,-170.80796,-26.010828,-43.666315,-0.886891,-0.183429,0.423403,-0.143519,-0.762153,-0.630913,0.438541,-0.620485,0.650066,0.314325,-0.160148,-0.10657,-173.176587,-16.557162,-11.212777,-0.951548,0.061491,0.300652,-0.11386,-0.980351,-0.159869,0.284972,-0.186389,0.940233,0.414784,-0.184482,-0.122197,152.688688,-43.272273,140.48333,-0.646296,0.741237,-0.178362,0.33374,0.485799,0.807643,0.685466,0.462857,-0.561158
0.253715,0.155265,-0.093845,179.738518,-32.848803,-123.260674,-0.839613,-0.450994,-0.301402,0.003832,0.550795,-0.834513,0.542424,-0.702162,-0.460544,0.306177,0.153479,-0.092952,165.575166,-22.016917,-34.662228,-0.897769,-0.411372,0.15695,0.230923,-0.743395,-0.627615,0.37488,-0.527255,0.762527,0.399938,0.17145,-0.124876,-113.161915,-59.033881,-144.901785,-0.202214,-0.946102,0.252122,-0.472669,-0.130873,-0.871233,0.857472,-0.295557,-0.420563,0.254943,-0.170418,-0.108021,-170.81987,-26.000213,-43.647591,-0.887167,-0.183289,0.423241,-0.143374,-0.762481,-0.630772,0.438374,-0.62035,0.65035,0.314325,-0.160148,-0.10657,-173.192122,-16.544088,-11.209167,-0.951548,0.061273,0.300391,-0.113598,-0.980279,-0.159916,0.284753,-0.186342,0.940306,0.414896,-0.18437,-0.122197,152.714036,-43.271126,140.459241,-0.646485,0.741101,-0.178377,0.333475,0.48577,0.807779,0.685452,0.463122,-0.560998
0.253715,0.155265,-0.093845,179.744945,-32.850759,-123.287747,-0.839803,-0.450965,-0.301495,0.003738,0.551018,-0.834418,0.542453,-0.702067,-0.460957,0.306177,0.153479,-0.092841,165.597434,-21.982262,-34.681994,-0.897922,-0.410804,0.15661,0.23059,-0.743255,-0.627685,0.37432,-0.527636,0.762515,0.399827,0.171338,-0.124988,-113.142677,-59.043746,-144.906244,-0.201916,-0.946077,0.252033,-0.472411,-0.130873,-0.871258,0.85756,-0.295299,-0.420265,0.255054,-0.170418,-0.10791,-170.807845,-25.994685,-43.632635,-0.886998,-0.18301,0.423328,-0.143538,-0.762481,-0.630493,0.438288,-0.620187,0.650518,0.314325,-0.160148,-0.10657,-173.179137,-16.528448,-11.209814,-0.951548,0.061534,0.300172,-0.113817,-0.980206,-0.159891,0.284491,-0.186367,0.940378,0.414896,-0.184482,-0.122086,152.689053,-43.236332,140.470931,-0.646886,0.741098,-0.177745,0.334039,0.48561,0.807698,0.685009,0.463392,-0.561559
0.253715,0.155265,-0.093845,179.727396,-32.855041,-123.290706,-0.839581,-0.450809,-0.301845,0.003995,0.551304,-0.834183,0.542515,-0.701889,-0.460892,0.306177,0.153479,-0.092952,165.615616,-22.00275,-34.667594,-0.897769,-0.410697,0.157179,0.230247,-0.743395,-0.627509,0.374651,-0.527361,0.762527,0.40005,0.171227,-0.124988,-113.236139,-59.063657,-144.87513,-0.202746,-0.946239,0.251671,-0.472219,-0.130539,-0.871661,0.857739,-0.295661,-0.420294,0.255054,-0.170529,-0.108021,-170.837703,-26.005227,-43.609666,-0.88683,-0.183395,0.423163,-0.143036,-0.762481,-0.630387,0.438453,-0.619849,0.650686,0.314437,-0.160148,-0.10657,-173.180985,-16.529098,-11.195233,-0.951505,0.061571,0.300161,-0.11378,-0.980206,-0.15965,0.284502,-0.186127,0.940421,0.414896,-0.184482,-0.122197,152.686785,-43.247041,140.461447,-0.646485,0.741113,-0.177881,0.333865,0.48561,0.807684,0.685145,0.463218,-0.561158
0.253715,0.155265,-0.093845,179.734444,-32.866658,-123.334452,-0.839328,-0.450769,-0.302209,0.00389,0.55197,-0.833708,0.542686,-0.701349,-0.461304,0.306177,0.153479,-0.092952,165.629024,-21.997583,-34.656448,-0.898067,-0.410479,0.157333,0.2301,-0.743846,-0.627325,0.374567,-0.527247,0.76268,0.40005,0.171338,-0.124876,-113.256751,-59.024181,-144.834101,-0.203044,-0.945998,0.251792,-0.472445,-0.130256,-0.871434,0.857385,-0.296121,-0.420309,0.255054,-0.170529,-0.10791,-170.847664,-25.99478,-43.608578,-0.887274,-0.183314,0.422999,-0.14295,-0.762808,-0.630468,0.438289,-0.619936,0.650802,0.314437,-0.160148,-0.10657,-173.193973,-16.544736,-11.194585,-0.951505,0.061309,0.30038,-0.113562,-0.980279,-0.159676,0.284764,-0.186102,0.940349,0.414896,-0.184482,-0.122197,152.728062,-43.263688,140.447323,-0.646485,0.740901,-0.178471,0.333275,0.485929,0.807715,0.685357,0.463186,-0.560838
0.253715,0.155265,-0.093845,179.726803,-32.861054,-123.355563,-0.839518,-0.450534,-0.302413,0.004003,0.552257,-0.833551,0.542604,-0.701315,-0.461652,0.306177,0.153367,-0.092952,165.629024,-21.997583,-34.656448,-0.898067,-0.410479,0.157333,0.2301,-0.743846,-0.627325,0.374567,-0.527247,0.76268,0.400162,0.171338,-0.124876,-113.292753,-59.034541,-144.831831,-0.203343,-0.946107,0.251466,-0.472321,-0.129972,-0.871631,0.857478,-0.296157,-0.420324,0.255054,-0.170529,-0.108021,-170.856335,-26.014274,-43.610871,-0.887274,-0.18362,0.423137,-0.142812,-0.762924,-0.630529,0.438595,-0.619875,0.650686,0.314437,-0.160148,-0.106682,-173.208815,-16.561023,-11.17935,-0.951462,0.061084,0.300588,-0.113307,-0.980351,-0.159461,0.285036,-0.185836,0.940319,0.414896,-0.184482,-0.122086,152.728391,-43.227747,140.434964,-0.647075,0.740762,-0.177854,0.333574,0.48574,0.80777,0.6849,0.463721,-0.561239
0.253715,0.155265,-0.093957,179.740876,-32.86862,-123.361535,-0.839518,-0.45074,-0.302302,0.003797,0.552192,-0.833612,0.542715,-0.701254,-0.461717,0.306177,0.153367,-0.092952,165.647084,-22.006782,-34.658558,-0.898067,-0.41033,0.157635,0.229798,-0.743916,-0.627332,0.374716,-0.52724,0.76261,0.400273,0.171227,-0.124876,-113.392761,-59.041443,-144.777116,-0.204173,-0.94612,0.250987,-0.471979,-0.129356,-0.871974,0.85754,-0.296579,-0.420071,0.255054,-0.170529,-0.108021,-170.861624,-26.000135,-43.605907,-0.887274,-0.183536,0.422915,-0.142728,-0.762808,-0.630526,0.438373,-0.619878,0.650802,0.314437,-0.160148,-0.106682,-173.221806,-16.576663,-11.178695,-0.951462,0.060822,0.300806,-0.113088,-0.980424,-0.159487,0.285298,-0.18581,0.940246,0.414784,-0.184482,-0.122086,152.701151,-43.203677,140.43717,-0.647075,0.740773,-0.177359,0.333964,0.485581,0.807675,0.684594,0.463816,-0.561399
0.253715,0.155265,-0.093957,179.751483,-32.88805,-123.376465,-0.839296,-0.450996,-0.30243,0.00364,0.552349,-0.8335,0.542999,-0.700955,-0.461781,0.306065,0.153367,-0.092952,165.665146,-22.015982,-34.660674,-0.898067,-0.410181,0.157936,0.229496,-0.743987,-0.627339,0.374865,-0.527233,0.762539,0.400162,0.171227,-0.124988,-113.352246,-59.05217,-144.807945,-0.203641,-0.946151,0.250608,-0.471665,-0.129123,-0.871991,0.857636,-0.29603,-0.419773,0.255054,-0.170529,-0.108021,-170.858278,-26.014099,-43.593245,-0.887106,-0.183562,0.423139,-0.142754,-0.762924,-0.630307,0.438592,-0.619653,0.650854,0.314437,-0.16026,-0.106682,-173.24975,-16.564223,-11.187542,-0.951505,0.060327,0.300534,-0.112622,-0.980351,-0.15981,0.28509,-0.185967,0.940276,0.414784,-0.184482,-0.122086,152.682443,-43.220576,140.466078,-0.646886,0.741004,-0.177545,0.334134,0.48561,0.807618,0.684809,0.463472,-0.561559
0.253715,0.155265,-0.093957,179.755589,-32.885844,-123.38421,-0.839075,-0.450935,-0.302462,0.003579,0.552571,-0.833293,0.542967,-0.700748,-0.461781,0.306177,0.153479,-0.092952,165.683336,-22.036489,-34.646305,-0.897914,-0.410073,0.158506,0.229154,-0.744128,-0.627164,0.375197,-0.526959,0.762551,0.400162,0.171115,-0.124988,-113.383139,-59.045929,-144.792776,-0.203939,-0.946144,0.250431,-0.471657,-0.128839,-0.872047,0.85758,-0.296207,-0.419788,0.255054,-0.170529,-0.108021,-170.87085,-26.033242,-43.560283,-0.88677,-0.183752,0.423283,-0.1425,-0.76304,-0.629924,0.438893,-0.619149,0.651074,0.314437,-0.16026,-0.106793,-173.250334,-16.579224,-11.17443,-0.951462,0.060342,0.300764,-0.112607,-0.980424,-0.159559,0.285341,-0.185738,0.940246,0.414896,-0.184482,-0.122086,152.726739,-43.187574,140.439879,-0.647286,0.740388,-0.177692,0.333707,0.486089,0.807441,0.684389,0.463839,-0.56148
0.253715,0.155265,-0.093957,179.771991,-32.897577,-123.409531,-0.839487,-0.451174,-0.302413,0.003341,0.552506,-0.833465,0.543139,-0.700798,-0.462258,0.306065,0.153479,-0.092952,165.728547,-22.058462,-34.606128,-0.897907,-0.409563,0.159572,0.228397,-0.74479,-0.626585,0.375552,-0.526338,0.762796,0.400162,0.171115,-0.125099,-113.366898,-59.063417,-144.832192,-0.203706,-0.946316,0.249991,-0.471484,-0.128606,-0.872181,0.857737,-0.295775,-0.419788,0.255054,-0.170529,-0.108021,-170.896714,-26.027964,-43.538901,-0.887046,-0.183834,0.423038,-0.142134,-0.763368,-0.629841,0.43881,-0.618956,0.651357,0.314437,-0.16026,-0.106793,-173.25532,-16.566147,-11.143794,-0.951377,0.060436,0.300502,-0.112513,-0.980351,-0.15909,0.285122,-0.185247,0.940405,0.415007,-0.184593,-0.122086,152.697091,-43.162268,140.468568,-0.647498,0.740415,-0.177341,0.33424,0.486118,0.807239,0.684067,0.463829,-0.562041
0.253715,0.155265,-0.093957,179.780214,-32.893161,-123.425037,-0.839044,-0.451052,-0.302477,0.003219,0.55295,-0.833053,0.543074,-0.700386,-0.462258,0.306065,0.153479,-0.092952,165.769071,-22.055228,-34.582122,-0.898052,-0.408934,0.160146,0.227758,-0.745312,-0.626146,0.3755,-0.526028,0.763031,0.400273,0.171227,-0.124876,-113.437701,-59.047841,-144.728964,-0.204406,-0.945999,0.250746,-0.471503,-0.129023,-0.872144,0.857597,-0.296708,-0.419505,0.255054,-0.170529,-0.108021,-170.891431,-26.042108,-43.543859,-0.887046,-0.183918,0.42326,-0.142218,-0.763484,-0.629844,0.439032,-0.618953,0.651242,0.314437,-0.16026,-0.106793,-173.238517,-16.59359,-11.148868,-0.951377,0.060633,0.301004,-0.112796,-0.980497,-0.159032,0.285581,-0.185304,0.940259,0.415119,-0.184482,-0.122086,152.736393,-43.153693,140.432656,-0.647687,0.740078,-0.17745,0.333775,0.486249,0.807311,0.683958,0.464157,-0.561721
0.253715,0.155377,-0.093957,179.79085,-32.912585,-123.440002,-0.838822,-0.451307,-0.302605,0.003062,0.553107,-0.83294,0.543359,-0.700086,-0.462323,0.306065,0.153479,-0.092841,165.823115,-22.047312,-34.559934,-0.898198,-0.40808,0.160796,0.226894,-0.745833,-0.625672,0.375372,-0.525753,0.763264,0.400162,0.171338,-0.124988,-113.381103,-59.076974,-144.772185,-0.203809,-0.946131,0.250952,-0.471402,-0.129589,-0.872173,0.857858,-0.296212,-0.419475,0.255054,-0.170529,-0.108021,-170.924653,-26.038663,-43.533548,-0.887046,-0.184278,0.42287,-0.14169,-0.763368,-0.629957,0.438978,-0.61884,0.651357,0.314437,-0.160372,-0.106905,-173.267645,-16.611145,-11.131483,-0.951334,0.060168,0.30119,-0.112301,-0.980569,-0.158854,0.285875,-0.185002,0.940229,0.414896,-0.184593,-0.122197,152.712727,-43.195003,140.451771,-0.647286,0.740588,-0.177598,0.333907,0.485929,0.807505,0.684484,0.463775,-0.56164
0.253715,0.155265,-0.093957,179.779165,-32.928873,-123.433461,-0.839044,-0.451479,-0.302779,0.003234,0.552885,-0.833179,0.543597,-0.70026,-0.462323,0.306065,0.153367,-0.092841,165.85469,-22.060456,-34.430642,-0.898633,-0.407481,0.162219,0.226477,-0.747849,-0.623967,0.375585,-0.52401,0.76442,0.400162,0.171338,-0.124988,-113.378238,-59.069372,-144.737111,-0.203744,-0.945933,0.251303,-0.471316,-0.129823,-0.872064,0.85779,-0.296386,-0.419176,0.255054,-0.170529,-0.108021,-170.935303,-26.057975,-43.518199,-0.886878,-0.184526,0.423011,-0.141494,-0.763484,-0.629796,0.43928,-0.618558,0.651409,0.314437,-0.160372,-0.106905,-173.281913,-16.612421,-11.129346,-0.951334,0.059928,0.301169,-0.112061,-0.980569,-0.15889,0.285896,-0.184966,0.940229,0.414784,-0.184705,-0.122309,152.705327,-43.218186,140.468512,-0.647286,0.740883,-0.177704,0.334013,0.48577,0.807649,0.684778,0.463631,-0.5618
0.253715,0.155265,-0.093957,179.766284,-32.924945,-123.379266,-0.838662,-0.451537,-0.302592,0.003421,0.552442,-0.83337,0.54354,-0.700451,-0.461498,0.306065,0.153367,-0.092729,165.890721,-22.019237,-34.361303,-0.898777,-0.406409,0.162577,0.225912,-0.74868,-0.622807,0.374918,-0.523218,0.765249,0.400273,0.171227,-0.124988,-113.416625,-59.088772,-144.712643,-0.203978,-0.945962,0.251179,-0.47099,-0.129773,-0.872294,0.857964,-0.296454,-0.418893,0.255054,-0.170529,-0.108133,-170.949277,-26.063324,-43.515519,-0.886878,-0.184748,0.422927,-0.141273,-0.763484,-0.629854,0.439364,-0.6185,0.651409,0.314325,-0.160372,-0.106905,-173.307918,-16.643699,-11.128001,-0.951334,0.059404,0.301607,-0.111623,-0.980715,-0.158942,0.286419,-0.184914,0.940083,0.414896,-0.184593,-0.122309,152.726739,-43.187574,140.439879,-0.647286,0.740388,-0.177692,0.333707,0.486089,0.807441,0.684389,0.463839,-0.56148
0.253715,0.155265,-0.093957,179.75871,-32.93902,-123.380483,-0.838662,-0.451648,-0.302798,0.003532,0.552442,-0.833402,0.543746,-0.700418,-0.461498,0.306065,0.153367,-0.092729,165.922181,-22.023432,-34.352352,-0.899077,-0.40604,0.163032,0.225462,-0.749202,-0.622628,0.374986,-0.523097,0.765329,0.400273,0.171338,-0.124988,-113.352509,-59.092261,-144.765212,-0.203446,-0.946058,0.251331,-0.471207,-0.130106,-0.872149,0.857996,-0.296067,-0.419161,0.255054,-0.170529,-0.108133,-170.947312,-26.06351,-43.533147,-0.887046,-0.184806,0.422924,-0.141331,-0.763484,-0.630076,0.439367,-0.618722,0.651242,0.314437,-0.160372,-0.106905,-173.311054,-16.629969,-11.111951,-0.951291,0.059462,0.301356,-0.111565,-0.980642,-0.158712,0.28619,-0.184663,0.940199,0.414784,-0.184593,-0.122197,152.722385,-43.161118,140.444536,-0.647687,0.740279,-0.177356,0.333976,0.486089,0.807375,0.684052,0.464093,-0.561881
0.253715,0.155265,-0.093957,179.765156,-32.940986,-123.407583,-0.838853,-0.451619,-0.302892,0.003438,0.552663,-0.833307,0.543775,-0.700323,-0.461911,0.306065,0.153479,-0.092729,165.940244,-22.032693,-34.354519,-0.899077,-0.40589,0.163333,0.225161,-0.749274,-0.622634,0.375136,-0.523091,0.765258,0.400273,0.17145,-0.124988,-113.30986,-59.094909,-144.79127,-0.203148,-0.946097,0.251775,-0.47148,-0.130672,-0.872012,0.858019,-0.295971,-0.419429,0.255054,-0.170641,-0.108133,-170.951364,-26.079313,-43.531543,-0.886602,-0.185108,0.423004,-0.141196,-0.763156,-0.630053,0.439615,-0.618577,0.651126,0.314437,-0.16026,-0.106905,-173.296783,-16.628695,-11.114089,-0.951291,0.059702,0.301377,-0.111805,-0.980642,-0.158676,0.286168,-0.1847,0.940199,0.414896,-0.184593,-0.122309,152.722385,-43.161118,140.444536,-0.647687,0.740279,-0.177356,0.333976,0.486089,0.807375,0.684052,0.464093,-0.561881
0.253715,0.155265,-0.093957,179.797449,-32.953904,-123.427336,-0.838631,-0.45197,-0.302702,0.002965,0.552755,-0.833223,0.543964,-0.699994,-0.46204,0.306065,0.153479,-0.092841,165.944921,-22.047011,-34.367802,-0.898777,-0.40596,0.163481,0.225008,-0.748894,-0.622826,0.375367,-0.523199,0.765035,0.400273,0.17145,-0.125099,-113.264074,-59.088976,-144.809258,-0.202616,-0.946012,0.251544,-0.471283,-0.130439,-0.871888,0.857966,-0.295563,-0.419131,0.255054,-0.170641,-0.108021,-170.957969,-26.082822,-43.517793,-0.886878,-0.185053,0.423065,-0.141135,-0.7636,-0.629915,0.43967,-0.618439,0.651293,0.314437,-0.16026,-0.106905,-173.298651,-16.629331,-11.099504,-0.951249,0.059739,0.301367,-0.111769,-0.980642,-0.158436,0.286179,-0.18446,0.940241,0.414784,-0.184705,-0.122197,152.699855,-43.127601,140.429746,-0.647876,0.740259,-0.17658,0.334396,0.48574,0.8074,0.683625,0.464469,-0.562041
0.253715,0.155265,-0.093957,179.797449,-32.953904,-123.427336,-0.838631,-0.45197,-0.302702,0.002965,0.552755,-0.833223,0.543964,-0.699994,-0.46204,0.306177,0.153367,-0.092841,165.962858,-22.044905,-34.386412,-0.898929,-0.40577,0.163515,0.224747,-0.748894,-0.623016,0.375333,-0.52346,0.764884,0.400162,0.171338,-0.125099,-113.269223,-59.105607,-144.822195,-0.202616,-0.946129,0.251395,-0.471166,-0.130439,-0.87203,0.858115,-0.295421,-0.419131,0.255054,-0.170641,-0.108133,-170.957969,-26.082822,-43.517793,-0.886878,-0.185053,0.423065,-0.141135,-0.7636,-0.629915,0.43967,-0.618439,0.651293,0.314437,-0.160372,-0.106905,-173.298651,-16.629331,-11.099504,-0.951249,0.059739,0.301367,-0.111769,-0.980642,-0.158436,0.286179,-0.18446,0.940241,0.414784,-0.184705,-0.122309,152.704043,-43.142087,140.461059,-0.648088,0.74037,-0.176924,0.334445,0.485929,0.807374,0.68381,0.464283,-0.562441
0.253715,0.155265,-0.093957,179.801651,-32.971371,-123.415216,-0.838219,-0.452255,-0.302737,0.002902,0.55269,-0.833206,0.54422,-0.69979,-0.461693,0.306177,0.153367,-0.092841,165.949464,-22.060951,-34.368161,-0.898777,-0.406035,0.163707,0.224933,-0.748965,-0.622868,0.375593,-0.523158,0.764964,0.400273,0.171338,-0.125099,-113.265515,-59.126228,-144.881031,-0.202681,-0.946475,0.251161,-0.471401,-0.130489,-0.8722,0.8583,-0.295187,-0.419713,0.255054,-0.170641,-0.108133,-170.973919,-26.087982,-43.497483,-0.88671,-0.185217,0.422984,-0.140855,-0.7636,-0.629751,0.439751,-0.618159,0.651461,0.314437,-0.160372,-0.106905,-173.297388,-16.643696,-11.100968,-0.951249,0.059718,0.301607,-0.11179,-0.980715,-0.158425,0.286419,-0.18447,0.940168,0.414784,-0.184705,-0.122197,152.711922,-43.094988,140.396064,-0.648065,0.739934,-0.176194,0.334321,0.485711,0.807377,0.68321,0.464893,-0.561881
0.253715,0.155265,-0.093957,179.80817,-32.993022,-123.422451,-0.838219,-0.452572,-0.302832,0.002806,0.552625,-0.833299,0.544537,-0.699696,-0.461758,0.306177,0.153367,-0.092841,165.949464,-22.060951,-34.368161,-0.898777,-0.406035,0.163707,0.224933,-0.748965,-0.622868,0.375593,-0.523158,0.764964,0.400273,0.171338,-0.125099,-113.241167,-59.119454,-144.872528,-0.202383,-0.946334,0.251221,-0.471259,-0.130489,-0.872083,0.858239,-0.29507,-0.419415,0.255054,-0.170641,-0.108133,-170.971946,-26.088172,-43.515112,-0.886878,-0.185275,0.422981,-0.140913,-0.7636,-0.629973,0.439754,-0.618381,0.651293,0.314548,-0.16026,-0.106905,-173.294252,-16.657424,-11.11702,-0.951291,0.05966,0.301858,-0.111848,-0.980788,-0.158654,0.286649,-0.184721,0.940053,0.414672,-0.184705,-0.122197,152.697929,-43.10241,140.407933,-0.648065,0.740134,-0.176099,0.334521,0.485551,0.807441,0.683304,0.464829,-0.562041
0.253715,0.155265,-0.093957,179.80817,-32.993022,-123.422451,-0.838219,-0.452572,-0.302832,0.002806,0.552625,-0.833299,0.544537,-0.699696,-0.461758,0.306177,0.153367,-0.092841,165.953875,-22.063529,-34.384956,-0.898929,-0.406071,0.163665,0.224897,-0.748965,-0.623093,0.375634,-0.523383,0.764813,0.400162,0.17145,-0.125323,-113.158618,-59.171507,-144.944323,-0.201489,-0.946589,0.251455,-0.471048,-0.131339,-0.872199,0.858705,-0.294254,-0.419371,0.255054,-0.170641,-0.108021,-170.97723,-26.074022,-43.51016,-0.886878,-0.185191,0.422759,-0.140829,-0.763484,-0.62997,0.439532,-0.618384,0.651409,0.314548,-0.16026,-0.107017,-173.274114,-16.667693,-11.133968,-0.950853,0.059832,0.302093,-0.112135,-0.980381,-0.158826,0.28682,-0.184987,0.939937,0.414672,-0.184593,-0.122197,152.734773,-43.092579,140.398548,-0.648466,0.739813,-0.176352,0.3342,0.485871,0.807407,0.683179,0.465052,-0.562122
0.253715,0.155265,-0.093845,179.815744,-32.978939,-123.421227,-0.838219,-0.452461,-0.302626,0.002696,0.552625,-0.833267,0.544331,-0.699729,-0.461758,0.306177,0.153367,-0.092841,165.949594,-22.072315,-34.351727,-0.898626,-0.406075,0.163974,0.224892,-0.749036,-0.622684,0.375777,-0.52289,0.765044,0.40005,0.17145,-0.125323,-113.100992,-59.161906,-144.973292,-0.200957,-0.946535,0.251491,-0.471115,-0.13139,-0.871994,0.858619,-0.293928,-0.419357,0.255054,-0.170641,-0.108133,-170.971946,-26.088172,-43.515112,-0.886878,-0.185275,0.422981,-0.140913,-0.7636,-0.629973,0.439754,-0.618381,0.651293,0.314548,-0.16026,-0.107017,-173.285246,-16.682698,-11.147881,-0.950896,0.059533,0.302323,-0.111953,-0.980454,-0.159092,0.287071,-0.185201,0.939821,0.414672,-0.184593,-0.122197,152.718527,-43.110715,140.4009,-0.648065,0.740028,-0.176394,0.334226,0.485711,0.807457,0.68341,0.464813,-0.561881
0.253715,0.155265,-0.093845,179.818055,-32.98312,-123.440572,-0.838631,-0.452493,-0.302687,0.002663,0.552625,-0.833378,0.544392,-0.699839,-0.46217,0.306177,0.153256,-0.092841,165.954033,-22.050746,-34.32347,-0.898774,-0.405745,0.163943,0.224856,-0.749416,-0.622231,0.375428,-0.522592,0.765418,0.400162,0.171338,-0.125323,-113.136475,-59.173779,-144.913746,-0.201126,-0.946366,0.251719,-0.470703,-0.131573,-0.872114,0.858725,-0.29417,-0.418775,0.255054,-0.170641,-0.108133,-170.984594,-26.10729,-43.482123,-0.886543,-0.185465,0.423125,-0.140659,-0.763715,-0.62959,0.440053,-0.617876,0.651513,0.314437,-0.16026,-0.107017,-173.300127,-16.698977,-11.132614,-0.950853,0.059308,0.302531,-0.111697,-0.980527,-0.158878,0.287343,-0.184935,0.939791,0.414672,-0.184593,-0.122309,152.730107,-43.102043,140.415513,-0.648277,0.739844,-0.176632,0.33417,0.48606,0.807287,0.6833,0.464771,-0.562122
