Sensor #1 X,Sensor #1 Y,Sensor #1 Z,"Sensor #1 Euler Angles (Z Y'X"") Z","Sensor #1 Euler Angles (Z Y'X"") Y'","Sensor #1 Euler Angles (Z Y'X"") X""","Sensor #1 Rotation Matrix M0,0","Sensor #1 Rotation Matrix M0,1","Sensor #1 Rotation Matrix M0,2","Sensor #1 Rotation Matrix M1,0","Sensor #1 Rotation Matrix M1,1","Sensor #1 Rotation Matrix M1,2","Sensor #1 Rotation Matrix M2,0","Sensor #1 Rotation Matrix M2,1","Sensor #1 Rotation Matrix M2,2",Sensor #2 X,Sensor #2 Y,Sensor #2 Z,"Sensor #2 Euler Angles (Z Y'X"") Z","Sensor #2 Euler Angles (Z Y'X"") Y'","Sensor #2 Euler Angles (Z Y'X"") X""","Sensor #2 Rotation Matrix M0,0","Sensor #2 Rotation Matrix M0,1","Sensor #2 Rotation Matrix M0,2","Sensor #2 Rotation Matrix M1,0","Sensor #2 Rotation Matrix M1,1","Sensor #2 Rotation Matrix M1,2","Sensor #2 Rotation Matrix M2,0","Sensor #2 Rotation Matrix M2,1","Sensor #2 Rotation Matrix M2,2",Sensor #3 X,Sensor #3 Y,Sensor #3 Z,"Sensor #3 Euler Angles (Z Y'X"") Z","Sensor #3 Euler Angles (Z Y'X"") Y'","Sensor #3 Euler Angles (Z Y'X"") X""","Sensor #3 Rotation Matrix M0,0","Sensor #3 Rotation Matrix M0,1","Sensor #3 Rotation Matrix M0,2","Sensor #3 Rotation Matrix M1,0","Sensor #3 Rotation Matrix M1,1","Sensor #3 Rotation Matrix M1,2","Sensor #3 Rotation Matrix M2,0","Sensor #3 Rotation Matrix M2,1","Sensor #3 Rotation Matrix M2,2",Sensor #4 X,Sensor #4 Y,Sensor #4 Z,"Sensor #4 Euler Angles (Z Y'X"") Z","Sensor #4 Euler Angles (Z Y'X"") Y'","Sensor #4 Euler Angles (Z Y'X"") X""","Sensor #4 Rotation Matrix M0,0","Sensor #4 Rotation Matrix M0,1","Sensor #4 Rotation Matrix M0,2","Sensor #4 Rotation Matrix M1,0","Sensor #4 Rotation Matrix M1,1","Sensor #4 Rotation Matrix M1,2","Sensor #4 Rotation Matrix M2,0","Sensor #4 Rotation Matrix M2,1","Sensor #4 Rotation Matrix M2,2",Sensor #5 X,Sensor #5 Y,Sensor #5 Z,"Sensor #5 Euler Angles (Z Y'X"") Z","Sensor #5 Euler Angles (Z Y'X"") Y'","Sensor #5 Euler Angles (Z Y'X"") X""","Sensor #5 Rotation Matrix M0,0","Sensor #5 Rotation Matrix M0,1","Sensor #5 Rotation Matrix M0,2","Sensor #5 Rotation Matrix M1,0","Sensor #5 Rotation Matrix M1,1","Sensor #5 Rotation Matrix M1,2","Sensor #5 Rotation Matrix M2,0","Sensor #5 Rotation Matrix M2,1","Sensor #5 Rotation Matrix M2,2",Sensor #6 X,Sensor #6 Y,Sensor #6 Z,"Sensor #6 Euler Angles (Z Y'X"") Z","Sensor #6 Euler Angles (Z Y'X"") Y'","Sensor #6 Euler Angles (Z Y'X"") X""","Sensor #6 Rotation Matrix M0,0","Sensor #6 Rotation Matrix M0,1","Sensor #6 Rotation Matrix M0,2","Sensor #6 Rotation Matrix M1,0","Sensor #6 Rotation Matrix M1,1","Sensor #6 Rotation Matrix M1,2","Sensor #6 Rotation Matrix M2,0","Sensor #6 Rotation Matrix M2,1","Sensor #6 Rotation Matrix M2,2"
0.345579,0.089074,-0.069289,-72.909597,4.133406,160.497693,0.293092,-0.893876,-0.339005,-0.95328,-0.299783,-0.033108,-0.072079,0.332904,-0.939971,0.333635,0.086841,-0.179236,-128.932535,3.323704,147.722103,-0.627262,-0.677064,-0.38452,-0.776472,0.507312,0.373689,-0.057977,0.533046,-0.843915,0.404403,0.163971,-0.172427,-139.821408,9.868698,162.427694,-0.752528,-0.654444,-0.069852,-0.635453,0.695121,0.336027,-0.171391,0.297353,-0.938949,0.355067,0.005358,-0.168966,99.361619,-36.266234,37.208552,-0.1311,-0.727208,0.673392,0.795217,-0.482511,-0.366231,0.591538,0.487508,0.642069,0.411324,-0.011581,-0.185821,104.043465,-33.284123,54.972644,-0.202845,-0.447722,0.870833,0.810946,-0.575229,-0.106839,0.548791,0.684539,0.479806,0.44068,-0.106905,-0.223438,137.94585,-0.911407,-158.284964,-0.742016,0.61762,-0.258601,0.669385,0.694018,-0.264713,0.015906,-0.369722,-0.928361
0.348928,0.089074,-0.068842,-74.020997,3.596029,161.518723,0.274723,-0.906255,-0.321066,-0.9594,-0.279988,-0.030027,-0.062721,0.316308,-0.946374,0.334417,0.089408,-0.179682,-128.75273,3.276056,147.786347,-0.624681,-0.678664,-0.385189,-0.77826,0.506149,0.371315,-0.057147,0.531959,-0.84429,0.405073,0.166204,-0.173655,-140.122011,9.796815,162.39543,-0.756124,-0.650546,-0.069408,-0.631724,0.698532,0.336058,-0.170155,0.297993,-0.939134,0.353616,0.003795,-0.167404,100.216539,-35.044127,39.458939,-0.145179,-0.69485,0.704124,0.805539,-0.496073,-0.323428,0.574207,0.520271,0.632062,0.409649,-0.011692,-0.188277,100.525425,-31.200462,59.7926,-0.15621,-0.41256,0.897228,0.840753,-0.531981,-0.098158,0.518034,0.739117,0.430304,0.439117,-0.108803,-0.22087,138.539314,-0.711217,-155.682208,-0.749142,0.599379,-0.281015,0.661869,0.686438,-0.301051,0.012413,-0.411639,-0.910926
0.259296,0.179487,-0.083465,-160.99239,-40.129009,-142.482778,-0.722351,-0.629241,-0.285251,-0.248833,0.622375,-0.74198,0.644511,-0.465305,-0.60602,0.306958,0.169999,-0.073865,-165.826097,-11.366381,-130.660089,-0.950259,-0.304462,0.061159,-0.239992,0.595278,-0.766766,0.197082,-0.743525,-0.638632,0.402841,0.200471,-0.08793,-160.858993,-20.534312,-132.723551,-0.884384,-0.465839,0.015916,-0.306954,0.55664,-0.771873,0.350768,-0.687753,-0.635163,0.278495,-0.159925,-0.139052,174.929019,-46.571796,-48.190513,-0.68435,-0.59817,0.416292,0.060727,-0.615796,-0.785221,0.726236,-0.512301,0.458202,0.317562,-0.149656,-0.129787,174.074187,-7.539155,-20.128589,-0.986003,-0.14184,0.087004,0.102342,-0.929187,-0.355007,0.131204,-0.341153,0.930804,0.414784,-0.175106,-0.146419,177.199963,-10.418091,150.659289,-0.981621,0.131031,-0.133549,0.04801,0.866489,0.496786,0.18083,0.481594,-0.856763
0.259184,0.179487,-0.083465,-160.99239,-40.129009,-142.482778,-0.722351,-0.629241,-0.285251,-0.248833,0.622375,-0.74198,0.644511,-0.465305,-0.60602,0.306958,0.170111,-0.073865,-165.769733,-11.386167,-130.691339,-0.949846,-0.305315,0.061498,-0.240882,0.595392,-0.766368,0.197421,-0.743052,-0.63893,0.402841,0.200583,-0.087818,-160.872005,-20.495687,-132.707486,-0.884384,-0.465208,0.016141,-0.306729,0.556855,-0.771719,0.350137,-0.687907,-0.634948,0.278495,-0.160037,-0.139164,174.912178,-46.579746,-48.185846,-0.68435,-0.598373,0.416197,0.06093,-0.615796,-0.785305,0.726332,-0.512217,0.458202,0.317562,-0.149544,-0.129564,174.119872,-7.485798,-20.09059,-0.986222,-0.140727,0.086518,0.10157,-0.929585,-0.354232,0.13028,-0.340577,0.931145,0.414896,-0.175552,-0.146754,177.115305,-10.471631,150.626053,-0.981524,0.132848,-0.13353,0.049459,0.865956,0.497592,0.181749,0.482074,-0.856453
0.259184,0.179487,-0.083465,-160.968396,-40.119996,-142.515205,-0.722598,-0.629361,-0.285084,-0.249257,0.622422,-0.74186,0.644391,-0.465177,-0.606564,0.306846,0.170111,-0.073977,-165.7292,-11.402083,-130.710657,-0.949639,-0.305959,0.06177,-0.241545,0.595374,-0.766178,0.197693,-0.742806,-0.639155,0.402841,0.200583,-0.087818,-160.87788,-20.508784,-132.709716,-0.884384,-0.465309,0.015927,-0.306628,0.556855,-0.771773,0.350351,-0.687853,-0.634948,0.278383,-0.160037,-0.139164,174.894867,-46.600557,-48.165796,-0.684159,-0.598587,0.416353,0.061121,-0.615964,-0.785235,0.726581,-0.511881,0.458225,0.317674,-0.149433,-0.129453,174.168679,-7.447268,-20.079365,-0.986135,-0.139669,0.086227,0.100713,-0.929531,-0.353909,0.129614,-0.340422,0.931286,0.414784,-0.175664,-0.146754,177.043551,-10.463242,150.587189,-0.981427,0.133946,-0.132694,0.050686,0.865467,0.498311,0.181605,0.48264,-0.8561
0.259296,0.179487,-0.083465,-160.983258,-40.113571,-142.505583,-0.722598,-0.629151,-0.28517,-0.249047,0.622547,-0.741794,0.644305,-0.465243,-0.606439,0.306846,0.170111,-0.073977,-165.713352,-11.405926,-130.722641,-0.949433,-0.306167,0.061836,-0.241772,0.595506,-0.765969,0.197759,-0.742579,-0.63923,0.402841,0.200695,-0.087818,-160.840742,-20.527429,-132.727122,-0.884384,-0.465952,0.016232,-0.30727,0.556532,-0.771843,0.350656,-0.687783,-0.635271,0.278271,-0.160037,-0.139164,174.886961,-46.618409,-48.163562,-0.683754,-0.598837,0.416376,0.06118,-0.615727,-0.785272,0.726795,-0.511654,0.458057,0.317562,-0.149321,-0.129453,174.173649,-7.474938,-20.078809,-0.986135,-0.139756,0.086706,0.100626,-0.929585,-0.353939,0.130093,-0.340392,0.931232,0.414784,-0.175664,-0.146754,177.076062,-10.470356,150.57249,-0.981552,0.133559,-0.133042,0.050134,0.865389,0.498517,0.181727,0.482903,-0.856053
0.259296,0.179487,-0.083465,-160.974386,-40.108896,-142.518058,-0.722427,-0.629085,-0.285232,-0.249113,0.622718,-0.741584,0.644242,-0.465034,-0.606439,0.306846,0.170111,-0.073977,-165.713352,-11.405926,-130.722641,-0.949433,-0.306167,0.061836,-0.241772,0.595506,-0.765969,0.197759,-0.742579,-0.63923,0.402729,0.200695,-0.087818,-160.840742,-20.527429,-132.727122,-0.884384,-0.465952,0.016232,-0.30727,0.556532,-0.771843,0.350656,-0.687783,-0.635271,0.278271,-0.160037,-0.139164,174.869622,-46.604462,-48.137996,-0.683969,-0.598706,0.416306,0.061408,-0.615964,-0.785116,0.726628,-0.511595,0.458416,0.317562,-0.149321,-0.129453,174.182447,-7.444771,-20.080094,-0.986135,-0.13943,0.086271,0.100473,-0.929531,-0.353896,0.12957,-0.340435,0.931286,0.414784,-0.175552,-0.146865,177.097812,-10.493614,150.549762,-0.981207,0.133457,-0.133542,0.049743,0.865288,0.498693,0.182126,0.483072,-0.85556
0.259296,0.179487,-0.083465,-160.974386,-40.108896,-142.518058,-0.722427,-0.629085,-0.285232,-0.249113,0.622718,-0.741584,0.644242,-0.465034,-0.606439,0.306846,0.170222,-0.073977,-165.704515,-11.414151,-130.71801,-0.949639,-0.306395,0.061977,-0.24198,0.595224,-0.766196,0.197899,-0.742788,-0.639305,0.402729,0.200695,-0.087818,-160.828303,-20.535514,-132.709007,-0.884159,-0.466135,0.01641,-0.307407,0.556221,-0.771979,0.350788,-0.687872,-0.63495,0.278271,-0.160037,-0.139164,174.88647,-46.596514,-48.142671,-0.683969,-0.598503,0.416401,0.061205,-0.615964,-0.785032,0.726533,-0.511679,0.458416,0.317562,-0.149433,-0.129341,174.152428,-7.43593,-20.078917,-0.986135,-0.139866,0.085945,0.100995,-0.929504,-0.353907,0.129417,-0.340423,0.931312,0.414896,-0.175552,-0.146977,177.122375,-10.531045,150.549846,-0.981207,0.133409,-0.134309,0.049322,0.865311,0.498708,0.182768,0.483057,-0.855537
0.259296,0.179487,-0.083465,-160.974386,-40.108896,-142.518058,-0.722427,-0.629085,-0.285232,-0.249113,0.622718,-0.741584,0.644242,-0.465034,-0.606439,0.306846,0.170222,-0.073977,-165.710364,-11.426883,-130.719441,-0.949639,-0.306498,0.061759,-0.241877,0.595224,-0.766234,0.198117,-0.74275,-0.639305,0.402729,0.200583,-0.08793,-160.864867,-20.547412,-132.725785,-0.884384,-0.465941,0.015702,-0.306853,0.55664,-0.771927,0.350982,-0.687699,-0.635163,0.278271,-0.159925,-0.139164,174.88647,-46.596514,-48.142671,-0.683969,-0.598503,0.416401,0.061205,-0.615964,-0.785032,0.726533,-0.511679,0.458416,0.317674,-0.149433,-0.129341,174.153707,-7.436797,-20.093625,-0.986222,-0.139879,0.08593,0.100982,-0.929504,-0.354147,0.129432,-0.340663,0.931226,0.415007,-0.175552,-0.1472,177.158234,-10.564683,150.582392,-0.981427,0.133097,-0.135182,0.048717,0.865606,0.498295,0.183345,0.482655,-0.85596
0.259296,0.179487,-0.083465,-160.968396,-40.119996,-142.515205,-0.722598,-0.629361,-0.285084,-0.249257,0.622422,-0.74186,0.644391,-0.465177,-0.606564,0.306846,0.170222,-0.074089,-165.715563,-11.441262,-130.697194,-0.94941,-0.306573,0.061588,-0.241727,0.595018,-0.766386,0.198363,-0.742827,-0.638869,0.402729,0.200583,-0.087818,-160.840742,-20.527429,-132.727122,-0.884384,-0.465952,0.016232,-0.30727,0.556532,-0.771843,0.350656,-0.687783,-0.635271,0.27816,-0.160037,-0.139164,174.878023,-46.608508,-48.161122,-0.684159,-0.59879,0.416257,0.061324,-0.615964,-0.785319,0.726677,-0.511797,0.458225,0.317562,-0.149544,-0.129341,174.13497,-7.411627,-20.093466,-0.986222,-0.140032,0.085408,0.101308,-0.929451,-0.35413,0.128997,-0.340679,0.931279,0.415007,-0.17544,-0.1472,177.170379,-10.560386,150.592637,-0.981303,0.132842,-0.135255,0.048502,0.865754,0.49804,0.183272,0.482441,-0.855937
0.259296,0.179598,-0.083465,-160.959522,-40.115319,-142.527681,-0.722427,-0.629295,-0.285146,-0.249323,0.622593,-0.74165,0.644328,-0.464968,-0.606564,0.306846,0.170222,-0.073977,-165.710364,-11.426883,-130.719441,-0.949639,-0.306498,0.061759,-0.241877,0.595224,-0.766234,0.198117,-0.74275,-0.639305,0.402729,0.200695,-0.087818,-160.841373,-20.495019,-132.716852,-0.884384,-0.465534,0.016558,-0.307259,0.55664,-0.771712,0.350126,-0.687914,-0.635163,0.278271,-0.160037,-0.139164,174.886946,-46.583653,-48.158056,-0.684159,-0.598492,0.41615,0.061217,-0.615796,-0.785186,0.726379,-0.51193,0.458393,0.317562,-0.149544,-0.129341,174.140015,-7.427197,-20.122602,-0.986395,-0.140102,0.085617,0.101238,-0.929477,-0.354624,0.129266,-0.341143,0.93108,0.415007,-0.175329,-0.146865,177.188402,-10.512734,150.575595,-0.981427,0.132206,-0.134664,0.048199,0.865675,0.4982,0.182454,0.48275,-0.855891
0.259296,0.179487,-0.083465,-160.977179,-40.09786,-142.501872,-0.722598,-0.629065,-0.28496,-0.249133,0.622547,-0.741732,0.644095,-0.465306,-0.606439,0.306846,0.170222,-0.073977,-165.716857,-11.408117,-130.714332,-0.949639,-0.306177,0.061873,-0.241763,0.595299,-0.766187,0.197796,-0.742797,-0.63923,0.402729,0.200695,-0.087818,-160.834804,-20.516201,-132.700964,-0.884159,-0.465819,0.016523,-0.307295,0.556329,-0.771902,0.350472,-0.687949,-0.634843,0.278271,-0.159925,-0.139052,174.912178,-46.579746,-48.185846,-0.68435,-0.598373,0.416197,0.06093,-0.615796,-0.785305,0.726332,-0.512217,0.458202,0.317562,-0.149656,-0.129341,174.11052,-7.431428,-20.118801,-0.985916,-0.140566,0.085517,0.101702,-0.928999,-0.354608,0.12934,-0.341073,0.93108,0.414896,-0.175217,-0.146865,177.19259,-10.538779,150.600623,-0.981179,0.13229,-0.135156,0.048115,0.865924,0.497753,0.182901,0.482258,-0.855891
0.259296,0.179487,-0.083465,-160.983258,-40.113571,-142.505583,-0.722598,-0.629151,-0.28517,-0.249047,0.622547,-0.741794,0.644305,-0.465243,-0.606439,0.306958,0.170222,-0.073865,-165.745045,-11.398237,-130.698678,-0.949846,-0.30575,0.061704,-0.241318,0.595243,-0.766386,0.197627,-0.743033,-0.63908,0.402841,0.200583,-0.087818,-160.852669,-20.511406,-132.710198,-0.884587,-0.465659,0.016398,-0.307134,0.556437,-0.77198,0.350394,-0.688074,-0.635163,0.278383,-0.159925,-0.139052,174.94586,-46.563849,-48.19518,-0.68435,-0.597968,0.416388,0.060525,-0.615796,-0.785137,0.726141,-0.512385,0.458202,0.317562,-0.149768,-0.129453,174.088053,-7.452015,-20.146484,-0.986089,-0.141115,0.08564,0.10211,-0.929025,-0.355128,0.129696,-0.34151,0.930879,0.414784,-0.175106,-0.146642,177.17261,-10.54141,150.682558,-0.981497,0.132447,-0.135192,0.048474,0.866522,0.496723,0.182946,0.481187,-0.856854
0.259296,0.179487,-0.083465,-160.971189,-40.108961,-142.499022,-0.72277,-0.629341,-0.284812,-0.249276,0.62225,-0.742007,0.644243,-0.465449,-0.606564,0.306958,0.170222,-0.073865,-165.754383,-11.3833,-130.661603,-0.949823,-0.30541,0.061903,-0.241147,0.594904,-0.766672,0.197372,-0.743412,-0.638569,0.402841,0.200695,-0.087818,-160.829443,-20.511038,-132.733778,-0.884181,-0.465827,0.016392,-0.307395,0.556735,-0.771575,0.350388,-0.687623,-0.635271,0.278606,-0.159925,-0.139052,174.978934,-46.542087,-48.225166,-0.684946,-0.597599,0.416411,0.060179,-0.616034,-0.785219,0.72588,-0.512899,0.458179,0.317562,-0.149768,-0.129564,174.079276,-7.482188,-20.14518,-0.986089,-0.141441,0.086075,0.102263,-0.929079,-0.355172,0.130218,-0.341466,0.930826,0.415007,-0.174882,-0.146307,177.232946,-10.496467,150.69523,-0.981843,0.131139,-0.135063,0.047454,0.86676,0.496426,0.182175,0.481138,-0.85721
0.259296,0.179487,-0.083465,-160.974235,-40.108693,-142.472514,-0.722522,-0.629345,-0.284683,-0.249148,0.622079,-0.742131,0.64424,-0.465573,-0.606145,0.306958,0.170111,-0.073865,-165.784927,-11.383953,-130.65569,-0.949823,-0.305078,0.061478,-0.240608,0.595054,-0.766691,0.197383,-0.743394,-0.63842,0.402841,0.200583,-0.087818,-160.835315,-20.524136,-132.736013,-0.884181,-0.465928,0.016178,-0.307293,0.556735,-0.771629,0.350602,-0.687569,-0.635271,0.278495,-0.159925,-0.139052,174.954236,-46.567882,-48.218297,-0.684541,-0.598052,0.416339,0.060441,-0.615796,-0.78534,0.726189,-0.512587,0.458012,0.317562,-0.149768,-0.129676,174.084262,-7.509857,-20.144608,-0.986089,-0.141528,0.086554,0.102176,-0.929133,-0.355202,0.130697,-0.341436,0.930772,0.414896,-0.174994,-0.146307,177.198367,-10.476305,150.697413,-0.981843,0.131485,-0.134469,0.048048,0.866714,0.496444,0.181829,0.48112,-0.857255
0.259296,0.179487,-0.083465,-160.983107,-40.11337,-142.460049,-0.722694,-0.629411,-0.284621,-0.249082,0.621907,-0.742341,0.644302,-0.465783,-0.606145,0.30707,0.170111,-0.073977,-165.81311,-11.374055,-130.640067,-0.95003,-0.304652,0.061309,-0.240163,0.594996,-0.76689,0.197213,-0.74363,-0.638271,0.402841,0.200471,-0.08793,-160.83468,-20.55655,-132.746293,-0.884181,-0.466346,0.015851,-0.307304,0.556628,-0.77176,0.351132,-0.687438,-0.635379,0.278495,-0.159925,-0.139164,174.97996,-46.585847,-48.267004,-0.684517,-0.598267,0.416361,0.060129,-0.615559,-0.785698,0.726405,-0.512849,0.457462,0.317562,-0.149879,-0.129787,174.058541,-7.528801,-20.155215,-0.985697,-0.142048,0.086678,0.102583,-0.928681,-0.355441,0.131025,-0.34159,0.930658,0.414896,-0.174994,-0.146196,177.206921,-10.45834,150.707113,-0.981719,0.131168,-0.134308,0.047895,0.866861,0.496177,0.181521,0.480917,-0.857233
0.259296,0.179598,-0.083465,-160.977388,-40.135246,-142.446875,-0.722446,-0.62971,-0.284616,-0.249077,0.62161,-0.742593,0.644594,-0.465778,-0.60585,0.30707,0.170111,-0.073865,-165.835429,-11.351422,-130.623041,-0.950237,-0.304122,0.061357,-0.239822,0.594939,-0.767052,0.196826,-0.743904,-0.638122,0.402729,0.200471,-0.08793,-160.804924,-20.575484,-132.777955,-0.883775,-0.466829,0.015732,-0.307678,0.556818,-0.771432,0.351441,-0.686909,-0.635594,0.278718,-0.159925,-0.139052,175.005707,-46.553042,-48.268559,-0.684517,-0.597766,0.416349,0.059819,-0.615391,-0.785482,0.726011,-0.513065,0.45763,0.317562,-0.149991,-0.129787,174.032315,-7.5347,-20.16846,-0.985784,-0.14254,0.086576,0.103048,-0.928681,-0.355707,0.131127,-0.341802,0.930571,0.414784,-0.174771,-0.146084,177.220597,-10.492872,150.823291,-0.98167,0.130981,-0.135206,0.047658,0.867873,0.494435,0.182113,0.479146,-0.85815
0.259296,0.179487,-0.083465,-160.99834,-40.144523,-142.440952,-0.722446,-0.629586,-0.284912,-0.248782,0.621735,-0.74259,0.644718,-0.465782,-0.605725,0.30707,0.170111,-0.073865,-165.851256,-11.347554,-130.611099,-0.950444,-0.303914,0.061291,-0.239595,0.594806,-0.76726,0.19676,-0.744131,-0.638047,0.402729,0.200583,-0.08793,-160.780168,-20.587908,-132.789591,-0.883775,-0.467257,0.015935,-0.308106,0.556603,-0.771479,0.351644,-0.686862,-0.63581,0.278718,-0.159814,-0.139052,175.047736,-46.541159,-48.300989,-0.684708,-0.597444,0.416492,0.059329,-0.615391,-0.785517,0.725869,-0.513436,0.457439,0.31745,-0.150214,-0.129899,173.983573,-7.573299,-20.179648,-0.985871,-0.143598,0.086865,0.103905,-0.928736,-0.356031,0.131794,-0.341956,0.93043,0.414561,-0.174324,-0.146196,177.282244,-10.576005,150.858205,-0.9813,0.130647,-0.13707,0.046582,0.868311,0.493748,0.18354,0.478423,-0.858082
0.259296,0.179487,-0.083465,-160.977657,-40.146008,-142.436526,-0.722027,-0.629733,-0.28476,-0.248929,0.62161,-0.74257,0.644738,-0.46563,-0.605431,0.307181,0.169999,-0.073754,-165.879425,-11.337638,-130.595513,-0.950651,-0.303487,0.061122,-0.23915,0.594748,-0.76746,0.19659,-0.744367,-0.637899,0.402841,0.200583,-0.088041,-160.768215,-20.60392,-132.806564,-0.883572,-0.467549,0.015769,-0.308242,0.556698,-0.771342,0.351906,-0.686571,-0.635918,0.278829,-0.159814,-0.139052,175.056083,-46.545181,-48.324106,-0.684899,-0.597528,0.416444,0.059245,-0.615391,-0.785719,0.725917,-0.513639,0.457248,0.31745,-0.150214,-0.130011,173.984056,-7.586346,-20.176998,-0.985392,-0.143626,0.087091,0.103846,-0.928284,-0.356003,0.13202,-0.341898,0.930403,0.414561,-0.174101,-0.146196,177.314744,-10.583172,150.843459,-0.981423,0.130259,-0.137417,0.04603,0.868232,0.493953,0.183663,0.478687,-0.858038
0.259296,0.179487,-0.083465,-160.986542,-40.15069,-142.424063,-0.722199,-0.629799,-0.284697,-0.248863,0.621439,-0.742779,0.6448,-0.46584,-0.605431,0.307181,0.169999,-0.073754,-165.895243,-11.333761,-130.583585,-0.950857,-0.303279,0.061055,-0.238923,0.594615,-0.767668,0.196524,-0.744594,-0.637824,0.402841,0.200471,-0.088041,-160.786396,-20.612684,-132.779061,-0.883346,-0.467406,0.015531,-0.307849,0.556603,-0.771485,0.352049,-0.686653,-0.635382,0.278829,-0.159702,-0.139052,175.056083,-46.545181,-48.324106,-0.684899,-0.597528,0.416444,0.059245,-0.615391,-0.785719,0.725917,-0.513639,0.457248,0.31745,-0.150214,-0.130011,173.974106,-7.603584,-20.190684,-0.985479,-0.143923,0.087271,0.104028,-0.928312,-0.356272,0.132318,-0.342108,0.930288,0.414672,-0.174101,-0.146196,177.313222,-10.582521,150.85543,-0.9813,0.130238,-0.137428,0.04605,0.868356,0.493718,0.183651,0.478452,-0.858038
0.259296,0.179487,-0.083465,-161.007503,-40.159964,-142.418133,-0.722199,-0.629676,-0.284993,-0.248567,0.621563,-0.742776,0.644924,-0.465843,-0.605306,0.307181,0.169999,-0.073754,-165.91283,-11.342065,-130.557667,-0.950629,-0.303137,0.06078,-0.238555,0.594483,-0.76781,0.196666,-0.744681,-0.637315,0.402952,0.200471,-0.088041,-160.779886,-20.632003,-132.787134,-0.883346,-0.467721,0.015418,-0.307962,0.556495,-0.771563,0.352364,-0.686576,-0.63549,0.278829,-0.159702,-0.139052,175.064015,-46.56207,-48.331887,-0.684899,-0.597624,0.416646,0.05915,-0.615559,-0.785768,0.72612,-0.51359,0.45708,0.31745,-0.150326,-0.130011,173.944084,-7.594776,-20.189496,-0.985479,-0.144358,0.086945,0.104551,-0.928284,-0.356284,0.132166,-0.342096,0.930316,0.414784,-0.174213,-0.146084,177.319734,-10.551529,150.852624,-0.9813,0.12988,-0.13702,0.045938,0.868378,0.493676,0.18312,0.478495,-0.858015
0.259296,0.179375,-0.083465,-161.010581,-40.159689,-142.391592,-0.721951,-0.629679,-0.284864,-0.248439,0.621392,-0.742899,0.64492,-0.465967,-0.604887,0.307181,0.169887,-0.073754,-165.922171,-11.356957,-130.550799,-0.950836,-0.30325,0.0606,-0.238442,0.594276,-0.768065,0.196921,-0.744861,-0.637315,0.402841,0.200583,-0.088041,-160.718751,-20.68454,-132.814714,-0.882715,-0.468917,0.015467,-0.308798,0.556157,-0.771473,0.353222,-0.686035,-0.635602,0.278829,-0.159702,-0.139052,175.064015,-46.56207,-48.331887,-0.684899,-0.597624,0.416646,0.05915,-0.615559,-0.785768,0.72612,-0.51359,0.45708,0.31745,-0.150326,-0.130011,173.941584,-7.580942,-20.189793,-0.985479,-0.144314,0.086706,0.104594,-0.928257,-0.356268,0.131927,-0.342111,0.930343,0.414784,-0.174324,-0.146084,177.282774,-10.531189,150.888974,-0.981524,0.130197,-0.136469,0.046583,0.86858,0.493285,0.182771,0.478068,-0.85853
0.259184,0.179487,-0.083353,-161.010581,-40.159689,-142.391592,-0.721951,-0.629679,-0.284864,-0.248439,0.621392,-0.742899,0.64492,-0.465967,-0.604887,0.307181,0.169999,-0.073754,-165.930436,-11.380244,-130.561893,-0.950629,-0.303447,0.060127,-0.238245,0.594483,-0.767921,0.197319,-0.744569,-0.637315,0.402952,0.200583,-0.088153,-160.724619,-20.697649,-132.816968,-0.882715,-0.469019,0.015253,-0.308697,0.556157,-0.771527,0.353436,-0.68598,-0.635602,0.278718,-0.159702,-0.139052,175.047183,-46.57003,-48.327232,-0.684899,-0.597827,0.416551,0.059353,-0.615559,-0.785852,0.726215,-0.513506,0.45708,0.31745,-0.150437,-0.129899,173.926511,-7.582558,-20.174337,-0.985392,-0.14454,0.086678,0.104847,-0.928257,-0.356042,0.131955,-0.341858,0.93043,0.414784,-0.174213,-0.146084,177.284293,-10.531842,150.877,-0.981647,0.130218,-0.136458,0.046563,0.868457,0.49352,0.182782,0.478303,-0.85853
0.259296,0.179375,-0.083353,-161.034454,-40.184768,-142.37039,-0.722295,-0.629898,-0.284949,-0.24822,0.621048,-0.743381,0.645255,-0.466324,-0.604887,0.307181,0.169999,-0.073754,-165.917473,-11.387912,-130.541856,-0.9504,-0.303637,0.060277,-0.238416,0.594201,-0.768045,0.197451,-0.744674,-0.636953,0.402952,0.200583,-0.088041,-160.724619,-20.697649,-132.816968,-0.882715,-0.469019,0.015253,-0.308697,0.556157,-0.771527,0.353436,-0.68598,-0.635602,0.278718,-0.159702,-0.139052,175.048278,-46.56303,-48.321939,-0.684494,-0.597778,0.416467,0.059304,-0.615153,-0.785756,0.726131,-0.513411,0.45708,0.31745,-0.150326,-0.129899,173.925196,-7.581661,-20.15962,-0.985305,-0.144527,0.086693,0.104861,-0.928257,-0.355803,0.131939,-0.341619,0.930517,0.414784,-0.174324,-0.146196,177.261038,-10.56511,150.905435,-0.981401,0.13077,-0.136827,0.046951,0.868658,0.493113,0.183353,0.47777,-0.858575
0.259184,0.179375,-0.083353,-161.034765,-40.195526,-142.360004,-0.721876,-0.629921,-0.285092,-0.248072,0.621048,-0.743358,0.645398,-0.466175,-0.604468,0.307181,0.169999,-0.073865,-165.913385,-11.417246,-130.556611,-0.950193,-0.304053,0.059908,-0.238436,0.594334,-0.767911,0.197952,-0.744373,-0.637028,0.402952,0.200471,-0.088041,-160.712579,-20.715531,-132.810058,-0.882287,-0.46928,0.015164,-0.308755,0.556049,-0.771503,0.353728,-0.685801,-0.635283,0.278606,-0.159702,-0.139164,175.048831,-46.584909,-48.342905,-0.684279,-0.598112,0.416442,0.059279,-0.614916,-0.785996,0.726394,-0.513386,0.456721,0.317339,-0.150214,-0.129787,173.924012,-7.568725,-20.174637,-0.985392,-0.144497,0.086439,0.10489,-0.92823,-0.356027,0.131715,-0.341874,0.930457,0.414896,-0.174436,-0.146419,177.230714,-10.61698,150.912198,-0.981401,0.13166,-0.137348,0.047471,0.86859,0.493208,0.184243,0.477675,-0.858643
0.259184,0.179375,-0.083353,-161.034765,-40.195526,-142.360004,-0.721876,-0.629921,-0.285092,-0.248072,0.621048,-0.743358,0.645398,-0.466175,-0.604468,0.307181,0.169999,-0.073977,-165.912775,-11.448752,-130.563096,-0.950193,-0.304477,0.059576,-0.238447,0.59426,-0.767995,0.198491,-0.744289,-0.637102,0.402841,0.200583,-0.088041,-160.675443,-20.734179,-132.827627,-0.882287,-0.469922,0.015468,-0.309397,0.555723,-0.771574,0.354033,-0.68573,-0.635608,0.278495,-0.15959,-0.139275,175.05734,-46.623698,-48.371693,-0.684065,-0.598542,0.416619,0.059158,-0.614847,-0.786283,0.726859,-0.513312,0.456193,0.317339,-0.150214,-0.129564,173.934689,-7.551372,-20.148597,-0.985697,-0.144202,0.086287,0.104737,-0.928681,-0.355563,0.131415,-0.341468,0.930658,0.415119,-0.174771,-0.146865,177.184476,-10.670583,150.922487,-0.980807,0.132753,-0.137798,0.048236,0.868622,0.493028,0.185162,0.477263,-0.858264
0.259184,0.179375,-0.083353,-161.049764,-40.215932,-142.351259,-0.722048,-0.630073,-0.28524,-0.24792,0.620876,-0.74363,0.64567,-0.466322,-0.604468,0.307181,0.169887,-0.073977,-165.925128,-11.442702,-130.559434,-0.950193,-0.30426,0.059472,-0.238229,0.594334,-0.767985,0.198388,-0.744299,-0.637028,0.402841,0.200583,-0.088041,-160.663453,-20.750181,-132.844667,-0.882084,-0.470214,0.015301,-0.309533,0.555818,-0.771438,0.354294,-0.685439,-0.635716,0.278495,-0.159702,-0.139275,175.016937,-46.650492,-48.354909,-0.683255,-0.599148,0.416367,0.059574,-0.614205,-0.786393,0.72718,-0.51282,0.456025,0.317339,-0.150102,-0.129453,173.944647,-7.534136,-20.134918,-0.985611,-0.143906,0.086107,0.104555,-0.928654,-0.355294,0.131117,-0.341257,0.930772,0.41523,-0.174771,-0.146977,177.184476,-10.670583,150.922487,-0.980807,0.132753,-0.137798,0.048236,0.868622,0.493028,0.185162,0.477263,-0.858264
0.259184,0.179375,-0.083353,-161.031886,-40.206385,-142.33065,-0.721801,-0.630201,-0.284815,-0.248087,0.620579,-0.743757,0.645543,-0.466442,-0.604173,0.30707,0.169887,-0.073865,-165.916261,-11.450924,-130.554817,-0.9504,-0.304487,0.059613,-0.238437,0.594053,-0.768212,0.198529,-0.744507,-0.637102,0.402841,0.200583,-0.088041,-160.66339,-20.752061,-132.820739,-0.881859,-0.470183,0.015379,-0.309455,0.555615,-0.77155,0.354325,-0.685551,-0.635288,0.278383,-0.159702,-0.139275,175.025323,-46.654537,-48.378074,-0.683446,-0.599232,0.416318,0.059489,-0.614205,-0.786596,0.727228,-0.513023,0.455834,0.317339,-0.150102,-0.129564,173.947139,-7.54797,-20.134618,-0.985611,-0.143949,0.086346,0.104511,-0.928681,-0.35531,0.131356,-0.341242,0.930745,0.41523,-0.174771,-0.146865,177.170778,-10.67417,150.924183,-0.980807,0.132988,-0.137736,0.048471,0.868599,0.493048,0.185224,0.477242,-0.858287
0.259184,0.179375,-0.083353,-161.040782,-40.211071,-142.318201,-0.721973,-0.630267,-0.284753,-0.248021,0.620406,-0.743966,0.645605,-0.466652,-0.604173,0.30707,0.169887,-0.073977,-165.923919,-11.475823,-130.542228,-0.949965,-0.304657,0.059187,-0.238193,0.594053,-0.768183,0.198954,-0.744329,-0.636666,0.402729,0.200583,-0.088041,-160.638637,-20.764496,-132.832474,-0.881859,-0.470611,0.015582,-0.309883,0.555397,-0.771597,0.354528,-0.685504,-0.635506,0.278383,-0.159702,-0.139275,175.009056,-46.68444,-48.394429,-0.683232,-0.599769,0.416197,0.059666,-0.613968,-0.786919,0.727586,-0.512913,0.455474,0.317339,-0.150102,-0.129341,173.958407,-7.53163,-20.135652,-0.985611,-0.143667,0.08615,0.104315,-0.928654,-0.355281,0.131073,-0.341271,0.930772,0.41523,-0.174882,-0.146977,177.132792,-10.686281,150.905313,-0.981054,0.133734,-0.137529,0.049135,0.868283,0.49358,0.185431,0.477651,-0.858356
0.259184,0.179375,-0.083353,-161.040782,-40.211071,-142.318201,-0.721973,-0.630267,-0.284753,-0.248021,0.620406,-0.743966,0.645605,-0.466652,-0.604173,0.30707,0.169887,-0.074089,-165.93975,-11.501844,-130.560468,-0.9504,-0.304901,0.058742,-0.238023,0.594053,-0.768361,0.199399,-0.744358,-0.637102,0.402729,0.200471,-0.088153,-160.625937,-20.814823,-132.836016,-0.881431,-0.471289,0.015167,-0.309953,0.55518,-0.771706,0.355349,-0.685192,-0.635295,0.27816,-0.15959,-0.139387,175.010483,-46.746996,-48.40049,-0.682017,-0.60041,0.416563,0.059543,-0.613427,-0.786995,0.728335,-0.512263,0.454801,0.317339,-0.149991,-0.129229,173.971582,-7.528124,-20.10931,-0.985916,-0.143416,0.086238,0.104118,-0.929133,-0.354832,0.131013,-0.340849,0.930945,0.415565,-0.175329,-0.147982,177.074542,-10.847459,150.87892,-0.98036,0.136014,-0.139383,0.0501,0.867873,0.494188,0.188195,0.477736,-0.85758
0.259296,0.179375,-0.083353,-161.064889,-40.220051,-142.285679,-0.721727,-0.630147,-0.28492,-0.247596,0.620359,-0.744086,0.645725,-0.466779,-0.60363,0.30707,0.169887,-0.074089,-165.917428,-11.524506,-130.577505,-0.950193,-0.30543,0.058694,-0.238365,0.594111,-0.7682,0.199787,-0.744084,-0.637251,0.402729,0.200471,-0.088264,-160.638047,-20.850836,-132.851746,-0.881229,-0.47157,0.014471,-0.309672,0.555383,-0.771656,0.355936,-0.684815,-0.635295,0.278048,-0.159702,-0.139498,174.977346,-46.784947,-48.412194,-0.681804,-0.601149,0.416345,0.059922,-0.613191,-0.787403,0.728789,-0.512069,0.454441,0.317339,-0.149879,-0.129006,173.992825,-7.494562,-20.09666,-0.985829,-0.142837,0.085861,0.10374,-0.929079,-0.354535,0.130432,-0.340667,0.931086,0.415789,-0.17544,-0.14787,177.055236,-10.824328,150.867464,-0.980483,0.136146,-0.13884,0.050437,0.867726,0.49442,0.187798,0.477974,-0.857604
0.259296,0.179375,-0.083241,-161.067669,-40.209016,-142.26953,-0.721899,-0.630127,-0.284648,-0.247616,0.620187,-0.744233,0.645578,-0.467051,-0.60363,0.306958,0.169887,-0.074089,-165.906859,-11.542724,-130.567188,-0.949758,-0.305714,0.05859,-0.238442,0.594037,-0.768143,0.200099,-0.743934,-0.63689,0.402729,0.200471,-0.088153,-160.632177,-20.837719,-132.849476,-0.881229,-0.471468,0.014685,-0.309773,0.555383,-0.771601,0.355722,-0.684869,-0.635295,0.278048,-0.159702,-0.13961,174.96218,-46.807863,-48.423273,-0.681186,-0.601636,0.416139,0.060049,-0.61255,-0.787632,0.729063,-0.511862,0.454081,0.317339,-0.149879,-0.128894,173.989042,-7.479841,-20.082249,-0.985743,-0.14278,0.085637,0.103796,-0.929052,-0.35428,0.130177,-0.340443,0.931199,0.415677,-0.175329,-0.147647,177.058151,-10.779611,150.863932,-0.980483,0.135726,-0.138196,0.050387,0.86775,0.494364,0.187032,0.47803,-0.85758
0.259296,0.179375,-0.083241,-161.052792,-40.215479,-142.279194,-0.721899,-0.630337,-0.284562,-0.247826,0.620062,-0.744299,0.645664,-0.466985,-0.603754,0.306958,0.169887,-0.0742,-165.910357,-11.544902,-130.558906,-0.949965,-0.305724,0.058627,-0.238432,0.59383,-0.768361,0.200136,-0.744151,-0.63689,0.402729,0.200471,-0.088041,-160.601551,-20.83704,-132.858976,-0.881229,-0.471795,0.015101,-0.310303,0.555165,-0.771594,0.355711,-0.684876,-0.635513,0.277937,-0.159702,-0.139498,174.945292,-46.815874,-48.418586,-0.681186,-0.601839,0.416043,0.060251,-0.61255,-0.787716,0.729158,-0.511778,0.454081,0.317339,-0.149768,-0.129006,173.991528,-7.493675,-20.08195,-0.985743,-0.142823,0.085876,0.103753,-0.929079,-0.354295,0.130417,-0.340428,0.931172,0.415789,-0.175329,-0.147647,177.048049,-10.796913,150.866258,-0.980483,0.136023,-0.13837,0.05056,0.867726,0.494396,0.187328,0.477998,-0.857604
0.259296,0.179375,-0.083241,-161.062034,-40.230921,-142.256329,-0.721652,-0.630427,-0.284643,-0.247611,0.61989,-0.744485,0.64587,-0.467046,-0.603335,0.306958,0.169887,-0.074089,-165.903892,-11.533784,-130.533794,-0.949737,-0.305593,0.058892,-0.238489,0.593623,-0.768438,0.199946,-0.744303,-0.636454,0.402617,0.200583,-0.088153,-160.552348,-20.87358,-132.869821,-0.880801,-0.472697,0.015317,-0.311003,0.554729,-0.771642,0.356307,-0.684625,-0.635521,0.277937,-0.159702,-0.139498,174.936391,-46.840833,-48.421756,-0.681186,-0.602137,0.41615,0.060358,-0.612718,-0.787849,0.729456,-0.511645,0.453912,0.317339,-0.149768,-0.129006,173.982738,-7.523844,-20.080621,-0.985743,-0.143149,0.086312,0.103906,-0.929133,-0.354339,0.130939,-0.340384,0.931118,0.415789,-0.175329,-0.147647,177.042035,-10.78303,150.899818,-0.980707,0.135932,-0.138179,0.050675,0.867973,0.493976,0.18709,0.477601,-0.858074
0.259296,0.179375,-0.083353,-161.068156,-40.246644,-142.260038,-0.721652,-0.630513,-0.284852,-0.247525,0.61989,-0.744547,0.646079,-0.466983,-0.603335,0.306958,0.169887,-0.074089,-165.907391,-11.535962,-130.525519,-0.949944,-0.305602,0.058929,-0.238479,0.593415,-0.768655,0.199983,-0.74452,-0.636454,0.402617,0.200583,-0.08793,-160.552987,-20.841128,-132.85937,-0.880801,-0.472281,0.015643,-0.310991,0.554838,-0.77151,0.355778,-0.684758,-0.635412,0.277937,-0.159702,-0.13961,174.929039,-46.845872,-48.43499,-0.680972,-0.602375,0.415921,0.060427,-0.612314,-0.78804,0.729516,-0.511667,0.453721,0.317227,-0.149768,-0.129118,173.975253,-7.554906,-20.094002,-0.985829,-0.143489,0.086732,0.104045,-0.929187,-0.354623,0.131476,-0.340579,0.930977,0.415789,-0.175329,-0.147647,177.032365,-10.812656,150.926719,-0.98046,0.136248,-0.138611,0.050828,0.868195,0.49355,0.187598,0.477087,-0.858097
0.259296,0.179263,-0.083241,-161.068156,-40.246644,-142.260038,-0.721652,-0.630513,-0.284852,-0.247525,0.61989,-0.744547,0.646079,-0.466983,-0.603335,0.306958,0.169887,-0.074089,-165.92562,-11.542634,-130.523255,-0.949944,-0.305488,0.058608,-0.238158,0.59349,-0.768683,0.200097,-0.744493,-0.63638,0.402729,0.200471,-0.088041,-160.559206,-20.864014,-132.872851,-0.880598,-0.47246,0.015161,-0.310812,0.555041,-0.771405,0.356151,-0.684435,-0.635412,0.277937,-0.159702,-0.139498,174.921048,-46.828926,-48.427131,-0.680972,-0.602279,0.415719,0.060523,-0.612145,-0.787991,0.729314,-0.511716,0.453889,0.317227,-0.149768,-0.129118,173.963981,-7.571243,-20.092967,-0.985829,-0.143771,0.086928,0.104241,-0.929214,-0.354652,0.131759,-0.34055,0.93095,0.415677,-0.17544,-0.147424,176.982111,-10.808133,150.989444,-0.980439,0.136821,-0.13826,0.05169,0.868616,0.492722,0.187521,0.476158,-0.858639
0.259184,0.179263,-0.083241,-161.071291,-40.246362,-142.233451,-0.721406,-0.630516,-0.284723,-0.247396,0.619717,-0.744671,0.646076,-0.467106,-0.602916,0.306958,0.169776,-0.074089,-165.935589,-11.526022,-130.509893,-0.950151,-0.305177,0.058759,-0.238034,0.593357,-0.768854,0.199813,-0.744757,-0.636305,0.402841,0.200471,-0.088153,-160.569951,-20.912938,-132.876656,-0.880801,-0.473002,0.014675,-0.310698,0.554729,-0.771806,0.356949,-0.684462,-0.635521,0.278048,-0.159702,-0.139498,174.936858,-46.827972,-48.437137,-0.681377,-0.602125,0.415899,0.060369,-0.61255,-0.788003,0.729303,-0.511896,0.453889,0.317227,-0.149879,-0.129229,173.936918,-7.589295,-20.08884,-0.985351,-0.144278,0.087067,0.104661,-0.928763,-0.354652,0.132071,-0.340464,0.930923,0.415677,-0.175329,-0.147312,176.987073,-10.776435,150.998495,-0.980316,0.136443,-0.137863,0.051598,0.868762,0.492442,0.186977,0.475968,-0.858615
0.259296,0.179375,-0.083241,-161.056408,-40.252833,-142.243132,-0.721406,-0.630726,-0.284637,-0.247606,0.619592,-0.744737,0.646162,-0.46704,-0.603041,0.30707,0.169776,-0.073977,-165.935589,-11.526022,-130.509893,-0.950151,-0.305177,0.058759,-0.238034,0.593357,-0.768854,0.199813,-0.744757,-0.636305,0.402841,0.200583,-0.088041,-160.522017,-20.884564,-132.866626,-0.880373,-0.473071,0.015544,-0.311376,0.55451,-0.771588,0.356486,-0.684476,-0.635312,0.27816,-0.159702,-0.139498,174.928871,-46.811029,-48.429282,-0.681377,-0.60203,0.415697,0.060465,-0.612381,-0.787954,0.7291,-0.511945,0.454058,0.317227,-0.149991,-0.129341,173.926814,-7.618571,-20.072786,-0.985264,-0.14459,0.087518,0.104828,-0.928818,-0.354457,0.132578,-0.34018,0.930955,0.415677,-0.175217,-0.147089,176.996791,-10.771975,151.042934,-0.980418,0.136158,-0.137981,0.051437,0.869154,0.491778,0.186901,0.475344,-0.859061
0.259184,0.179375,-0.083241,-161.041528,-40.259306,-142.252814,-0.721406,-0.630935,-0.284551,-0.247815,0.619467,-0.744803,0.646248,-0.466974,-0.603166,0.30707,0.169776,-0.073977,-165.963782,-11.516076,-130.494281,-0.950358,-0.304751,0.058589,-0.237589,0.593298,-0.769052,0.199643,-0.744994,-0.636157,0.402841,0.200583,-0.088041,-160.510053,-20.898655,-132.907673,-0.880395,-0.473393,0.015298,-0.31159,0.554807,-0.77134,0.356716,-0.684072,-0.635849,0.278271,-0.159702,-0.139498,174.954652,-46.794242,-48.472576,-0.68176,-0.6019,0.415492,0.06019,-0.612213,-0.788225,0.7289,-0.512482,0.453844,0.317227,-0.150102,-0.129453,173.905583,-7.652146,-20.085409,-0.985351,-0.145169,0.087895,0.105206,-0.928872,-0.354755,0.133158,-0.340361,0.930813,0.415565,-0.175106,-0.146977,177.022208,-10.776977,151.098272,-0.980398,0.135678,-0.138406,0.050999,0.869692,0.490869,0.186987,0.474494,-0.859484
0.259184,0.179375,-0.083241,-161.041871,-40.270058,-142.242381,-0.720987,-0.630959,-0.284694,-0.247666,0.619467,-0.744779,0.646391,-0.466825,-0.602748,0.30707,0.169776,-0.073977,-165.985503,-11.524913,-130.483756,-0.950566,-0.304647,0.058304,-0.237258,0.593165,-0.769297,0.199794,-0.745185,-0.636082,0.402729,0.200471,-0.088041,-160.516252,-20.921542,-132.921179,-0.880192,-0.473572,0.014816,-0.311411,0.555009,-0.771236,0.357089,-0.683748,-0.635849,0.278271,-0.15959,-0.139498,174.963731,-46.804122,-48.475119,-0.681355,-0.601947,0.41561,0.060045,-0.611976,-0.788178,0.729018,-0.512338,0.453675,0.317227,-0.150102,-0.129453,173.905583,-7.652146,-20.085409,-0.985351,-0.145169,0.087895,0.105206,-0.928872,-0.354755,0.133158,-0.340361,0.930813,0.415677,-0.175106,-0.146977,177.018642,-10.763265,151.097668,-0.980398,0.135617,-0.138171,0.051061,0.869692,0.490857,0.186751,0.474506,-0.859484
0.259184,0.179375,-0.083241,-161.050439,-40.264,-142.240376,-0.721578,-0.631002,-0.284489,-0.247749,0.619295,-0.745013,0.64631,-0.467183,-0.603166,0.30707,0.169776,-0.073977,-165.997282,-11.520452,-130.456393,-0.950338,-0.304402,0.058248,-0.236994,0.593032,-0.769402,0.199718,-0.745308,-0.635573,0.402729,0.200471,-0.088041,-160.504143,-20.939418,-132.914386,-0.879764,-0.473832,0.014727,-0.311469,0.5549,-0.771213,0.357381,-0.683568,-0.635531,0.278383,-0.159702,-0.139387,174.946211,-46.790161,-48.449345,-0.681568,-0.601816,0.415541,0.060274,-0.612213,-0.788023,0.728851,-0.51228,0.454035,0.317227,-0.150102,-0.129564,173.906747,-7.665083,-20.070395,-0.985264,-0.145199,0.08815,0.105177,-0.9289,-0.354531,0.133382,-0.340106,0.930872,0.415565,-0.174994,-0.146977,177.023781,-10.777667,151.086261,-0.98052,0.135699,-0.138395,0.050979,0.869569,0.491104,0.186998,0.47473,-0.859484
0.259184,0.179375,-0.083241,-161.044661,-40.259028,-142.226227,-0.721159,-0.630939,-0.284422,-0.247686,0.619295,-0.744926,0.646244,-0.467097,-0.602748,0.30707,0.169664,-0.073865,-166.013697,-11.485036,-130.437996,-0.950545,-0.303769,0.058512,-0.236756,0.592973,-0.769526,0.199112,-0.745619,-0.635425,0.402729,0.200471,-0.088041,-160.54002,-20.9318,-132.908615,-0.880395,-0.473483,0.014555,-0.311072,0.554916,-0.771481,0.357256,-0.683931,-0.63574,0.278495,-0.159702,-0.139387,174.96309,-46.782149,-48.454023,-0.681568,-0.601614,0.415637,0.060072,-0.612213,-0.787939,0.728755,-0.512364,0.454035,0.317227,-0.150214,-0.129676,173.885524,-7.698665,-20.083011,-0.985351,-0.145778,0.088526,0.105555,-0.928955,-0.354829,0.133963,-0.340286,0.930731,0.415565,-0.174771,-0.146754,177.08431,-10.732912,151.098632,-0.980868,0.134392,-0.138263,0.049958,0.869809,0.490804,0.186231,0.474682,-0.859837
