Sensor #1 X,Sensor #1 Y,Sensor #1 Z,"Sensor #1 Euler Angles (Z Y'X"") Z","Sensor #1 Euler Angles (Z Y'X"") Y'","Sensor #1 Euler Angles (Z Y'X"") X""","Sensor #1 Rotation Matrix M0,0","Sensor #1 Rotation Matrix M0,1","Sensor #1 Rotation Matrix M0,2","Sensor #1 Rotation Matrix M1,0","Sensor #1 Rotation Matrix M1,1","Sensor #1 Rotation Matrix M1,2","Sensor #1 Rotation Matrix M2,0","Sensor #1 Rotation Matrix M2,1","Sensor #1 Rotation Matrix M2,2",Sensor #2 X,Sensor #2 Y,Sensor #2 Z,"Sensor #2 Euler Angles (Z Y'X"") Z","Sensor #2 Euler Angles (Z Y'X"") Y'","Sensor #2 Euler Angles (Z Y'X"") X""","Sensor #2 Rotation Matrix M0,0","Sensor #2 Rotation Matrix M0,1","Sensor #2 Rotation Matrix M0,2","Sensor #2 Rotation Matrix M1,0","Sensor #2 Rotation Matrix M1,1","Sensor #2 Rotation Matrix M1,2","Sensor #2 Rotation Matrix M2,0","Sensor #2 Rotation Matrix M2,1","Sensor #2 Rotation Matrix M2,2",Sensor #3 X,Sensor #3 Y,Sensor #3 Z,"Sensor #3 Euler Angles (Z Y'X"") Z","Sensor #3 Euler Angles (Z Y'X"") Y'","Sensor #3 Euler Angles (Z Y'X"") X""","Sensor #3 Rotation Matrix M0,0","Sensor #3 Rotation Matrix M0,1","Sensor #3 Rotation Matrix M0,2","Sensor #3 Rotation Matrix M1,0","Sensor #3 Rotation Matrix M1,1","Sensor #3 Rotation Matrix M1,2","Sensor #3 Rotation Matrix M2,0","Sensor #3 Rotation Matrix M2,1","Sensor #3 Rotation Matrix M2,2",Sensor #4 X,Sensor #4 Y,Sensor #4 Z,"Sensor #4 Euler Angles (Z Y'X"") Z","Sensor #4 Euler Angles (Z Y'X"") Y'","Sensor #4 Euler Angles (Z Y'X"") X""","Sensor #4 Rotation Matrix M0,0","Sensor #4 Rotation Matrix M0,1","Sensor #4 Rotation Matrix M0,2","Sensor #4 Rotation Matrix M1,0","Sensor #4 Rotation Matrix M1,1","Sensor #4 Rotation Matrix M1,2","Sensor #4 Rotation Matrix M2,0","Sensor #4 Rotation Matrix M2,1","Sensor #4 Rotation Matrix M2,2",Sensor #5 X,Sensor #5 Y,Sensor #5 Z,"Sensor #5 Euler Angles (Z Y'X"") Z","Sensor #5 Euler Angles (Z Y'X"") Y'","Sensor #5 Euler Angles (Z Y'X"") X""","Sensor #5 Rotation Matrix M0,0","Sensor #5 Rotation Matrix M0,1","Sensor #5 Rotation Matrix M0,2","Sensor #5 Rotation Matrix M1,0","Sensor #5 Rotation Matrix M1,1","Sensor #5 Rotation Matrix M1,2","Sensor #5 Rotation Matrix M2,0","Sensor #5 Rotation Matrix M2,1","Sensor #5 Rotation Matrix M2,2",Sensor #6 X,Sensor #6 Y,Sensor #6 Z,"Sensor #6 Euler Angles (Z Y'X"") Z","Sensor #6 Euler Angles (Z Y'X"") Y'","Sensor #6 Euler Angles (Z Y'X"") X""","Sensor #6 Rotation Matrix M0,0","Sensor #6 Rotation Matrix M0,1","Sensor #6 Rotation Matrix M0,2","Sensor #6 Rotation Matrix M1,0","Sensor #6 Rotation Matrix M1,1","Sensor #6 Rotation Matrix M1,2","Sensor #6 Rotation Matrix M2,0","Sensor #6 Rotation Matrix M2,1","Sensor #6 Rotation Matrix M2,2"
0.356741,0.01239,-0.276123,-163.07718,7.323728,143.958405,-0.948865,-0.307116,-0.072646,-0.2887,0.751754,0.592884,-0.127475,0.583557,-0.801972,0.413445,0.003014,-0.300568,-150.538261,23.076652,178.993479,-0.800587,-0.497521,0.332615,-0.452245,0.867263,0.207996,-0.391962,0.016151,-0.919317,0.475617,0.064071,-0.264961,-134.362216,5.674044,-133.161152,-0.695705,-0.438605,0.568723,-0.711368,0.529905,-0.461636,-0.098869,-0.725795,-0.680641,0.350044,-0.022966,-0.274114,133.69952,-16.943621,51.46987,-0.660731,-0.292662,0.690907,0.691427,-0.594988,0.409272,0.291431,0.748281,0.595852,0.405519,-0.052992,-0.288066,121.255763,9.740034,67.985198,-0.511349,-0.401778,0.759591,0.842486,-0.060361,0.535248,-0.169178,0.913701,0.369434,0.445145,-0.142177,-0.268198,143.744682,7.121875,-164.223988,-0.799986,0.596165,-0.064512,0.586688,0.756162,-0.289749,-0.12398,-0.269713,-0.954671
0.263984,0.15973,-0.100096,177.247779,-16.276784,-117.942203,-0.958286,-0.224789,-0.173631,0.046067,0.480272,-0.875756,0.280278,-0.847668,-0.449617,0.324036,0.149572,-0.09552,-173.971698,-10.464815,-97.755309,-0.977724,-0.193152,0.079643,-0.103251,0.115489,-0.987836,0.181632,-0.974255,-0.132682,0.406524,0.186296,-0.124876,-165.369959,-34.538809,-68.637291,-0.796651,-0.419017,0.434879,-0.207958,-0.48538,-0.848894,0.566964,-0.767002,0.300009,0.277825,-0.162381,-0.097975,-168.80033,-8.607283,-44.480139,-0.969581,0.035641,0.240797,-0.191976,-0.719911,-0.666557,0.149661,-0.692736,0.705422,0.335645,-0.149098,-0.087148,174.043096,-1.484243,-11.512442,-0.993932,-0.1068,0.004535,0.103711,-0.973716,-0.201136,0.025902,-0.199513,0.979549,0.426169,-0.186156,-0.116281,169.98836,-20.142234,132.559359,-0.923801,0.367247,-0.10151,0.163085,0.622329,0.765397,0.344352,0.691056,-0.634555
0.264096,0.160176,-0.100766,177.315197,-16.453679,-117.897582,-0.957784,-0.22812,-0.173791,0.044913,0.479243,-0.876471,0.28324,-0.847455,-0.448658,0.324036,0.149572,-0.095631,-173.95184,-10.463557,-97.757986,-0.977724,-0.193174,0.079986,-0.103594,0.11544,-0.98782,0.18161,-0.974271,-0.132731,0.406636,0.186184,-0.124876,-165.407663,-34.525352,-68.619575,-0.797043,-0.418984,0.43444,-0.2075,-0.485468,-0.84906,0.566771,-0.767081,0.300313,0.277825,-0.162381,-0.097975,-168.80033,-8.607283,-44.480139,-0.969581,0.035641,0.240797,-0.191976,-0.719911,-0.666557,0.149661,-0.692736,0.705422,0.335645,-0.149098,-0.087037,174.055472,-1.453656,-11.486926,-0.994319,-0.106518,0.004102,0.103534,-0.974194,-0.200648,0.025368,-0.19908,0.979655,0.426169,-0.186156,-0.116281,169.98836,-20.142234,132.559359,-0.923801,0.367247,-0.10151,0.163085,0.622329,0.765397,0.344352,0.691056,-0.634555
0.264765,0.160288,-0.101101,177.160288,-16.45,-118.049051,-0.957552,-0.226296,-0.176738,0.047497,0.482251,-0.874647,0.283179,-0.846199,-0.450862,0.324036,0.149572,-0.09552,-173.95101,-10.463073,-97.738216,-0.97736,-0.19315,0.079994,-0.10357,0.11544,-0.98766,0.181602,-0.974111,-0.132367,0.406636,0.186072,-0.124876,-165.463828,-34.523676,-68.594913,-0.797043,-0.419327,0.433679,-0.206666,-0.485164,-0.849256,0.566747,-0.766885,0.300617,0.277825,-0.162381,-0.097975,-168.792662,-8.589031,-44.478484,-0.969581,0.035956,0.240662,-0.192111,-0.719859,-0.666546,0.149346,-0.692747,0.705474,0.335645,-0.149098,-0.086925,174.067899,-1.438347,-11.48771,-0.994319,-0.10625,0.003884,0.103316,-0.97419,-0.200633,0.025101,-0.199095,0.979659,0.426169,-0.186268,-0.116393,169.95059,-20.160845,132.54849,-0.923565,0.367894,-0.101144,0.163671,0.621911,0.765606,0.344657,0.691082,-0.634337
0.263984,0.159841,-0.101436,177.220536,-16.776093,-117.9064,-0.955964,-0.232053,-0.177804,0.046411,0.480074,-0.875898,0.288632,-0.845874,-0.447988,0.324036,0.149572,-0.095631,-173.970447,-10.484781,-97.758368,-0.977724,-0.193495,0.079622,-0.103273,0.11544,-0.987869,0.181974,-0.974223,-0.132731,0.406636,0.185961,-0.125099,-165.481989,-34.554398,-68.600489,-0.797043,-0.419842,0.43363,-0.206397,-0.485316,-0.849424,0.567188,-0.766717,0.300465,0.277825,-0.162269,-0.097975,-168.791543,-8.590782,-44.445262,-0.969221,0.036007,0.240632,-0.19206,-0.719859,-0.666096,0.149376,-0.692297,0.705834,0.335756,-0.148986,-0.086813,174.106198,-1.405589,-11.475183,-0.99427,-0.105472,0.003485,0.102639,-0.974183,-0.20036,0.02453,-0.198883,0.979715,0.426281,-0.186379,-0.116616,169.952937,-20.185023,132.512098,-0.923728,0.368267,-0.101122,0.163661,0.62124,0.766227,0.345053,0.691569,-0.633975
0.264096,0.160958,-0.101771,177.47874,-16.755641,-117.795644,-0.956122,-0.234238,-0.173253,0.042101,0.47741,-0.877528,0.288291,-0.846735,-0.44635,0.324036,0.149572,-0.095743,-173.944374,-10.542005,-97.771695,-0.977403,-0.194536,0.079875,-0.103689,0.115567,-0.987769,0.182956,-0.973958,-0.132926,0.406524,0.185849,-0.125099,-165.504829,-34.565967,-68.559906,-0.796945,-0.419902,0.433616,-0.206032,-0.485708,-0.849231,0.567355,-0.766371,0.300956,0.277825,-0.162269,-0.097864,-168.782403,-8.587942,-44.433445,-0.969491,0.036273,0.240732,-0.192274,-0.720309,-0.665936,0.149327,-0.692188,0.706014,0.335756,-0.148763,-0.086702,174.145909,-1.386742,-11.461964,-0.99422,-0.104718,0.003329,0.101938,-0.97418,-0.2001,0.024201,-0.198659,0.979767,0.426504,-0.186491,-0.116728,169.940841,-20.180779,132.457236,-0.923457,0.368404,-0.100634,0.163814,0.620568,0.766674,0.344983,0.692028,-0.633177
0.263761,0.161181,-0.102329,177.629717,-17.039786,-117.65109,-0.955044,-0.240139,-0.172529,0.039532,0.474581,-0.879254,0.293036,-0.846749,-0.443631,0.323924,0.149572,-0.095855,-173.955319,-10.553548,-97.750682,-0.97736,-0.194681,0.079726,-0.103495,0.115246,-0.987815,0.183154,-0.973955,-0.132561,0.406636,0.186072,-0.124876,-165.48003,-34.515316,-68.588601,-0.797435,-0.41922,0.433559,-0.206527,-0.485404,-0.849363,0.566627,-0.767024,0.300769,0.277825,-0.162269,-0.097864,-168.781843,-8.588819,-44.416838,-0.969311,0.036299,0.240717,-0.192248,-0.720309,-0.665711,0.149342,-0.691963,0.706194,0.335645,-0.148651,-0.08659,174.156569,-1.35681,-11.449225,-0.994172,-0.104425,0.002881,0.101746,-0.974173,-0.19983,0.023679,-0.198443,0.979823,0.426504,-0.186714,-0.116728,169.889036,-20.161831,132.432929,-0.923422,0.368781,-0.099578,0.164669,0.619949,0.766991,0.344673,0.692381,-0.632961
0.263761,0.160623,-0.102217,177.513997,-17.081665,-117.704963,-0.95463,-0.239627,-0.174862,0.041446,0.475995,-0.878366,0.293734,-0.846064,-0.444287,0.324036,0.149572,-0.095855,-173.964626,-10.564161,-97.750874,-0.97736,-0.194841,0.079544,-0.103335,0.115246,-0.987839,0.183336,-0.973931,-0.132561,0.406636,0.185961,-0.124764,-165.500184,-34.49354,-68.606471,-0.797534,-0.419306,0.432936,-0.206254,-0.484708,-0.849676,0.566313,-0.76725,0.300582,0.277825,-0.162269,-0.097864,-168.786055,-8.590316,-44.420561,-0.969761,0.036314,0.240743,-0.192263,-0.720759,-0.665801,0.149368,-0.692053,0.706194,0.335645,-0.148651,-0.08659,174.155173,-1.342909,-11.4499,-0.994172,-0.1044,0.002638,0.10177,-0.97417,-0.199817,0.023436,-0.198456,0.979826,0.426393,-0.186714,-0.116505,169.869511,-20.121621,132.452869,-0.923657,0.368487,-0.098993,0.165035,0.620149,0.766764,0.344014,0.692373,-0.633396
0.263872,0.160623,-0.101771,177.475554,-16.838738,-117.78051,-0.955956,-0.235499,-0.173869,0.042147,0.477078,-0.87778,0.289679,-0.846649,-0.446019,0.323924,0.149572,-0.095855,-173.962165,-10.562739,-97.752306,-0.977038,-0.194833,0.07952,-0.103343,0.115567,-0.987657,0.183312,-0.973749,-0.132561,0.406524,0.185849,-0.124876,-165.527941,-34.527281,-68.573392,-0.797435,-0.419686,0.432995,-0.205816,-0.485252,-0.849575,0.566799,-0.766812,0.300921,0.277825,-0.162269,-0.097864,-168.803402,-8.583367,-44.400166,-0.969581,0.036205,0.240413,-0.191922,-0.720707,-0.665617,0.149248,-0.691787,0.706425,0.335645,-0.148763,-0.08659,174.14134,-1.344311,-11.44981,-0.994172,-0.104643,0.002614,0.102013,-0.97417,-0.199819,0.023461,-0.198454,0.979826,0.426393,-0.186937,-0.116393,169.828993,-20.083044,132.495286,-0.923493,0.368351,-0.09838,0.16568,0.620675,0.766131,0.343382,0.6919,-0.633904
0.26443,0.159953,-0.101212,177.167725,-16.639123,-117.986067,-0.956386,-0.22933,-0.177873,0.047315,0.481549,-0.874975,0.286343,-0.845712,-0.449409,0.324036,0.149572,-0.095855,-173.962984,-10.563234,-97.77208,-0.977403,-0.194857,0.079511,-0.103368,0.115567,-0.987818,0.183321,-0.973909,-0.132926,0.406636,0.185849,-0.124764,-165.522993,-34.505101,-68.565904,-0.797435,-0.419367,0.432921,-0.205889,-0.4851,-0.849482,0.56648,-0.766904,0.301073,0.277825,-0.162269,-0.097752,-168.795721,-8.565121,-44.398516,-0.969581,0.03652,0.240278,-0.192058,-0.720656,-0.665606,0.148933,-0.691797,0.706477,0.335645,-0.148651,-0.086478,174.167949,-1.313069,-11.438529,-0.994608,-0.10412,0.002192,0.101591,-0.974648,-0.199572,0.022915,-0.198265,0.979881,0.426616,-0.186714,-0.116616,169.885169,-20.137251,132.49374,-0.923493,0.368415,-0.099668,0.164746,0.620821,0.766253,0.34427,0.691777,-0.633758
0.26443,0.160288,-0.101547,177.233011,-16.682661,-117.93986,-0.956546,-0.230681,-0.177011,0.04623,0.480402,-0.875758,0.287071,-0.846094,-0.448738,0.323924,0.149684,-0.095966,-173.91828,-10.599227,-97.785087,-0.977082,-0.195577,0.080129,-0.104105,0.115692,-0.98767,0.183938,-0.973693,-0.133121,0.406636,0.185849,-0.124764,-165.542789,-34.502252,-68.596322,-0.797927,-0.419592,0.43257,-0.205722,-0.484949,-0.849934,0.566439,-0.767237,0.300734,0.277713,-0.162269,-0.097752,-168.800274,-8.552963,-44.379197,-0.969402,0.036636,0.240038,-0.191942,-0.720604,-0.665396,0.148724,-0.691557,0.706708,0.335645,-0.14854,-0.086367,174.192456,-1.281742,-11.425865,-0.994559,-0.103585,0.001768,0.101156,-0.974642,-0.199302,0.022369,-0.19805,0.979936,0.426727,-0.186714,-0.116728,169.936754,-20.158666,132.436295,-0.923857,0.368265,-0.100126,0.163953,0.620168,0.767036,0.344621,0.692536,-0.633177
0.264542,0.160176,-0.102775,177.144458,-17.190198,-117.963079,-0.953818,-0.237337,-0.182432,0.047576,0.481536,-0.87504,0.295545,-0.843582,-0.447843,0.323924,0.149684,-0.096078,-173.914944,-10.638671,-97.771507,-0.976717,-0.196238,0.080094,-0.104123,0.115594,-0.987575,0.184615,-0.973467,-0.132855,0.406636,0.185961,-0.124653,-165.546116,-34.466438,-68.579437,-0.797927,-0.41915,0.4323,-0.205673,-0.484645,-0.849826,0.565923,-0.767345,0.301037,0.277713,-0.162269,-0.097641,-168.80392,-8.555332,-44.366317,-0.969672,0.036676,0.240049,-0.191931,-0.721054,-0.665261,0.148764,-0.691422,0.706888,0.335645,-0.148428,-0.086144,174.241863,-1.219823,-11.414688,-0.99451,-0.102515,0.000908,0.100285,-0.974631,-0.199003,0.021288,-0.197863,0.979996,0.426839,-0.186826,-0.117063,169.935636,-20.213674,132.392013,-0.923586,0.369018,-0.100408,0.163923,0.619422,0.767659,0.345522,0.692818,-0.632453
0.264877,0.160734,-0.103222,177.242845,-17.215982,-117.954943,-0.953651,-0.238561,-0.181104,0.045927,0.481096,-0.875337,0.295974,-0.843453,-0.447621,0.323924,0.149796,-0.096301,-173.882007,-10.686713,-97.783362,-0.976717,-0.197127,0.080554,-0.104691,0.115397,-0.987634,0.185439,-0.973408,-0.133052,0.406747,0.185961,-0.124764,-165.568923,-34.477985,-68.538879,-0.797828,-0.419211,0.432286,-0.205309,-0.485038,-0.849632,0.56609,-0.767,0.301528,0.277713,-0.162269,-0.097641,-168.795673,-8.537969,-44.34807,-0.969492,0.037017,0.239898,-0.192041,-0.721003,-0.665025,0.148465,-0.691208,0.707119,0.335645,-0.148317,-0.086032,174.266047,-1.187804,-11.387815,-0.994413,-0.101979,0.000496,0.099851,-0.974626,-0.198491,0.02073,-0.197406,0.980099,0.426951,-0.186937,-0.117063,169.915486,-20.185145,132.325229,-0.923517,0.368984,-0.099449,0.164246,0.618548,0.76825,0.345055,0.693567,-0.631656
0.263537,0.161069,-0.103556,177.676832,-17.66573,-117.637715,-0.951817,-0.249798,-0.176584,0.038614,0.474555,-0.879307,0.303463,-0.843963,-0.441921,0.323813,0.149796,-0.096301,-173.868528,-10.715104,-97.810624,-0.976761,-0.197667,0.080659,-0.104928,0.115619,-0.987654,0.185926,-0.973344,-0.133515,0.406747,0.185961,-0.124764,-165.55486,-34.47058,-68.561681,-0.798073,-0.419091,0.432392,-0.205581,-0.485038,-0.849753,0.565983,-0.767272,0.301283,0.277602,-0.162158,-0.097641,-168.781421,-8.548174,-44.338973,-0.969763,0.037193,0.240224,-0.192345,-0.721504,-0.664849,0.148641,-0.691113,0.707247,0.335645,-0.148205,-0.086032,174.267434,-1.201706,-11.387148,-0.994413,-0.102003,0.000739,0.099826,-0.974628,-0.198503,0.020972,-0.197393,0.980096,0.426951,-0.186826,-0.117063,169.953168,-20.188784,132.28422,-0.923483,0.368674,-0.099763,0.163613,0.618293,0.76856,0.345114,0.693926,-0.631075
0.263984,0.160511,-0.102887,177.389761,-17.327921,-117.856466,-0.953311,-0.241755,-0.17931,0.04346,0.478971,-0.876663,0.29784,-0.84379,-0.445943,0.323813,0.149796,-0.096413,-173.866029,-10.71366,-97.812068,-0.97644,-0.197659,0.080634,-0.104937,0.11594,-0.987472,0.185901,-0.973162,-0.133515,0.406636,0.185849,-0.124764,-165.559329,-34.474974,-68.577513,-0.797927,-0.419347,0.432177,-0.205477,-0.484645,-0.849902,0.566046,-0.767269,0.301037,0.277602,-0.162158,-0.097641,-168.786525,-8.535136,-44.336259,-0.969763,0.037283,0.239999,-0.192255,-0.721453,-0.664864,0.148416,-0.691098,0.707299,0.335645,-0.148205,-0.086032,174.280564,-1.172581,-11.38992,-0.994898,-0.101724,0.000279,0.099645,-0.975108,-0.198501,0.020464,-0.197444,0.980101,0.426951,-0.186826,-0.116951,169.960219,-20.169393,132.278174,-0.923483,0.368357,-0.099646,0.163496,0.618366,0.768493,0.344797,0.693993,-0.631002
0.263761,0.161404,-0.103445,177.710586,-17.451115,-117.653494,-0.952644,-0.246849,-0.174503,0.038086,0.474737,-0.879138,0.299892,-0.84463,-0.442566,0.323813,0.149796,-0.096413,-173.876594,-10.704306,-97.80914,-0.97644,-0.197477,0.080474,-0.104755,0.115989,-0.987464,0.18574,-0.973171,-0.133466,0.406636,0.185961,-0.124764,-165.553545,-34.45393,-68.590915,-0.798172,-0.419103,0.432088,-0.205626,-0.484494,-0.850006,0.565743,-0.767558,0.300943,0.277713,-0.162158,-0.097641,-168.768629,-8.542972,-44.34004,-0.969763,0.037418,0.240313,-0.19257,-0.721504,-0.664823,0.148551,-0.691139,0.707247,0.335645,-0.148205,-0.086032,174.280564,-1.172581,-11.38992,-0.994898,-0.101724,0.000279,0.099645,-0.975108,-0.198501,0.020464,-0.197444,0.980101,0.426951,-0.186826,-0.117063,169.940089,-20.194902,132.288772,-0.923483,0.368892,-0.099663,0.163831,0.618221,0.768591,0.345215,0.693896,-0.631148
0.264207,0.161292,-0.103556,177.535834,-17.426356,-117.703839,-0.952892,-0.244895,-0.17719,0.041007,0.476087,-0.878346,0.29948,-0.844512,-0.443451,0.323813,0.149796,-0.096413,-173.896465,-10.705572,-97.806411,-0.97644,-0.197455,0.080131,-0.104412,0.116039,-0.98748,0.185762,-0.973155,-0.133417,0.406636,0.185961,-0.124764,-165.549074,-34.449535,-68.575083,-0.798319,-0.418848,0.432303,-0.20573,-0.484886,-0.849857,0.56568,-0.76756,0.301189,0.277713,-0.162158,-0.097641,-168.768629,-8.542972,-44.34004,-0.969763,0.037418,0.240313,-0.19257,-0.721504,-0.664823,0.148551,-0.691139,0.707247,0.335756,-0.148205,-0.086032,174.306525,-1.170426,-11.402876,-0.994461,-0.101228,0.000315,0.099146,-0.974623,-0.198717,0.020426,-0.197664,0.980053,0.426839,-0.186937,-0.117063,169.905975,-20.202675,132.315763,-0.923082,0.369266,-0.099536,0.164327,0.618475,0.768217,0.345342,0.6934,-0.631294
0.264096,0.160734,-0.103445,177.41333,-17.475279,-117.840104,-0.952483,-0.244166,-0.180031,0.04303,0.47877,-0.876772,0.300294,-0.843186,-0.445316,0.323813,0.149684,-0.096413,-173.907856,-10.696722,-97.823266,-0.976804,-0.197297,0.079962,-0.104255,0.116088,-0.987632,0.18561,-0.973324,-0.133731,0.406747,0.185849,-0.124764,-165.575025,-34.448832,-68.5796,-0.798172,-0.419177,0.431769,-0.205307,-0.484342,-0.850066,0.56567,-0.767498,0.301095,0.277713,-0.162158,-0.097641,-168.764413,-8.54148,-44.336319,-0.969313,0.037403,0.240288,-0.192555,-0.721054,-0.664734,0.148525,-0.691049,0.707247,0.335645,-0.148317,-0.086032,174.277459,-1.159315,-11.403399,-0.994461,-0.101689,2.3e-05,0.099656,-0.974621,-0.198707,0.020232,-0.197674,0.980055,0.426727,-0.187049,-0.117063,169.896876,-20.211025,132.31138,-0.923283,0.369513,-0.099399,0.164514,0.618202,0.768465,0.345479,0.693587,-0.631367
0.264207,0.161739,-0.103222,177.693048,-17.19684,-117.611719,-0.9543,-0.243101,-0.172603,0.038445,0.473792,-0.879733,0.295655,-0.846351,-0.442682,0.323813,0.149796,-0.096301,-173.899813,-10.666127,-97.819958,-0.976804,-0.196795,0.080166,-0.104393,0.116137,-0.987574,0.185086,-0.973382,-0.133682,0.406636,0.185961,-0.124876,-165.537007,-34.481202,-68.609715,-0.798172,-0.419349,0.43248,-0.205871,-0.484797,-0.850039,0.566136,-0.767525,0.30064,0.277602,-0.162158,-0.097641,-168.764978,-8.540597,-44.352917,-0.969492,0.037377,0.240303,-0.192581,-0.721054,-0.664959,0.14851,-0.691274,0.707067,0.335645,-0.148317,-0.086032,174.292686,-1.171822,-11.402804,-0.994461,-0.10147,0.00029,0.099389,-0.974623,-0.198718,0.020451,-0.197663,0.980053,0.426951,-0.187049,-0.117174,169.92151,-20.198421,132.326731,-0.923517,0.369085,-0.099666,0.164146,0.618548,0.768286,0.345272,0.69353,-0.631656
0.264207,0.161069,-0.102887,177.499993,-17.150928,-117.77533,-0.954217,-0.240314,-0.175912,0.041662,0.477208,-0.877685,0.29489,-0.845172,-0.445143,0.323813,0.149796,-0.096301,-173.910377,-10.656774,-97.817045,-0.976804,-0.196612,0.080006,-0.104211,0.116186,-0.987565,0.184925,-0.97339,-0.133633,0.406524,0.186072,-0.124764,-165.489958,-34.468104,-68.60402,-0.797927,-0.418807,0.433061,-0.206507,-0.484949,-0.849631,0.565947,-0.76754,0.300734,0.277602,-0.162158,-0.097641,-168.777771,-8.545801,-44.35185,-0.969492,0.037152,0.240213,-0.192356,-0.721054,-0.664984,0.1486,-0.691249,0.707067,0.335645,-0.148317,-0.086032,174.292686,-1.171822,-11.402804,-0.994461,-0.10147,0.00029,0.099389,-0.974623,-0.198718,0.020451,-0.197663,0.980053,0.427062,-0.187049,-0.117063,169.945614,-20.175143,132.307188,-0.923718,0.36858,-0.099613,0.163781,0.618494,0.768406,0.344891,0.693845,-0.63151
0.263984,0.160623,-0.10244,177.417818,-17.063109,-117.855465,-0.954635,-0.23809,-0.176819,0.043052,0.478702,-0.876812,0.293425,-0.844965,-0.446545,0.323813,0.149796,-0.096301,-173.901903,-10.646654,-97.836621,-0.977169,-0.196477,0.080179,-0.104396,0.116186,-0.987701,0.184752,-0.973575,-0.133997,0.406747,0.185961,-0.124876,-165.55486,-34.47058,-68.561681,-0.798073,-0.419091,0.432392,-0.205581,-0.485038,-0.849753,0.565983,-0.767272,0.301283,0.277602,-0.162158,-0.097752,-168.772664,-8.558838,-44.354567,-0.969492,0.037062,0.240438,-0.192445,-0.721106,-0.664969,0.148825,-0.691264,0.707016,0.335645,-0.148317,-0.086032,174.292686,-1.171822,-11.402804,-0.994461,-0.10147,0.00029,0.099389,-0.974623,-0.198718,0.020451,-0.197663,0.980053,0.426951,-0.187049,-0.116951,169.907412,-20.160827,132.313283,-0.923718,0.368815,-0.098977,0.164416,0.618348,0.768394,0.344656,0.693857,-0.631656
0.264877,0.160511,-0.10311,177.197258,-17.136692,-117.987889,-0.953986,-0.236906,-0.18132,0.046703,0.481755,-0.874922,0.294652,-0.843532,-0.448285,0.323813,0.149796,-0.096301,-173.89942,-10.645219,-97.83807,-0.976848,-0.196468,0.080155,-0.104405,0.116507,-0.987519,0.184727,-0.973393,-0.133997,0.406636,0.186072,-0.124876,-165.533383,-34.475685,-68.573008,-0.798073,-0.419017,0.432711,-0.2059,-0.485189,-0.849693,0.566056,-0.767331,0.301131,0.277713,-0.162158,-0.097641,-168.764978,-8.540597,-44.352917,-0.969492,0.037377,0.240303,-0.192581,-0.721054,-0.664959,0.14851,-0.691274,0.707067,0.335645,-0.148428,-0.086032,174.265715,-1.176033,-11.431021,-0.994559,-0.101958,0.000217,0.099871,-0.974623,-0.199206,0.020524,-0.198146,0.979955,0.426839,-0.187049,-0.116951,169.915486,-20.185145,132.325229,-0.923517,0.368984,-0.099449,0.164246,0.618548,0.76825,0.345055,0.693567,-0.631656
0.264654,0.160511,-0.102217,177.258413,-16.842942,-117.982977,-0.955557,-0.233112,-0.178065,0.045758,0.481204,-0.875283,0.289749,-0.84491,-0.448925,0.323813,0.149796,-0.096301,-173.922642,-10.607046,-97.848928,-0.977212,-0.195786,0.079847,-0.104043,0.116655,-0.987629,0.184072,-0.973604,-0.134214,0.406636,0.186072,-0.124876,-165.515892,-34.467393,-68.608523,-0.79778,-0.419137,0.432527,-0.206084,-0.484405,-0.84984,0.565937,-0.767478,0.30064,0.277713,-0.162158,-0.097641,-168.77065,-8.526679,-44.366801,-0.969672,0.037441,0.240093,-0.192516,-0.721003,-0.665199,0.14827,-0.691484,0.706939,0.335645,-0.148428,-0.086144,174.267107,-1.189935,-11.430354,-0.994559,-0.101983,0.000459,0.099847,-0.974626,-0.199218,0.020767,-0.198133,0.979953,0.426839,-0.186826,-0.117174,169.961773,-20.223795,132.331075,-0.923317,0.36892,-0.100555,0.163441,0.618895,0.768117,0.345688,0.693264,-0.63151
0.264877,0.160846,-0.10244,177.291698,-16.813911,-117.978385,-0.955804,-0.232982,-0.177306,0.045213,0.48093,-0.875483,0.289264,-0.845124,-0.448952,0.323924,0.149796,-0.096189,-173.94377,-10.588348,-97.843135,-0.977212,-0.195421,0.079527,-0.103679,0.116753,-0.987612,0.183751,-0.973621,-0.134116,0.406747,0.186072,-0.124876,-165.518396,-34.432718,-68.612515,-0.798026,-0.418771,0.432242,-0.20611,-0.484101,-0.849928,0.565438,-0.767783,0.300697,0.277713,-0.162158,-0.097641,-168.77065,-8.526679,-44.366801,-0.969672,0.037441,0.240093,-0.192516,-0.721003,-0.665199,0.14827,-0.691484,0.706939,0.335645,-0.148651,-0.086144,174.239793,-1.193447,-11.444388,-0.994608,-0.102469,0.000398,0.100331,-0.974626,-0.199463,0.020828,-0.198373,0.979904,0.427062,-0.186379,-0.117063,170.079906,-20.213696,132.372634,-0.924022,0.367497,-0.10221,0.161602,0.620077,0.767629,0.345523,0.693048,-0.632233
0.264654,0.160958,-0.102217,177.348003,-16.786533,-117.917978,-0.956212,-0.233249,-0.175971,0.044291,0.479611,-0.876319,0.288807,-0.845867,-0.448203,0.323924,0.149796,-0.096078,-173.967804,-10.550608,-97.81306,-0.977169,-0.194698,0.07926,-0.10326,0.116578,-0.987584,0.183104,-0.973692,-0.133605,0.406636,0.186072,-0.124988,-165.536536,-34.463423,-68.618073,-0.798026,-0.419286,0.432192,-0.205841,-0.484253,-0.850096,0.56588,-0.767615,0.300546,0.277713,-0.162158,-0.097752,-168.754211,-8.519099,-44.380744,-0.969402,0.037625,0.240172,-0.192752,-0.720553,-0.665308,0.148139,-0.691645,0.70676,0.335645,-0.148763,-0.086255,174.200048,-1.212269,-11.457676,-0.994657,-0.103223,0.000555,0.101033,-0.974628,-0.199722,0.021157,-0.1986,0.979852,0.426727,-0.186044,-0.116839,170.11077,-20.212115,132.471309,-0.923928,0.366938,-0.10329,0.161072,0.621693,0.766386,0.345497,0.691844,-0.633322
0.264319,0.160511,-0.101994,177.330826,-16.789909,-117.927609,-0.955717,-0.233099,-0.176329,0.044555,0.480133,-0.875884,0.288863,-0.845472,-0.448176,0.323924,0.149907,-0.096078,-173.950027,-10.529865,-97.832443,-0.977533,-0.194402,0.079616,-0.103605,0.116578,-0.987695,0.182748,-0.973901,-0.13397,0.406636,0.186072,-0.124876,-165.544808,-34.449791,-68.608674,-0.798026,-0.419163,0.431996,-0.205718,-0.484101,-0.850079,0.565684,-0.767631,0.300697,0.277713,-0.162158,-0.097752,-168.784907,-8.516479,-44.375902,-0.969402,0.037265,0.239768,-0.192212,-0.720501,-0.665375,0.148094,-0.691578,0.706811,0.335645,-0.148763,-0.086255,174.200048,-1.212269,-11.457676,-0.994657,-0.103223,0.000555,0.101033,-0.974628,-0.199722,0.021157,-0.1986,0.979852,0.426727,-0.186044,-0.116728,170.13697,-20.199924,132.462264,-0.923928,0.366502,-0.10349,0.160637,0.621838,0.766325,0.345297,0.691906,-0.633177
0.264542,0.160734,-0.102105,177.335414,-16.790288,-117.957706,-0.955637,-0.233046,-0.17639,0.044475,0.480628,-0.875593,0.28887,-0.845181,-0.448591,0.323924,0.149907,-0.096078,-173.968696,-10.509751,-97.828134,-0.977212,-0.194029,0.079271,-0.103249,0.116996,-0.987496,0.182403,-0.973736,-0.133872,0.406636,0.185961,-0.124876,-165.57418,-34.449961,-68.600475,-0.798418,-0.419252,0.431753,-0.205382,-0.484342,-0.850262,0.565686,-0.767694,0.300849,0.277713,-0.162269,-0.097752,-168.780361,-8.528633,-44.395216,-0.969581,0.03715,0.240008,-0.192328,-0.720553,-0.665585,0.148304,-0.691818,0.70658,0.335645,-0.148763,-0.086255,174.200048,-1.212269,-11.457676,-0.994657,-0.103223,0.000555,0.101033,-0.974628,-0.199722,0.021157,-0.1986,0.979852,0.426616,-0.186156,-0.116728,170.085656,-20.191634,132.472851,-0.923928,0.366956,-0.102755,0.16149,0.621621,0.766345,0.345161,0.691886,-0.633394
0.264319,0.160846,-0.102105,177.403044,-16.801764,-117.908651,-0.955797,-0.233941,-0.175235,0.043352,0.479502,-0.876315,0.289061,-0.845623,-0.447898,0.323924,0.149796,-0.096078,-173.988563,-10.511023,-97.825453,-0.977212,-0.194007,0.078929,-0.102906,0.117045,-0.987512,0.182425,-0.97372,-0.133824,0.406524,0.186072,-0.124988,-165.541002,-34.467823,-68.633918,-0.797879,-0.419542,0.431977,-0.205736,-0.483861,-0.850245,0.565943,-0.767612,0.3003,0.277713,-0.162269,-0.097752,-168.793153,-8.533842,-44.394152,-0.969581,0.036925,0.239918,-0.192103,-0.720553,-0.66561,0.148394,-0.691793,0.70658,0.335645,-0.148875,-0.086367,174.187612,-1.227574,-11.456925,-0.994657,-0.10349,0.000773,0.101251,-0.974631,-0.199736,0.021424,-0.198586,0.97985,0.426727,-0.186156,-0.116728,170.094618,-20.163382,132.447401,-0.924327,0.3666,-0.102347,0.16141,0.621294,0.766677,0.344698,0.692424,-0.633322
0.264542,0.161181,-0.102105,177.430693,-16.702934,-117.913864,-0.956459,-0.232707,-0.174051,0.042919,0.479309,-0.876484,0.28741,-0.846117,-0.448258,0.323924,0.149796,-0.096078,-174.020175,-10.524326,-97.821523,-0.977533,-0.194154,0.078428,-0.102395,0.116773,-0.987734,0.182653,-0.973862,-0.133775,0.406636,0.186072,-0.124876,-165.564609,-34.446955,-68.639111,-0.798517,-0.419388,0.431644,-0.20555,-0.48395,-0.850531,0.565643,-0.767964,0.300357,0.277713,-0.162269,-0.097752,-168.793717,-8.532963,-44.410756,-0.969761,0.036899,0.239933,-0.192128,-0.720553,-0.665835,0.148378,-0.692018,0.7064,0.335645,-0.148986,-0.086367,174.145771,-1.246329,-11.468822,-0.99422,-0.104231,0.000928,0.10194,-0.974149,-0.199971,0.021751,-0.198787,0.979798,0.426727,-0.186379,-0.116839,170.060545,-20.171157,132.47439,-0.923928,0.366974,-0.10222,0.161907,0.621549,0.766303,0.344826,0.691928,-0.633466
0.265212,0.161962,-0.101882,177.464406,-16.312277,-117.884258,-0.958528,-0.227312,-0.170353,0.042447,0.478393,-0.877038,0.280872,-0.848131,-0.448764,0.324036,0.149907,-0.095966,-174.042567,-10.485664,-97.812742,-0.977533,-0.193447,0.078129,-0.102009,0.116918,-0.987685,0.18199,-0.973912,-0.13363,0.406636,0.186072,-0.124876,-165.556039,-34.419258,-68.594928,-0.798418,-0.418737,0.431802,-0.205652,-0.484191,-0.850094,0.565244,-0.767862,0.301,0.277713,-0.162269,-0.097752,-168.795191,-8.517561,-44.420926,-0.969491,0.036948,0.239698,-0.192049,-0.720051,-0.665986,0.148113,-0.692138,0.706271,0.335533,-0.149098,-0.086367,174.117442,-1.236695,-11.497713,-0.994319,-0.104694,0.000611,0.102447,-0.974146,-0.200446,0.021583,-0.199282,0.979703,0.426616,-0.186379,-0.116951,170.064077,-20.236719,132.537818,-0.923565,0.367604,-0.103384,0.161785,0.622274,0.765744,0.3459,0.690945,-0.633974
0.264988,0.161404,-0.100096,177.383754,-15.711362,-117.998227,-0.961271,-0.217401,-0.167314,0.043924,0.480105,-0.876005,0.270791,-0.849735,-0.451779,0.324036,0.149907,-0.095855,-174.038223,-10.436526,-97.805018,-0.977854,-0.19261,0.078379,-0.102117,0.116694,-0.987778,0.181146,-0.974184,-0.133533,0.406636,0.186072,-0.124876,-165.54777,-34.432888,-68.604315,-0.798418,-0.41886,0.431998,-0.205775,-0.484342,-0.85011,0.565441,-0.767846,0.300849,0.277825,-0.162269,-0.097752,-168.788084,-8.498437,-44.435883,-0.969671,0.037237,0.239578,-0.19221,-0.72,-0.6662,0.147782,-0.692373,0.706143,0.335645,-0.149209,-0.086478,174.074555,-1.227016,-11.498172,-0.994319,-0.105397,0.000295,0.103199,-0.974143,-0.200438,0.021414,-0.199291,0.979705,0.426616,-0.186268,-0.117174,170.056471,-20.319481,132.616381,-0.923004,0.368519,-0.104703,0.161813,0.623126,0.765034,0.347255,0.689677,-0.634555
0.264877,0.161404,-0.100766,177.391743,-15.984286,-117.943079,-0.960106,-0.22168,-0.16912,0.043737,0.479332,-0.876475,0.275374,-0.849105,-0.450395,0.324148,0.149907,-0.095743,-174.080121,-10.37827,-97.811837,-0.977897,-0.191554,0.077727,-0.101399,0.117255,-0.98769,0.180146,-0.974228,-0.133658,0.406524,0.186072,-0.124876,-165.521367,-34.415818,-68.608155,-0.798418,-0.418468,0.432244,-0.206167,-0.484342,-0.849959,0.565195,-0.767997,0.300849,0.277825,-0.162269,-0.097752,-168.780412,-8.480192,-44.434234,-0.969671,0.037552,0.239443,-0.192345,-0.719949,-0.66619,0.147467,-0.692383,0.706194,0.335645,-0.149321,-0.08659,174.062866,-1.243796,-11.525773,-0.994417,-0.105667,0.000487,0.103414,-0.974146,-0.200937,0.021707,-0.199762,0.979604,0.426504,-0.186156,-0.117063,170.101853,-20.292298,132.656192,-0.923278,0.367628,-0.105272,0.161107,0.624013,0.764456,0.34681,0.689347,-0.635136
0.264765,0.161292,-0.100543,177.412713,-15.97854,-117.950758,-0.959859,-0.221731,-0.168802,0.043374,0.479554,-0.876286,0.275277,-0.848878,-0.450421,0.324148,0.149907,-0.095743,-174.083797,-10.359705,-97.807375,-0.978218,-0.19122,0.077772,-0.101369,0.116982,-0.98784,0.179827,-0.974442,-0.13361,0.406524,0.186072,-0.124876,-165.555204,-34.420382,-68.615797,-0.798664,-0.418813,0.431786,-0.205728,-0.484191,-0.85029,0.56526,-0.768058,0.300754,0.277937,-0.162269,-0.097864,-168.785528,-8.467161,-44.431527,-0.969671,0.037642,0.239218,-0.192255,-0.719898,-0.666205,0.147243,-0.692368,0.706245,0.335645,-0.149433,-0.08659,174.063898,-1.256961,-11.5109,-0.994368,-0.10569,0.000742,0.103391,-0.974149,-0.200707,0.021936,-0.199506,0.979651,0.426504,-0.186044,-0.116951,170.117361,-20.28811,132.667115,-0.923713,0.367446,-0.105402,0.160925,0.624085,0.764525,0.346741,0.689477,-0.635499
0.264877,0.161404,-0.100989,177.401231,-16.105137,-117.944236,-0.959444,-0.22354,-0.169934,0.043547,0.479451,-0.876393,0.277401,-0.848523,-0.450109,0.324148,0.149907,-0.095631,-174.083797,-10.359705,-97.807375,-0.978218,-0.19122,0.077772,-0.101369,0.116982,-0.98784,0.179827,-0.974442,-0.13361,0.406747,0.186072,-0.124988,-165.571226,-34.466868,-68.604831,-0.798026,-0.419555,0.43175,-0.205325,-0.484101,-0.850231,0.56593,-0.767479,0.300697,0.277937,-0.162381,-0.097752,-168.790645,-8.454131,-44.428822,-0.969671,0.037732,0.238993,-0.192165,-0.719846,-0.66622,0.147018,-0.692353,0.706297,0.335645,-0.149433,-0.086702,174.064269,-1.257697,-11.525084,-0.994417,-0.105691,0.00073,0.10339,-0.974149,-0.20095,0.021949,-0.199749,0.979601,0.426393,-0.186156,-0.116839,170.100943,-20.248527,132.638152,-0.923477,0.367142,-0.104682,0.161157,0.623886,0.764535,0.346093,0.689704,-0.635063
0.265435,0.161292,-0.100878,177.234382,-15.948024,-118.06206,-0.959954,-0.219459,-0.171709,0.046372,0.481863,-0.874892,0.274765,-0.848189,-0.452169,0.324148,0.149907,-0.095743,-174.083797,-10.359705,-97.807375,-0.978218,-0.19122,0.077772,-0.101369,0.116982,-0.98784,0.179827,-0.974442,-0.13361,0.406636,0.186072,-0.124988,-165.558016,-34.458329,-68.606753,-0.798026,-0.419359,0.431873,-0.205522,-0.484101,-0.850155,0.565807,-0.767555,0.300697,0.277937,-0.162381,-0.097864,-168.82042,-8.466038,-44.430429,-0.970121,0.037297,0.238839,-0.19173,-0.720296,-0.666361,0.147223,-0.692392,0.706297,0.335645,-0.149321,-0.086702,174.077725,-1.255552,-11.510978,-0.994368,-0.105448,0.000767,0.103149,-0.974149,-0.200706,0.021912,-0.199508,0.979651,0.426393,-0.186156,-0.116839,170.08946,-20.232696,132.670147,-0.923514,0.367017,-0.104567,0.161354,0.624284,0.764162,0.345834,0.689404,-0.635499
0.264877,0.161181,-0.100654,177.365951,-16.014783,-118.001908,-0.959946,-0.221741,-0.169982,0.044163,0.480349,-0.875898,0.275885,-0.848516,-0.4512,0.324148,0.149907,-0.095743,-174.103657,-10.360974,-97.804738,-0.978218,-0.191198,0.07743,-0.101026,0.11703,-0.987855,0.179849,-0.974427,-0.133562,0.406636,0.185961,-0.124988,-165.595659,-34.444866,-68.589167,-0.798418,-0.419326,0.431433,-0.205063,-0.484191,-0.850321,0.565613,-0.767635,0.301,0.277937,-0.162381,-0.097752,-168.807062,-8.461706,-44.414882,-0.969941,0.037548,0.238913,-0.191929,-0.720296,-0.666111,0.147148,-0.692192,0.706476,0.335533,-0.149321,-0.08659,174.063528,-1.256225,-11.496717,-0.994319,-0.105689,0.000755,0.103393,-0.974149,-0.200465,0.021923,-0.199264,0.9797,0.426504,-0.186156,-0.116728,170.093004,-20.201905,132.678082,-0.92395,0.366637,-0.104262,0.161371,0.624356,0.764159,0.345329,0.689606,-0.635862
0.264988,0.161181,-0.101212,177.312143,-16.194793,-118.036583,-0.958956,-0.223844,-0.17236,0.04502,0.481262,-0.875331,0.278904,-0.847423,-0.451277,0.324148,0.149907,-0.095631,-174.105266,-10.361878,-97.783531,-0.978175,-0.191182,0.077462,-0.100994,0.116709,-0.987877,0.179865,-0.974449,-0.133198,0.406636,0.186072,-0.124876,-165.560516,-34.42366,-68.610765,-0.798271,-0.418993,0.431587,-0.205548,-0.483798,-0.850243,0.565308,-0.76786,0.300754,0.277825,-0.162381,-0.097752,-168.819851,-8.466917,-44.413824,-0.969941,0.037323,0.238823,-0.191704,-0.720296,-0.666136,0.147238,-0.692167,0.706476,0.335533,-0.149321,-0.08659,174.075955,-1.240917,-11.497483,-0.994319,-0.105422,0.000537,0.103175,-0.974146,-0.20045,0.021656,-0.199278,0.979703,0.426504,-0.186044,-0.116839,170.118083,-20.222432,132.676554,-0.92395,0.366618,-0.104797,0.160955,0.624428,0.7642,0.345666,0.689565,-0.63579
0.2651,0.161404,-0.100654,177.340966,-15.885436,-117.974469,-0.960441,-0.219693,-0.169246,0.044605,0.480005,-0.876033,0.273715,-0.849211,-0.451048,0.324148,0.149796,-0.095743,-174.125128,-10.363144,-97.780897,-0.978175,-0.191161,0.077119,-0.100651,0.116757,-0.987893,0.179886,-0.974433,-0.13315,0.406636,0.185849,-0.124876,-165.618781,-34.406239,-68.602784,-0.79891,-0.419108,0.430812,-0.204846,-0.483737,-0.850665,0.565057,-0.768076,0.300963,0.277825,-0.162381,-0.097752,-168.819851,-8.466917,-44.413824,-0.969941,0.037323,0.238823,-0.191704,-0.720296,-0.666136,0.147238,-0.692167,0.706476,0.335645,-0.149321,-0.086478,174.074189,-1.226282,-11.48399,-0.99427,-0.105396,0.000308,0.1032,-0.974143,-0.200195,0.021401,-0.199048,0.979754,0.426504,-0.186156,-0.116728,170.108158,-20.206929,132.68408,-0.923751,0.366488,-0.104615,0.161085,0.624627,0.763946,0.345412,0.689383,-0.63579
0.264654,0.161627,-0.100766,177.498005,-16.047735,-117.920752,-0.959524,-0.223553,-0.167928,0.041927,0.478852,-0.876721,0.276438,-0.848777,-0.449798,0.324148,0.149796,-0.095743,-174.143731,-10.384371,-97.781273,-0.978175,-0.191482,0.076755,-0.10033,0.116757,-0.98794,0.180251,-0.974385,-0.13315,0.406636,0.185738,-0.124876,-165.645191,-34.423315,-68.59895,-0.79891,-0.419501,0.430566,-0.204454,-0.483737,-0.850816,0.565303,-0.767925,0.300963,0.277825,-0.162381,-0.097752,-168.812747,-8.447793,-44.428785,-0.970121,0.037612,0.238704,-0.191865,-0.720245,-0.666351,0.146908,-0.692402,0.706348,0.335645,-0.149433,-0.086478,174.060361,-1.227687,-11.483915,-0.99427,-0.105638,0.000283,0.103443,-0.974143,-0.200196,0.021426,-0.199047,0.979754,0.426727,-0.186044,-0.116728,170.130792,-20.183369,132.689007,-0.924187,0.365989,-0.104627,0.160785,0.624772,0.763948,0.345026,0.68958,-0.636081
0.264877,0.161404,-0.100989,177.392003,-16.098897,-117.966181,-0.959611,-0.223313,-0.170103,0.04371,0.479725,-0.876277,0.277296,-0.848472,-0.450498,0.324148,0.149907,-0.095743,-174.121464,-10.381713,-97.785346,-0.977854,-0.191495,0.077074,-0.100681,0.11703,-0.987743,0.180205,-0.974219,-0.133198,0.406636,0.185738,-0.124876,-165.657107,-34.415248,-68.626306,-0.799009,-0.419709,0.430139,-0.204302,-0.483193,-0.851145,0.565187,-0.768135,0.300622,0.277825,-0.162381,-0.097752,-168.805076,-8.429549,-44.427142,-0.970121,0.037927,0.238569,-0.192,-0.720194,-0.66634,0.146593,-0.692413,0.706399,0.335533,-0.149433,-0.086478,174.058597,-1.213051,-11.470425,-0.99422,-0.105612,5.3e-05,0.103469,-0.974141,-0.199941,0.02117,-0.198817,0.979806,0.426727,-0.186268,-0.116839,170.087019,-20.188607,132.676586,-0.92395,0.366537,-0.104044,0.161471,0.624356,0.764123,0.345112,0.689642,-0.635862
0.264988,0.161292,-0.100878,177.33392,-16.043009,-118.012365,-0.959451,-0.221841,-0.170754,0.044677,0.480869,-0.875489,0.276359,-0.848094,-0.451175,0.324148,0.149907,-0.095743,-174.121464,-10.381713,-97.785346,-0.977854,-0.191495,0.077074,-0.100681,0.11703,-0.987743,0.180205,-0.974219,-0.133198,0.406524,0.185849,-0.124988,-165.606278,-34.420159,-68.645765,-0.798617,-0.419546,0.430702,-0.204957,-0.483103,-0.850903,0.565257,-0.768131,0.30032,0.277825,-0.162381,-0.097752,-168.805076,-8.429549,-44.427142,-0.970121,0.037927,0.238569,-0.192,-0.720194,-0.66634,0.146593,-0.692413,0.706399,0.335533,-0.149321,-0.086478,174.059994,-1.226951,-11.469733,-0.99422,-0.105637,0.000296,0.103444,-0.974143,-0.199954,0.021413,-0.198804,0.979803,0.426727,-0.186268,-0.116728,170.080518,-20.164552,132.640116,-0.923912,0.366364,-0.103505,0.161572,0.623958,0.764387,0.344718,0.690051,-0.635427
0.264654,0.160846,-0.100878,177.314559,-16.232759,-117.987576,-0.958868,-0.224578,-0.172424,0.044975,0.480468,-0.875797,0.27954,-0.847707,-0.450498,0.324148,0.149796,-0.095855,-174.131554,-10.39282,-97.805305,-0.978218,-0.191679,0.076883,-0.100545,0.11703,-0.987927,0.180396,-0.974355,-0.133562,0.406524,0.185738,-0.124988,-165.6282,-34.432823,-68.626085,-0.798763,-0.419683,0.430671,-0.204669,-0.483496,-0.850906,0.56544,-0.767982,0.300565,0.277713,-0.162381,-0.097752,-168.817863,-8.434762,-44.426087,-0.970121,0.037702,0.238479,-0.191775,-0.720194,-0.666366,0.146683,-0.692387,0.706399,0.335533,-0.149321,-0.086367,174.072426,-1.211647,-11.470498,-0.99422,-0.10537,7.8e-05,0.103226,-0.974141,-0.19994,0.021146,-0.198818,0.979806,0.426839,-0.186491,-0.116616,170.064973,-20.126542,132.651083,-0.924348,0.366101,-0.102883,0.161907,0.623958,0.764378,0.344095,0.690259,-0.635862
