Sensor #1 X,Sensor #1 Y,Sensor #1 Z,"Sensor #1 Euler Angles (Z Y'X"") Z","Sensor #1 Euler Angles (Z Y'X"") Y'","Sensor #1 Euler Angles (Z Y'X"") X""","Sensor #1 Rotation Matrix M0,0","Sensor #1 Rotation Matrix M0,1","Sensor #1 Rotation Matrix M0,2","Sensor #1 Rotation Matrix M1,0","Sensor #1 Rotation Matrix M1,1","Sensor #1 Rotation Matrix M1,2","Sensor #1 Rotation Matrix M2,0","Sensor #1 Rotation Matrix M2,1","Sensor #1 Rotation Matrix M2,2",Sensor #2 X,Sensor #2 Y,Sensor #2 Z,"Sensor #2 Euler Angles (Z Y'X"") Z","Sensor #2 Euler Angles (Z Y'X"") Y'","Sensor #2 Euler Angles (Z Y'X"") X""","Sensor #2 Rotation Matrix M0,0","Sensor #2 Rotation Matrix M0,1","Sensor #2 Rotation Matrix M0,2","Sensor #2 Rotation Matrix M1,0","Sensor #2 Rotation Matrix M1,1","Sensor #2 Rotation Matrix M1,2","Sensor #2 Rotation Matrix M2,0","Sensor #2 Rotation Matrix M2,1","Sensor #2 Rotation Matrix M2,2",Sensor #3 X,Sensor #3 Y,Sensor #3 Z,"Sensor #3 Euler Angles (Z Y'X"") Z","Sensor #3 Euler Angles (Z Y'X"") Y'","Sensor #3 Euler Angles (Z Y'X"") X""","Sensor #3 Rotation Matrix M0,0","Sensor #3 Rotation Matrix M0,1","Sensor #3 Rotation Matrix M0,2","Sensor #3 Rotation Matrix M1,0","Sensor #3 Rotation Matrix M1,1","Sensor #3 Rotation Matrix M1,2","Sensor #3 Rotation Matrix M2,0","Sensor #3 Rotation Matrix M2,1","Sensor #3 Rotation Matrix M2,2",Sensor #4 X,Sensor #4 Y,Sensor #4 Z,"Sensor #4 Euler Angles (Z Y'X"") Z","Sensor #4 Euler Angles (Z Y'X"") Y'","Sensor #4 Euler Angles (Z Y'X"") X""","Sensor #4 Rotation Matrix M0,0","Sensor #4 Rotation Matrix M0,1","Sensor #4 Rotation Matrix M0,2","Sensor #4 Rotation Matrix M1,0","Sensor #4 Rotation Matrix M1,1","Sensor #4 Rotation Matrix M1,2","Sensor #4 Rotation Matrix M2,0","Sensor #4 Rotation Matrix M2,1","Sensor #4 Rotation Matrix M2,2",Sensor #5 X,Sensor #5 Y,Sensor #5 Z,"Sensor #5 Euler Angles (Z Y'X"") Z","Sensor #5 Euler Angles (Z Y'X"") Y'","Sensor #5 Euler Angles (Z Y'X"") X""","Sensor #5 Rotation Matrix M0,0","Sensor #5 Rotation Matrix M0,1","Sensor #5 Rotation Matrix M0,2","Sensor #5 Rotation Matrix M1,0","Sensor #5 Rotation Matrix M1,1","Sensor #5 Rotation Matrix M1,2","Sensor #5 Rotation Matrix M2,0","Sensor #5 Rotation Matrix M2,1","Sensor #5 Rotation Matrix M2,2",Sensor #6 X,Sensor #6 Y,Sensor #6 Z,"Sensor #6 Euler Angles (Z Y'X"") Z","Sensor #6 Euler Angles (Z Y'X"") Y'","Sensor #6 Euler Angles (Z Y'X"") X""","Sensor #6 Rotation Matrix M0,0","Sensor #6 Rotation Matrix M0,1","Sensor #6 Rotation Matrix M0,2","Sensor #6 Rotation Matrix M1,0","Sensor #6 Rotation Matrix M1,1","Sensor #6 Rotation Matrix M1,2","Sensor #6 Rotation Matrix M2,0","Sensor #6 Rotation Matrix M2,1","Sensor #6 Rotation Matrix M2,2"
0.403957,0.153256,-0.187719,-70.60844,-30.199366,130.724252,0.286895,-0.741921,-0.605725,-0.815065,0.143335,-0.560994,0.50301,0.654674,-0.56359,0.4159,0.240209,-0.188947,-108.31263,-17.677999,-162.693524,-0.299297,-0.934593,0.191176,-0.904322,0.214491,-0.368711,0.303667,-0.283341,-0.909342,0.50196,0.21688,-0.232479,-152.776546,-2.293615,-132.129992,-0.888206,-0.333202,0.315227,-0.456935,0.583126,-0.67158,0.04002,-0.740801,-0.67007,0.322027,-0.419333,-0.106012,-125.865941,-56.157166,-56.820829,-0.326044,0.035648,0.944433,-0.450977,-0.883723,-0.122411,0.830568,-0.465933,0.304656,0.364778,-0.395111,-0.090385,-128.222836,-30.515556,-33.879247,-0.532692,0.476559,0.69872,-0.676376,-0.735715,-0.013952,0.507772,-0.480178,0.71514,0.442689,-0.356267,-0.147424,-150.025124,-18.557958,129.809902,-0.820835,-0.108048,-0.560137,-0.47343,0.676966,0.563418,0.318264,0.727943,-0.606712
0.262533,0.163971,-0.10378,174.541764,-18.721102,-121.739379,-0.942361,-0.22166,-0.248981,0.090046,0.549892,-0.830252,0.320962,-0.805167,-0.498046,0.317674,0.154037,-0.096859,-176.562761,-6.785034,-92.146392,-0.990756,-0.120107,0.055442,-0.059508,0.030755,-0.997534,0.118145,-0.992063,-0.037182,0.406524,0.180156,-0.128448,-167.703213,-32.905337,-77.780949,-0.819898,-0.473785,0.320299,-0.178718,-0.319406,-0.930338,0.543253,-0.820364,0.177655,0.271016,-0.168743,-0.100543,-165.530805,-11.381694,-39.934877,-0.9486,0.068729,0.30682,-0.244781,-0.773406,-0.583736,0.197344,-0.629239,0.751631,0.330064,-0.153228,-0.089492,169.555132,-7.408831,-8.762544,-0.974869,-0.198431,0.097719,0.179711,-0.968039,-0.172916,0.128948,-0.151067,0.980073,0.420477,-0.191626,-0.12376,170.484463,-20.831608,142.682816,-0.921157,0.343981,-0.178846,0.154406,0.748919,0.644304,0.355623,0.566256,-0.742855
0.262533,0.163748,-0.104226,174.492683,-18.970445,-121.789374,-0.941208,-0.224475,-0.252039,0.090749,0.550952,-0.829558,0.32508,-0.80375,-0.498139,0.317562,0.153925,-0.096971,-176.551521,-6.794225,-92.168385,-0.990768,-0.120292,0.05559,-0.059704,0.031063,-0.997533,0.118304,-0.992052,-0.037563,0.406412,0.180268,-0.128448,-167.664566,-32.918,-77.819148,-0.819807,-0.473925,0.320719,-0.179278,-0.319312,-0.930361,0.543438,-0.820431,0.177097,0.271016,-0.168855,-0.100543,-165.54917,-11.388267,-39.936958,-0.949055,0.068522,0.306774,-0.244574,-0.773861,-0.583848,0.197457,-0.629285,0.751631,0.330064,-0.153116,-0.089492,169.58514,-7.405987,-8.75112,-0.975313,-0.197957,0.097796,0.179265,-0.968523,-0.172666,0.128899,-0.150873,0.980113,0.420477,-0.191626,-0.12376,170.506704,-20.842547,142.66925,-0.921317,0.34387,-0.179119,0.154065,0.748825,0.644527,0.355801,0.566484,-0.742789
0.262533,0.164195,-0.104338,174.601967,-18.950944,-121.715953,-0.941095,-0.22555,-0.250007,0.088927,0.549664,-0.830504,0.324758,-0.804222,-0.497007,0.317562,0.153925,-0.096971,-176.550372,-6.79365,-92.188605,-0.99078,-0.120302,0.05557,-0.059724,0.031401,-0.997527,0.118294,-0.992046,-0.037913,0.406524,0.180156,-0.128448,-167.715609,-32.914919,-77.779948,-0.819898,-0.473971,0.320159,-0.178533,-0.319406,-0.930407,0.543393,-0.820295,0.177655,0.270904,-0.168855,-0.100543,-165.557109,-11.407407,-39.922716,-0.948897,0.068248,0.306901,-0.244393,-0.773927,-0.583633,0.197784,-0.629045,0.751724,0.330064,-0.153005,-0.089492,169.613758,-7.417655,-8.751637,-0.975313,-0.197493,0.098078,0.178761,-0.968551,-0.172662,0.129101,-0.150878,0.980085,0.420477,-0.191626,-0.123648,170.478627,-20.794036,142.632131,-0.921187,0.343813,-0.178035,0.154507,0.748439,0.644802,0.35501,0.566951,-0.742404
0.262868,0.164083,-0.104784,174.478488,-19.010856,-121.756411,-0.940363,-0.225013,-0.252476,0.090903,0.550933,-0.829397,0.325747,-0.80345,-0.497314,0.31745,0.153925,-0.097082,-176.538779,-6.82271,-92.212426,-0.990792,-0.120831,0.055712,-0.059926,0.031678,-0.997547,0.118798,-0.992014,-0.038325,0.406412,0.180156,-0.12856,-167.689887,-32.935554,-77.795729,-0.819526,-0.474228,0.320461,-0.178837,-0.319312,-0.930314,0.543695,-0.820107,0.177377,0.270904,-0.168743,-0.100543,-165.530894,-11.399323,-39.909522,-0.948738,0.068737,0.30704,-0.244815,-0.773927,-0.58334,0.197646,-0.628884,0.751882,0.329952,-0.153005,-0.089381,169.628636,-7.430475,-8.751361,-0.975313,-0.197271,0.09834,0.1785,-0.968579,-0.172671,0.129323,-0.150869,0.980057,0.4207,-0.191849,-0.123537,170.466684,-20.754736,142.640197,-0.921638,0.343606,-0.177394,0.15478,0.748439,0.644783,0.354368,0.56713,-0.742855
0.262756,0.16386,-0.104449,174.47686,-18.992981,-121.778647,-0.940555,-0.224655,-0.25243,0.090949,0.551182,-0.829251,0.325452,-0.803404,-0.497717,0.31745,0.153925,-0.097082,-176.527528,-6.831893,-92.23444,-0.990804,-0.121017,0.05586,-0.060122,0.031986,-0.997546,0.118957,-0.992002,-0.038706,0.406412,0.180156,-0.12856,-167.705859,-32.96579,-77.781213,-0.819245,-0.47467,0.32039,-0.178537,-0.31945,-0.930291,0.544138,-0.819759,0.17752,0.270904,-0.168743,-0.100543,-165.526399,-11.412623,-39.912923,-0.948738,0.068657,0.307267,-0.244894,-0.773993,-0.583319,0.197873,-0.628904,0.751816,0.329952,-0.153005,-0.089381,169.62516,-7.401194,-8.739355,-0.975273,-0.197217,0.097879,0.178553,-0.968523,-0.172383,0.128816,-0.150674,0.980153,0.420812,-0.19196,-0.123537,170.482971,-20.740044,142.612463,-0.921958,0.343371,-0.177183,0.154565,0.748184,0.645166,0.354129,0.567649,-0.742789
0.262979,0.163637,-0.104561,174.336319,-19.01097,-121.854729,-0.940439,-0.223229,-0.254912,0.093266,0.552732,-0.828017,0.325749,-0.802795,-0.498816,0.31745,0.153814,-0.097194,-176.535783,-6.841119,-92.234869,-0.990466,-0.12118,0.05567,-0.059959,0.032324,-0.997386,0.119117,-0.991812,-0.038706,0.406412,0.180156,-0.12856,-167.707154,-32.951615,-77.813129,-0.819435,-0.474645,0.320088,-0.178559,-0.31894,-0.930498,0.543931,-0.820014,0.177097,0.270904,-0.168632,-0.100543,-165.513068,-11.409185,-39.89825,-0.948579,0.068918,0.307326,-0.245088,-0.773993,-0.583058,0.197814,-0.62871,0.751975,0.329952,-0.152893,-0.089381,169.667533,-7.411714,-8.740676,-0.975273,-0.196512,0.098181,0.177808,-0.968551,-0.172364,0.128998,-0.150692,0.980125,0.4207,-0.19196,-0.123537,170.470503,-20.744821,142.592756,-0.921667,0.343598,-0.177035,0.154722,0.747958,0.645346,0.354207,0.56776,-0.742404
0.261975,0.163525,-0.105901,174.569362,-19.786131,-121.637704,-0.936186,-0.23723,-0.257356,0.089001,0.549793,-0.830399,0.33851,-0.800753,-0.493353,0.317339,0.153814,-0.097194,-176.514064,-6.879932,-92.260521,-0.990478,-0.121885,0.055981,-0.060336,0.03257,-0.997412,0.119789,-0.991774,-0.039149,0.406412,0.180045,-0.12856,-167.694756,-32.942027,-77.814128,-0.819435,-0.474459,0.320228,-0.178744,-0.31894,-0.930429,0.54379,-0.820083,0.177097,0.270904,-0.168632,-0.100543,-165.504082,-11.435786,-39.905061,-0.948579,0.068759,0.307781,-0.245247,-0.774125,-0.583017,0.19827,-0.628751,0.751843,0.329952,-0.15267,-0.089269,169.710135,-7.393772,-8.731118,-0.975717,-0.195775,0.098036,0.17714,-0.969006,-0.172077,0.128688,-0.150535,0.980193,0.4207,-0.191849,-0.123648,170.511358,-20.740765,142.503754,-0.921568,0.343257,-0.17696,0.15403,0.747287,0.646243,0.35414,0.568797,-0.741371
0.262533,0.163748,-0.105677,174.466279,-19.545028,-121.738245,-0.937562,-0.232441,-0.257185,0.090834,0.551274,-0.829253,0.334548,-0.801176,-0.495555,0.317339,0.153702,-0.097417,-176.503604,-6.909566,-92.264162,-0.990478,-0.122405,0.056144,-0.060518,0.032507,-0.997438,0.120303,-0.991747,-0.039211,0.406301,0.180268,-0.128448,-167.638828,-32.938628,-77.834957,-0.819435,-0.474183,0.321021,-0.179582,-0.319217,-0.930268,0.54374,-0.820244,0.176819,0.270904,-0.168632,-0.100543,-165.507536,-11.468229,-39.894236,-0.94842,0.068406,0.308136,-0.245145,-0.774258,-0.582782,0.198825,-0.628531,0.751869,0.329952,-0.152447,-0.089269,169.738763,-7.405448,-8.73165,-0.975717,-0.195311,0.098317,0.176636,-0.969034,-0.172072,0.12889,-0.15054,0.980165,0.420812,-0.192072,-0.123872,170.478183,-20.713084,142.461468,-0.921599,0.343539,-0.17599,0.154584,0.746673,0.64681,0.353688,0.569421,-0.741051
0.262644,0.164529,-0.105677,174.670626,-19.434327,-121.635773,-0.938604,-0.23332,-0.252854,0.087557,0.548764,-0.831289,0.332726,-0.802664,-0.494493,0.317339,0.153702,-0.097529,-176.511819,-6.93898,-92.28628,-0.990491,-0.122929,0.055941,-0.060376,0.032814,-0.997469,0.120812,-0.991704,-0.039593,0.406412,0.180268,-0.128448,-167.617068,-32.941722,-77.844879,-0.819435,-0.474137,0.321347,-0.179909,-0.319356,-0.930223,0.543786,-0.820289,0.17668,0.270793,-0.168632,-0.100543,-165.511437,-11.499474,-39.899571,-0.94842,0.06802,0.308512,-0.245076,-0.774391,-0.582774,0.199359,-0.628539,0.751736,0.329952,-0.152335,-0.089269,169.765063,-7.40183,-8.71909,-0.975677,-0.194814,0.09838,0.176166,-0.969034,-0.171802,0.128827,-0.150327,0.980205,0.421035,-0.192295,-0.123872,170.439945,-20.718099,142.45045,-0.921921,0.344205,-0.175457,0.15527,0.746154,0.647333,0.35377,0.5698,-0.741249
0.262644,0.16386,-0.10724,174.456963,-20.148096,-121.687804,-0.934151,-0.240972,-0.262289,0.090657,0.551301,-0.829296,0.344448,-0.798676,-0.493038,0.317339,0.153702,-0.097529,-176.501715,-6.948738,-92.288092,-0.990491,-0.123104,0.05611,-0.060551,0.032783,-0.997474,0.120981,-0.991699,-0.039624,0.406412,0.18038,-0.128225,-167.585743,-32.879635,-77.852438,-0.819716,-0.473183,0.321514,-0.18044,-0.319079,-0.930084,0.542876,-0.8208,0.176677,0.270793,-0.16852,-0.100543,-165.502453,-11.526084,-39.906405,-0.94842,0.067861,0.308967,-0.245235,-0.774524,-0.582733,0.199814,-0.62858,0.751602,0.32984,-0.152335,-0.089157,169.750106,-7.401654,-8.704132,-0.975637,-0.195042,0.098383,0.176422,-0.969034,-0.171574,0.128824,-0.150071,0.980244,0.420923,-0.192407,-0.123983,170.418726,-20.741647,142.436516,-0.921631,0.344738,-0.175453,0.155572,0.745861,0.647581,0.354155,0.569842,-0.740931
0.262086,0.163971,-0.10657,174.642531,-20.010374,-121.580515,-0.935193,-0.241322,-0.257972,0.087701,0.548823,-0.831237,0.34219,-0.800256,-0.491946,0.317339,0.153702,-0.097641,-176.50995,-6.957957,-92.288532,-0.990153,-0.123267,0.055919,-0.060388,0.033121,-0.997315,0.121141,-0.991508,-0.039624,0.406412,0.18038,-0.128225,-167.57454,-32.908117,-77.850886,-0.819807,-0.473418,0.321978,-0.180628,-0.319728,-0.930085,0.543293,-0.820708,0.17668,0.270793,-0.16852,-0.100543,-165.506945,-11.512779,-39.902987,-0.94842,0.067941,0.30874,-0.245156,-0.774458,-0.582754,0.199586,-0.62856,0.751669,0.32984,-0.152335,-0.089157,169.750106,-7.401654,-8.704132,-0.975637,-0.195042,0.098383,0.176422,-0.969034,-0.171574,0.128824,-0.150071,0.980244,0.420923,-0.192407,-0.123983,170.384983,-20.781913,142.439341,-0.921181,0.345542,-0.175628,0.156054,0.745662,0.647672,0.354812,0.56959,-0.740679
0.262644,0.163302,-0.105008,174.388524,-19.318306,-121.844384,-0.938943,-0.228071,-0.256775,0.092254,0.5527,-0.828198,0.330816,-0.801502,-0.497812,0.317339,0.153814,-0.097641,-176.490436,-6.957912,-92.31015,-0.990503,-0.123289,0.056258,-0.060748,0.03309,-0.997473,0.12114,-0.991687,-0.040006,0.406412,0.180268,-0.128336,-167.626436,-32.929041,-77.835955,-0.819435,-0.473997,0.321161,-0.179768,-0.319217,-0.930199,0.5436,-0.820313,0.176819,0.270793,-0.16852,-0.100543,-165.497386,-11.522936,-39.919006,-0.948124,0.067807,0.308954,-0.245248,-0.774069,-0.582881,0.19976,-0.628728,0.751444,0.32984,-0.152447,-0.089269,169.721399,-7.402619,-8.688375,-0.975598,-0.195511,0.098366,0.17692,-0.969034,-0.17136,0.128841,-0.149801,0.980284,0.420923,-0.192407,-0.123872,170.380116,-20.768105,142.437729,-0.921181,0.345462,-0.175402,0.156135,0.745662,0.647639,0.354587,0.569623,-0.740679
0.262868,0.163637,-0.105677,174.393196,-19.500055,-121.816607,-0.937446,-0.230743,-0.258176,0.09203,0.552794,-0.82804,0.333808,-0.800548,-0.496682,0.317339,0.153814,-0.097641,-176.479891,-6.927326,-92.328508,-0.990516,-0.122786,0.056419,-0.060931,0.033459,-0.99743,0.12061,-0.991718,-0.040326,0.406412,0.180268,-0.128448,-167.624947,-32.970458,-77.871217,-0.819345,-0.474695,0.321159,-0.179771,-0.319124,-0.93043,0.544207,-0.820172,0.176261,0.270793,-0.16852,-0.100543,-165.480006,-11.5316,-39.923923,-0.948124,0.067956,0.309261,-0.245555,-0.774136,-0.582827,0.199908,-0.628782,0.751377,0.32984,-0.152447,-0.089269,169.72373,-7.417917,-8.701467,-0.975637,-0.195545,0.098585,0.176886,-0.969062,-0.171625,0.129106,-0.15002,0.980216,0.420923,-0.192407,-0.123983,170.384983,-20.781913,142.439341,-0.921181,0.345542,-0.175628,0.156054,0.745662,0.647672,0.354812,0.56959,-0.740679
0.262421,0.163748,-0.105454,174.539024,-19.475545,-121.659698,-0.938333,-0.232538,-0.25521,0.089706,0.549599,-0.830553,0.333404,-0.802366,-0.494772,0.317339,0.153814,-0.097641,-176.468615,-6.936493,-92.350572,-0.990529,-0.122972,0.056567,-0.061128,0.033766,-0.997429,0.120769,-0.991706,-0.040708,0.406412,0.18038,-0.128448,-167.583771,-32.959214,-77.880131,-0.818973,-0.47444,0.321556,-0.180306,-0.318891,-0.930175,0.544042,-0.820147,0.176122,0.270793,-0.16852,-0.100543,-165.493329,-11.535041,-39.938588,-0.948283,0.067695,0.309202,-0.24536,-0.774136,-0.583088,0.199967,-0.628976,0.751218,0.32984,-0.152447,-0.089269,169.736354,-7.402799,-8.703332,-0.975637,-0.195283,0.098363,0.176664,-0.969034,-0.171588,0.128844,-0.150057,0.980244,0.420923,-0.192407,-0.123983,170.357797,-20.779895,142.411263,-0.921052,0.345949,-0.17514,0.156482,0.745207,0.648079,0.354779,0.569923,-0.740361
0.26231,0.16386,-0.105454,174.59433,-19.538827,-121.63164,-0.937721,-0.234055,-0.254845,0.088734,0.549246,-0.830803,0.334446,-0.802076,-0.494051,0.317339,0.153814,-0.097641,-176.468986,-6.916616,-92.34872,-0.990529,-0.122627,0.056573,-0.061122,0.033797,-0.997408,0.120425,-0.991727,-0.040677,0.406412,0.18038,-0.12856,-167.608554,-32.978399,-77.878138,-0.818973,-0.474812,0.321275,-0.179935,-0.318891,-0.930313,0.544323,-0.820008,0.176122,0.270793,-0.16852,-0.100543,-165.493329,-11.535041,-39.938588,-0.948283,0.067695,0.309202,-0.24536,-0.774136,-0.583088,0.199967,-0.628976,0.751218,0.329952,-0.152335,-0.089269,169.762732,-7.386537,-8.705992,-0.975637,-0.19478,0.098161,0.1762,-0.969006,-0.171537,0.128563,-0.150108,0.980272,0.420923,-0.192407,-0.124095,170.336513,-20.815347,142.433832,-0.920891,0.346526,-0.175463,0.156807,0.745235,0.64799,0.355357,0.569561,-0.740494
0.262086,0.164083,-0.106459,174.724573,-19.971118,-121.636078,-0.935574,-0.241314,-0.256679,0.086386,0.549219,-0.831119,0.341546,-0.799993,-0.492854,0.317339,0.153814,-0.097641,-176.479094,-6.906864,-92.346908,-0.990529,-0.122452,0.056404,-0.060946,0.033829,-0.997403,0.120256,-0.991732,-0.040645,0.406301,0.18038,-0.12856,-167.602718,-33.011746,-77.873601,-0.818692,-0.475209,0.32153,-0.17996,-0.319169,-0.930245,0.544811,-0.819706,0.176125,0.270793,-0.168408,-0.100431,-165.493329,-11.535041,-39.938588,-0.948283,0.067695,0.309202,-0.24536,-0.774136,-0.583088,0.199967,-0.628976,0.751218,0.330064,-0.152335,-0.089269,169.761605,-7.372565,-8.707054,-0.975637,-0.19476,0.097919,0.17622,-0.968979,-0.171515,0.128321,-0.150131,0.9803,0.420812,-0.192407,-0.124095,170.328915,-20.833983,142.415759,-0.920601,0.346833,-0.175539,0.156883,0.745007,0.648203,0.355661,0.569637,-0.74011
0.262421,0.163637,-0.106235,174.543863,-19.912602,-121.78333,-0.935567,-0.238097,-0.259412,0.089362,0.552076,-0.828889,0.340586,-0.79897,-0.495061,0.317339,0.153814,-0.097641,-176.467472,-6.915715,-92.349135,-0.990191,-0.122622,0.056558,-0.061127,0.034135,-0.997233,0.120409,-0.991551,-0.040677,0.406301,0.18038,-0.12856,-167.563712,-32.998789,-77.866137,-0.818783,-0.474746,0.32223,-0.180565,-0.31968,-0.930014,0.544621,-0.819845,0.176266,0.270793,-0.16852,-0.100431,-165.483762,-11.545195,-39.954615,-0.947987,0.067561,0.309417,-0.245453,-0.773747,-0.583216,0.200141,-0.629145,0.750993,0.330064,-0.152335,-0.089269,169.748979,-7.387682,-8.705195,-0.975637,-0.195022,0.098141,0.176442,-0.969006,-0.171551,0.128582,-0.150094,0.980272,0.420812,-0.192407,-0.123983,170.326737,-20.81045,142.390623,-0.920924,0.346742,-0.175022,0.156974,0.744685,0.648587,0.355277,0.570154,-0.74011
0.262421,0.164083,-0.106459,174.613309,-19.872578,-121.696413,-0.935685,-0.238586,-0.257707,0.088229,0.55061,-0.829925,0.339929,-0.799773,-0.49388,0.317339,0.153925,-0.097529,-176.468195,-6.896152,-92.367123,-0.990542,-0.122293,0.056559,-0.061136,0.034167,-0.997381,0.12007,-0.991741,-0.040996,0.406189,0.180603,-0.12856,-167.5083,-32.993783,-77.865628,-0.818502,-0.4744,0.323046,-0.181333,-0.319958,-0.929667,0.544548,-0.819821,0.176269,0.270793,-0.16852,-0.100431,-165.501585,-11.535339,-39.965859,-0.948145,0.06738,0.30913,-0.245179,-0.773681,-0.583497,0.199972,-0.629318,0.750901,0.329952,-0.152447,-0.089269,169.73643,-7.390151,-8.718555,-0.975677,-0.195278,0.098098,0.17667,-0.969006,-0.171807,0.128625,-0.150322,0.980233,0.4207,-0.192518,-0.124095,170.274493,-20.841874,142.396115,-0.920473,0.347691,-0.174889,0.157761,0.744418,0.648681,0.35579,0.5699,-0.739927
0.262533,0.163413,-0.105454,174.430715,-19.572162,-121.797724,-0.937485,-0.232217,-0.258172,0.091414,0.552235,-0.828586,0.334994,-0.800616,-0.496359,0.317339,0.153925,-0.097529,-176.4573,-6.885437,-92.38734,-0.990555,-0.122134,0.056713,-0.061326,0.034504,-0.997359,0.119885,-0.99175,-0.041347,0.406189,0.180603,-0.128671,-167.482009,-33.016007,-77.902972,-0.818412,-0.474727,0.323324,-0.181707,-0.319865,-0.929759,0.544873,-0.81982,0.17571,0.270793,-0.16852,-0.100431,-165.514907,-11.538789,-39.98053,-0.948304,0.067119,0.309071,-0.244985,-0.773681,-0.583758,0.200031,-0.629513,0.750742,0.329952,-0.152447,-0.089381,169.723808,-7.40527,-8.716692,-0.975677,-0.195539,0.09832,0.176892,-0.969034,-0.171844,0.128887,-0.150285,0.980205,0.420588,-0.192407,-0.124206,170.264103,-20.904849,142.398108,-0.920023,0.34843,-0.175594,0.157856,0.744284,0.648804,0.356817,0.569615,-0.73961
0.262756,0.163748,-0.105789,174.489137,-19.637884,-121.787774,-0.937293,-0.233744,-0.257851,0.09043,0.551884,-0.828953,0.336074,-0.80044,-0.496057,0.317339,0.153925,-0.097529,-176.447945,-6.855435,-92.385457,-0.990555,-0.121621,0.056895,-0.061488,0.034535,-0.997322,0.119365,-0.991787,-0.041316,0.406301,0.180603,-0.12856,-167.478987,-32.993728,-77.894998,-0.818412,-0.474401,0.323279,-0.181752,-0.319726,-0.929666,0.544547,-0.819913,0.175849,0.270793,-0.16852,-0.100543,-165.518226,-11.553594,-39.995064,-0.948008,0.066758,0.309207,-0.24485,-0.773293,-0.583919,0.200284,-0.629648,0.750516,0.330064,-0.152558,-0.089381,169.696232,-7.420208,-8.699865,-0.975637,-0.196029,0.098546,0.17737,-0.969062,-0.171653,0.129145,-0.149992,0.980216,0.420477,-0.192518,-0.124095,170.24386,-20.952069,142.433364,-0.9197,0.349052,-0.176175,0.158135,0.744472,0.648525,0.357587,0.568994,-0.739744
0.262421,0.163971,-0.105566,174.623425,-19.549687,-121.728857,-0.937601,-0.234046,-0.254916,0.088243,0.55061,-0.829926,0.334624,-0.801115,-0.495337,0.31745,0.154037,-0.097417,-176.437823,-6.804971,-92.401996,-0.990568,-0.120774,0.057063,-0.061665,0.034935,-0.997259,0.11849,-0.991837,-0.041605,0.406412,0.180491,-0.128448,-167.506115,-32.958889,-77.910951,-0.818973,-0.474119,0.322675,-0.18147,-0.319308,-0.929967,0.544037,-0.820355,0.175705,0.270904,-0.16852,-0.100431,-165.523168,-11.539099,-40.007809,-0.948167,0.066805,0.308999,-0.244804,-0.773226,-0.584167,0.200037,-0.629855,0.750424,0.330064,-0.152558,-0.089492,169.681125,-7.435845,-8.711019,-0.975193,-0.196282,0.09873,0.177555,-0.968607,-0.171912,0.129416,-0.150177,0.980149,0.420365,-0.192295,-0.123983,170.262363,-20.960944,142.430766,-0.9197,0.348907,-0.176481,0.157829,0.744539,0.648523,0.357731,0.568996,-0.739677
0.262533,0.164083,-0.104338,174.627375,-18.996906,-121.730178,-0.940864,-0.226373,-0.250092,0.088484,0.549837,-0.830434,0.325517,-0.803869,-0.497065,0.31745,0.153925,-0.097306,-176.459553,-6.786371,-92.397981,-0.990906,-0.120428,0.056741,-0.061309,0.034659,-0.997424,0.118168,-0.992023,-0.041543,0.406524,0.180603,-0.128336,-167.468971,-32.93012,-77.913935,-0.818973,-0.473562,0.323096,-0.182027,-0.319308,-0.929759,0.543616,-0.820563,0.175705,0.270904,-0.168632,-0.100431,-165.549375,-11.547211,-40.020992,-0.948327,0.066316,0.308861,-0.244382,-0.773226,-0.584461,0.200175,-0.630015,0.750265,0.330064,-0.15267,-0.089604,169.668585,-7.438325,-8.724375,-0.975233,-0.196537,0.098688,0.177782,-0.968607,-0.172168,0.129459,-0.150404,0.980109,0.420365,-0.192407,-0.123983,170.225265,-20.955057,142.472452,-0.919829,0.34924,-0.176197,0.158464,0.744727,0.64819,0.357636,0.568588,-0.740262
0.261863,0.164641,-0.105677,174.949518,-19.643763,-121.512477,-0.937736,-0.239443,-0.250093,0.082874,0.546126,-0.833485,0.336171,-0.802641,-0.4921,0.31745,0.153925,-0.097306,-176.470042,-6.756753,-92.394367,-0.990906,-0.119908,0.056578,-0.061126,0.034721,-0.997398,0.117654,-0.992049,-0.041481,0.406524,0.180491,-0.128336,-167.493733,-32.949298,-77.911946,-0.818973,-0.473933,0.322815,-0.181656,-0.319308,-0.929898,0.543897,-0.820424,0.175705,0.270904,-0.168632,-0.100431,-165.54981,-11.54602,-40.037164,-0.948486,0.066283,0.308881,-0.244416,-0.773226,-0.584688,0.200155,-0.630243,0.750106,0.330064,-0.15267,-0.089604,169.643433,-7.455931,-8.735854,-0.975273,-0.197055,0.098866,0.178232,-0.968635,-0.172461,0.129764,-0.150595,0.980041,0.420365,-0.192518,-0.124095,170.200152,-21.011236,142.466184,-0.919539,0.350159,-0.176563,0.15883,0.744365,0.648542,0.358551,0.568526,-0.740013
0.261975,0.163748,-0.105789,174.667046,-19.789787,-121.651343,-0.936186,-0.238148,-0.256032,0.08739,0.549666,-0.83062,0.33857,-0.800533,-0.49348,0.31745,0.154037,-0.097194,-176.460693,-6.726756,-92.39251,-0.990906,-0.119395,0.05676,-0.061289,0.034752,-0.997362,0.117135,-0.992085,-0.041451,0.406524,0.180603,-0.128448,-167.4631,-32.963467,-77.909443,-0.818692,-0.473959,0.32335,-0.182053,-0.319586,-0.929689,0.544104,-0.820261,0.175707,0.270904,-0.168632,-0.100543,-165.552698,-11.562025,-40.035527,-0.948031,0.065956,0.308996,-0.244247,-0.772838,-0.584622,0.200429,-0.63015,0.750039,0.330064,-0.152781,-0.089715,169.645781,-7.47124,-8.748942,-0.975313,-0.197089,0.099085,0.178198,-0.968663,-0.172726,0.130029,-0.150814,0.979973,0.420142,-0.192295,-0.123983,170.197371,-21.020926,142.489761,-0.919217,0.350169,-0.176855,0.15882,0.744686,0.648125,0.358709,0.568042,-0.740013
0.261751,0.163637,-0.105119,174.730525,-19.58215,-121.62346,-0.937761,-0.236004,-0.253206,0.08649,0.548576,-0.831504,0.335158,-0.801986,-0.493838,0.31745,0.154037,-0.097082,-176.442739,-6.687229,-92.37037,-0.990893,-0.118702,0.057138,-0.0616,0.034445,-0.997318,0.116449,-0.992142,-0.041069,0.406524,0.180491,-0.128336,-167.4631,-32.963467,-77.909443,-0.818692,-0.473959,0.32335,-0.182053,-0.319586,-0.929689,0.544104,-0.820261,0.175707,0.271016,-0.168632,-0.100543,-165.540245,-11.556179,-40.053196,-0.94819,0.06615,0.309096,-0.244508,-0.772838,-0.584816,0.200329,-0.630411,0.74988,0.330064,-0.152893,-0.089827,169.633082,-7.499002,-8.731826,-0.975273,-0.197356,0.099572,0.178414,-0.96872,-0.172545,0.130509,-0.150511,0.979956,0.419807,-0.192072,-0.123872,170.227694,-21.080988,142.515669,-0.918896,0.350275,-0.178129,0.158263,0.745076,0.647807,0.359687,0.567459,-0.739946
0.26164,0.164083,-0.104115,174.861248,-19.197419,-121.598094,-0.939991,-0.231982,-0.247902,0.084533,0.547294,-0.8325,0.328824,-0.803982,-0.494576,0.31745,0.154037,-0.096971,-176.445362,-6.628504,-92.364527,-0.991231,-0.117674,0.057173,-0.061575,0.034198,-0.997432,0.115431,-0.992379,-0.040978,0.406412,0.180491,-0.128336,-167.462063,-33.003259,-77.923381,-0.818321,-0.474588,0.323371,-0.181986,-0.319494,-0.929735,0.544687,-0.819934,0.175429,0.271128,-0.168632,-0.100543,-165.544756,-11.54288,-40.049773,-0.94819,0.066229,0.308868,-0.244429,-0.772771,-0.584836,0.200101,-0.630391,0.749946,0.330175,-0.152893,-0.089939,169.632856,-7.527466,-8.742703,-0.974829,-0.197387,0.100018,0.178337,-0.968293,-0.172813,0.131001,-0.150687,0.979859,0.419807,-0.19196,-0.123872,170.253797,-21.071236,142.531074,-0.919185,0.349822,-0.178359,0.157882,0.745371,0.647591,0.359528,0.567385,-0.740262
0.262533,0.164864,-0.104338,174.821503,-18.92742,-121.691405,-0.941828,-0.227445,-0.246516,0.085357,0.548253,-0.831881,0.32437,-0.804724,-0.496841,0.31745,0.154037,-0.096859,-176.436007,-6.598515,-92.36269,-0.991231,-0.11716,0.057355,-0.061738,0.034229,-0.997397,0.114911,-0.992414,-0.040947,0.406412,0.180491,-0.12856,-167.44731,-33.047704,-77.906483,-0.817759,-0.475055,0.323835,-0.182082,-0.319912,-0.929504,0.545337,-0.819423,0.175572,0.271128,-0.168743,-0.100543,-165.550245,-11.54483,-40.053338,-0.948645,0.06625,0.308901,-0.244449,-0.773226,-0.584916,0.200135,-0.63047,0.749946,0.330175,-0.153005,-0.09005,169.605265,-7.542403,-8.725839,-0.974789,-0.197877,0.100243,0.178815,-0.968322,-0.172623,0.13126,-0.150394,0.979871,0.419807,-0.19196,-0.123648,170.231333,-21.072164,142.581187,-0.919154,0.349974,-0.178415,0.158248,0.745786,0.647032,0.359544,0.566754,-0.740779
0.262086,0.164083,-0.102887,174.784105,-18.581322,-121.662471,-0.943597,-0.222358,-0.243956,0.086138,0.547603,-0.832199,0.31865,-0.806556,-0.49741,0.31745,0.154037,-0.096859,-176.455841,-6.59889,-92.360965,-0.991231,-0.117154,0.057011,-0.061393,0.034259,-0.997407,0.114918,-0.992404,-0.040917,0.406412,0.180491,-0.12856,-167.44731,-33.047704,-77.906483,-0.817759,-0.475055,0.323835,-0.182082,-0.319912,-0.929504,0.545337,-0.819423,0.175572,0.271128,-0.168743,-0.100543,-165.557643,-11.547536,-40.04828,-0.94819,0.066002,0.308788,-0.244201,-0.772771,-0.58487,0.200181,-0.630357,0.749946,0.330175,-0.153005,-0.090162,169.619014,-7.541252,-8.726654,-0.974789,-0.197635,0.100263,0.178573,-0.968322,-0.172609,0.13124,-0.150408,0.979871,0.419695,-0.191849,-0.12376,170.252042,-21.092711,142.567313,-0.918703,0.349876,-0.17891,0.157828,0.745853,0.646983,0.359878,0.566642,-0.740262
0.261975,0.163971,-0.103333,174.765069,-18.783797,-121.650666,-0.942522,-0.225069,-0.245935,0.086356,0.547718,-0.832123,0.321998,-0.805748,-0.496682,0.31745,0.154037,-0.096859,-176.445736,-6.608636,-92.362726,-0.991231,-0.117329,0.05718,-0.061569,0.034229,-0.997412,0.115087,-0.992399,-0.040947,0.406301,0.180491,-0.128671,-167.458401,-33.071545,-77.873629,-0.817569,-0.475265,0.323997,-0.181874,-0.320423,-0.929366,0.545686,-0.819099,0.175994,0.271128,-0.168743,-0.100543,-165.563128,-11.549486,-40.051845,-0.948645,0.066022,0.308822,-0.244221,-0.773226,-0.584949,0.200214,-0.630437,0.749946,0.330287,-0.153005,-0.09005,169.619014,-7.541252,-8.726654,-0.974789,-0.197635,0.100263,0.178573,-0.968322,-0.172609,0.13124,-0.150408,0.979871,0.419695,-0.191626,-0.123983,170.289063,-21.110516,142.562091,-0.918703,0.349586,-0.179521,0.157217,0.745987,0.646979,0.360168,0.566647,-0.740127
0.262198,0.16386,-0.104115,174.693712,-19.054879,-121.652098,-0.940984,-0.22818,-0.249313,0.087397,0.548313,-0.831648,0.326474,-0.804494,-0.495937,0.31745,0.154037,-0.096859,-176.455462,-6.598607,-92.341137,-0.99088,-0.117139,0.057016,-0.061378,0.034259,-0.997238,0.114913,-0.992235,-0.040566,0.406412,0.180491,-0.128671,-167.424237,-33.065055,-77.884631,-0.817569,-0.475034,0.324463,-0.182385,-0.320562,-0.92925,0.545591,-0.819215,0.175854,0.271128,-0.168743,-0.100543,-165.575581,-11.55533,-40.034178,-0.948486,0.065828,0.308722,-0.243961,-0.773226,-0.584755,0.200314,-0.630176,0.750106,0.330175,-0.153005,-0.09005,169.604133,-7.528429,-8.726915,-0.974789,-0.197857,0.100002,0.178835,-0.968293,-0.1726,0.131018,-0.150417,0.979899,0.419807,-0.191737,-0.123983,170.265542,-21.099683,142.5996,-0.918833,0.349693,-0.179319,0.157628,0.746241,0.646611,0.359992,0.566274,-0.740645
0.262533,0.163525,-0.103668,174.513131,-18.849673,-121.798243,-0.94163,-0.222928,-0.250737,0.090451,0.551008,-0.829476,0.323086,-0.804062,-0.498505,0.317562,0.154037,-0.096859,-176.455462,-6.598607,-92.341137,-0.99088,-0.117139,0.057016,-0.061378,0.034259,-0.997238,0.114913,-0.992235,-0.040566,0.406412,0.180491,-0.12856,-167.429053,-33.071482,-77.903045,-0.817479,-0.475266,0.32423,-0.182293,-0.320191,-0.929365,0.545685,-0.81919,0.175574,0.271128,-0.168743,-0.100543,-165.575581,-11.55533,-40.034178,-0.948486,0.065828,0.308722,-0.243961,-0.773226,-0.584755,0.200314,-0.630176,0.750106,0.330287,-0.153005,-0.09005,169.602908,-7.527087,-8.712755,-0.97475,-0.197842,0.100025,0.178849,-0.968293,-0.172358,0.130995,-0.150175,0.979939,0.419807,-0.191626,-0.124095,170.284982,-21.155033,142.606154,-0.918833,0.350014,-0.18022,0.157307,0.746241,0.646745,0.360893,0.56614,-0.740645
0.261305,0.164306,-0.103222,175.013303,-18.831455,-121.479158,-0.942583,-0.22883,-0.242057,0.082245,0.544322,-0.834753,0.322785,-0.806978,-0.494113,0.31745,0.154149,-0.096859,-176.445356,-6.608353,-92.342898,-0.99088,-0.117314,0.057185,-0.061553,0.034229,-0.997243,0.115082,-0.99223,-0.040596,0.406412,0.180491,-0.12856,-167.398396,-33.08567,-77.900628,-0.817198,-0.475291,0.324765,-0.182689,-0.320471,-0.929157,0.545892,-0.819027,0.175575,0.271128,-0.168743,-0.100543,-165.566771,-11.538563,-40.016081,-0.948327,0.066168,0.308554,-0.244075,-0.773159,-0.584515,0.200027,-0.629962,0.750331,0.330287,-0.153116,-0.09005,169.603001,-7.514456,-8.727992,-0.974789,-0.197837,0.09976,0.178855,-0.968265,-0.172576,0.130776,-0.15044,0.979928,0.419695,-0.191737,-0.124095,170.263827,-21.143925,142.595866,-0.918382,0.350126,-0.179878,0.157579,0.746174,0.646667,0.360712,0.566057,-0.740262
0.262421,0.163748,-0.104115,174.57937,-19.003378,-121.748711,-0.941055,-0.22594,-0.250911,0.089298,0.550126,-0.830236,0.325624,-0.803876,-0.497429,0.317562,0.154149,-0.096859,-176.437117,-6.59911,-92.342449,-0.991218,-0.11715,0.057375,-0.061717,0.033891,-0.997403,0.114922,-0.992421,-0.040596,0.406412,0.180491,-0.12856,-167.401425,-33.107964,-77.908639,-0.817198,-0.475617,0.32481,-0.182644,-0.32061,-0.92925,0.546218,-0.818934,0.175435,0.271128,-0.168743,-0.100543,-165.553883,-11.53391,-40.017573,-0.948327,0.066396,0.308633,-0.244303,-0.773159,-0.584481,0.199948,-0.629995,0.750331,0.330287,-0.153116,-0.09005,169.603001,-7.514456,-8.727992,-0.974789,-0.197837,0.09976,0.178855,-0.968265,-0.172576,0.130776,-0.15044,0.979928,0.419584,-0.191626,-0.124095,170.266475,-21.146122,142.608768,-0.918833,0.350159,-0.179914,0.157612,0.746174,0.646747,0.360748,0.566138,-0.740712
0.26231,0.164083,-0.10378,174.718539,-18.872009,-121.666254,-0.942059,-0.225798,-0.247431,0.087085,0.548181,-0.831769,0.323455,-0.805257,-0.496682,0.31745,0.15426,-0.096859,-176.416895,-6.598458,-92.32435,-0.990867,-0.117141,0.057725,-0.062047,0.03386,-0.997224,0.11491,-0.992262,-0.040276,0.406412,0.180603,-0.128448,-167.371825,-33.082355,-77.892229,-0.817289,-0.475014,0.325325,-0.183108,-0.320982,-0.928995,0.545844,-0.819098,0.175716,0.271239,-0.168743,-0.100543,-165.558391,-11.52061,-40.014157,-0.948327,0.066475,0.308406,-0.244223,-0.773093,-0.584502,0.19972,-0.629975,0.750398,0.330287,-0.153116,-0.09005,169.619337,-7.500152,-8.731016,-0.975273,-0.197598,0.099552,0.178656,-0.96872,-0.172559,0.130529,-0.150497,0.979956,0.419584,-0.191626,-0.124095,170.272359,-21.171739,142.62305,-0.918672,0.350284,-0.180398,0.157488,0.746334,0.646589,0.361165,0.565845,-0.740712
0.262198,0.164641,-0.104784,174.845182,-19.225757,-121.513283,-0.939885,-0.232597,-0.248033,0.084789,0.546115,-0.833268,0.329291,-0.804627,-0.493333,0.31745,0.15426,-0.096859,-176.426629,-6.608575,-92.324386,-0.990867,-0.11731,0.057549,-0.061878,0.03386,-0.997239,0.115086,-0.992247,-0.040276,0.406412,0.180603,-0.12856,-167.375331,-33.103044,-77.878814,-0.817008,-0.47527,0.325393,-0.182992,-0.321121,-0.928903,0.546146,-0.818819,0.175856,0.271239,-0.168743,-0.100543,-165.557956,-11.5218,-39.997987,-0.948167,0.066509,0.308385,-0.24419,-0.773093,-0.584274,0.199741,-0.629747,0.750557,0.330287,-0.153116,-0.089939,169.618205,-7.486178,-8.732092,-0.975273,-0.197578,0.09931,0.178676,-0.968692,-0.172536,0.130287,-0.15052,0.979984,0.419695,-0.191626,-0.124095,170.282174,-21.16475,142.6298,-0.918512,0.350023,-0.180512,0.157298,0.746562,0.646328,0.361051,0.565656,-0.740645
0.261863,0.163637,-0.103668,174.696643,-19.008266,-121.617327,-0.941025,-0.227693,-0.248736,0.087352,0.547871,-0.831884,0.325705,-0.804871,-0.495495,0.31745,0.15426,-0.096859,-176.437859,-6.619571,-92.324011,-0.991205,-0.117484,0.057389,-0.061704,0.033522,-0.99743,0.115276,-0.992407,-0.040276,0.406524,0.180715,-0.128448,-167.389027,-33.098367,-77.909641,-0.817198,-0.475432,0.324951,-0.18283,-0.32061,-0.92918,0.546078,-0.819004,0.175435,0.271239,-0.168743,-0.100543,-165.563439,-11.523746,-40.00155,-0.948622,0.066529,0.308419,-0.24421,-0.773547,-0.584354,0.199774,-0.629827,0.750557,0.330287,-0.153116,-0.09005,169.617074,-7.472205,-8.733168,-0.975273,-0.197558,0.099068,0.178696,-0.968663,-0.172513,0.130045,-0.150544,0.980013,0.419695,-0.191737,-0.124206,170.254872,-21.174601,142.638314,-0.918512,0.350473,-0.180352,0.157749,0.746427,0.646399,0.361211,0.565584,-0.740779
0.261975,0.164083,-0.10378,174.805681,-18.955692,-121.606596,-0.941719,-0.228059,-0.246651,0.085609,0.547077,-0.832649,0.324837,-0.805371,-0.495595,0.31745,0.15426,-0.096971,-176.46557,-6.609012,-92.361001,-0.991231,-0.117323,0.056835,-0.061224,0.034259,-0.997422,0.115093,-0.992389,-0.040917,0.406524,0.180603,-0.128336,-167.427752,-33.085737,-77.8712,-0.817289,-0.47529,0.324532,-0.18227,-0.320702,-0.929158,0.545893,-0.818936,0.175995,0.271128,-0.168743,-0.100543,-165.563006,-11.524937,-39.985382,-0.948463,0.066562,0.308398,-0.244177,-0.773547,-0.584126,0.199794,-0.629599,0.750716,0.330398,-0.153005,-0.089939,169.643433,-7.455931,-8.735854,-0.975273,-0.197055,0.098866,0.178232,-0.968635,-0.172461,0.129764,-0.150595,0.980041,0.419695,-0.191849,-0.124318,170.25213,-21.207077,142.62196,-0.918222,0.350861,-0.180653,0.157744,0.7462,0.646648,0.36174,0.565626,-0.740396
0.262086,0.164083,-0.104003,174.776194,-19.01507,-121.713798,-0.941135,-0.228133,-0.248023,0.086044,0.548947,-0.831318,0.325817,-0.804021,-0.496841,0.317339,0.154372,-0.097417,-176.72649,-6.425505,-92.726648,-0.991851,-0.114324,0.051695,-0.05673,0.041351,-0.997415,0.111911,-0.992464,-0.047266,0.406412,0.180603,-0.128448,-167.407534,-33.100134,-77.95891,-0.817298,-0.475825,0.324274,-0.182575,-0.319728,-0.929573,0.546104,-0.819164,0.174733,0.271128,-0.168743,-0.100543,-165.572556,-11.51477,-39.969364,-0.948759,0.066695,0.308184,-0.244084,-0.773936,-0.583999,0.199621,-0.629431,0.750942,0.330287,-0.153005,-0.089827,169.666163,-7.435659,-8.696058,-0.975154,-0.196509,0.098734,0.17781,-0.968607,-0.171685,0.129413,-0.149921,0.980188,0.419695,-0.19196,-0.12443,170.248384,-21.227783,142.592961,-0.918092,0.351205,-0.180694,0.157784,0.745812,0.647087,0.362077,0.565927,-0.740013
0.26164,0.164195,-0.104896,175.090842,-19.422251,-122.260239,-0.939457,-0.234476,-0.249212,0.080691,0.555974,-0.827227,0.332527,-0.797394,-0.503317,0.31745,0.154372,-0.098199,-177.201471,-5.963096,-93.892938,-0.993008,-0.106846,0.041626,-0.048541,0.063133,-0.996639,0.103888,-0.992083,-0.067511,0.406078,0.180715,-0.128783,-167.334129,-33.120076,-78.398341,-0.816818,-0.47819,0.321837,-0.183567,-0.313196,-0.93156,0.546395,-0.820265,0.168401,0.271128,-0.168743,-0.100543,-165.615837,-11.526084,-39.844365,-0.948855,0.066647,0.307735,-0.243345,-0.775235,-0.582503,0.199814,-0.627762,0.752278,0.330287,-0.152893,-0.089827,169.731532,-7.40699,-8.590135,-0.975806,-0.195214,0.098802,0.176779,-0.969546,-0.169696,0.128917,-0.148119,0.980531,0.419695,-0.191737,-0.12443,170.297866,-21.240817,142.607351,-0.918382,0.350687,-0.181455,0.157017,0.746174,0.646902,0.362289,0.565822,-0.740262
0.262421,0.166092,-0.107352,175.236187,-19.631915,-124.098186,-0.938132,-0.230665,-0.256487,0.07818,0.582049,-0.809265,0.335976,-0.779625,-0.52781,0.31745,0.154149,-0.099985,-177.878891,-5.336993,-95.969962,-0.994732,-0.096298,0.027122,-0.036842,0.100749,-0.994116,0.093013,-0.990127,-0.103542,0.406301,0.180715,-0.12856,-167.35482,-32.712856,-79.306072,-0.820813,-0.477579,0.312881,-0.184153,-0.297122,-0.936803,0.540429,-0.826698,0.156116,0.271239,-0.169078,-0.101436,-166.213115,-12.027658,-38.174349,-0.94943,0.062132,0.306332,-0.232972,-0.7937,-0.561205,0.208384,-0.604455,0.768834,0.330287,-0.152893,-0.090943,169.982161,-6.849246,-7.197464,-0.977413,-0.187245,0.094723,0.172658,-0.974082,-0.143958,0.119257,-0.124395,0.985037,0.419807,-0.192407,-0.124095,170.330027,-21.190823,142.959763,-0.918605,0.348627,-0.183367,0.156525,0.750476,0.641993,0.361475,0.56135,-0.74385
0.261863,0.166315,-0.110365,174.511553,-19.513909,-126.765787,-0.937901,-0.209099,-0.275643,0.090119,0.621568,-0.778079,0.334036,-0.754855,-0.564001,0.316781,0.155265,-0.103333,-178.560882,-4.704733,-98.234547,-0.995874,-0.084748,0.013082,-0.025019,0.141548,-0.989424,0.082021,-0.986105,-0.142707,0.405854,0.181273,-0.129899,-167.281099,-32.524977,-80.665666,-0.822235,-0.48187,0.302206,-0.185584,-0.274761,-0.943283,0.537667,-0.831881,0.136738,0.271239,-0.169748,-0.102887,-166.751902,-12.470234,-36.216013,-0.950237,0.060654,0.304955,-0.223718,-0.81436,-0.535182,0.215932,-0.57688,0.787745,0.329952,-0.153116,-0.092952,170.601527,-5.811994,-5.426575,-0.981282,-0.17198,0.084016,0.162423,-0.980368,-0.109761,0.101265,-0.094084,0.9904,0.420142,-0.193077,-0.125211,170.727196,-21.443053,143.901491,-0.918177,0.342688,-0.196682,0.14991,0.762883,0.628835,0.365576,0.548153,-0.751746
