Sensor #1 X,Sensor #1 Y,Sensor #1 Z,"Sensor #1 Euler Angles (Z Y'X"") Z","Sensor #1 Euler Angles (Z Y'X"") Y'","Sensor #1 Euler Angles (Z Y'X"") X""","Sensor #1 Rotation Matrix M0,0","Sensor #1 Rotation Matrix M0,1","Sensor #1 Rotation Matrix M0,2","Sensor #1 Rotation Matrix M1,0","Sensor #1 Rotation Matrix M1,1","Sensor #1 Rotation Matrix M1,2","Sensor #1 Rotation Matrix M2,0","Sensor #1 Rotation Matrix M2,1","Sensor #1 Rotation Matrix M2,2",Sensor #2 X,Sensor #2 Y,Sensor #2 Z,"Sensor #2 Euler Angles (Z Y'X"") Z","Sensor #2 Euler Angles (Z Y'X"") Y'","Sensor #2 Euler Angles (Z Y'X"") X""","Sensor #2 Rotation Matrix M0,0","Sensor #2 Rotation Matrix M0,1","Sensor #2 Rotation Matrix M0,2","Sensor #2 Rotation Matrix M1,0","Sensor #2 Rotation Matrix M1,1","Sensor #2 Rotation Matrix M1,2","Sensor #2 Rotation Matrix M2,0","Sensor #2 Rotation Matrix M2,1","Sensor #2 Rotation Matrix M2,2",Sensor #3 X,Sensor #3 Y,Sensor #3 Z,"Sensor #3 Euler Angles (Z Y'X"") Z","Sensor #3 Euler Angles (Z Y'X"") Y'","Sensor #3 Euler Angles (Z Y'X"") X""","Sensor #3 Rotation Matrix M0,0","Sensor #3 Rotation Matrix M0,1","Sensor #3 Rotation Matrix M0,2","Sensor #3 Rotation Matrix M1,0","Sensor #3 Rotation Matrix M1,1","Sensor #3 Rotation Matrix M1,2","Sensor #3 Rotation Matrix M2,0","Sensor #3 Rotation Matrix M2,1","Sensor #3 Rotation Matrix M2,2",Sensor #4 X,Sensor #4 Y,Sensor #4 Z,"Sensor #4 Euler Angles (Z Y'X"") Z","Sensor #4 Euler Angles (Z Y'X"") Y'","Sensor #4 Euler Angles (Z Y'X"") X""","Sensor #4 Rotation Matrix M0,0","Sensor #4 Rotation Matrix M0,1","Sensor #4 Rotation Matrix M0,2","Sensor #4 Rotation Matrix M1,0","Sensor #4 Rotation Matrix M1,1","Sensor #4 Rotation Matrix M1,2","Sensor #4 Rotation Matrix M2,0","Sensor #4 Rotation Matrix M2,1","Sensor #4 Rotation Matrix M2,2",Sensor #5 X,Sensor #5 Y,Sensor #5 Z,"Sensor #5 Euler Angles (Z Y'X"") Z","Sensor #5 Euler Angles (Z Y'X"") Y'","Sensor #5 Euler Angles (Z Y'X"") X""","Sensor #5 Rotation Matrix M0,0","Sensor #5 Rotation Matrix M0,1","Sensor #5 Rotation Matrix M0,2","Sensor #5 Rotation Matrix M1,0","Sensor #5 Rotation Matrix M1,1","Sensor #5 Rotation Matrix M1,2","Sensor #5 Rotation Matrix M2,0","Sensor #5 Rotation Matrix M2,1","Sensor #5 Rotation Matrix M2,2",Sensor #6 X,Sensor #6 Y,Sensor #6 Z,"Sensor #6 Euler Angles (Z Y'X"") Z","Sensor #6 Euler Angles (Z Y'X"") Y'","Sensor #6 Euler Angles (Z Y'X"") X""","Sensor #6 Rotation Matrix M0,0","Sensor #6 Rotation Matrix M0,1","Sensor #6 Rotation Matrix M0,2","Sensor #6 Rotation Matrix M1,0","Sensor #6 Rotation Matrix M1,1","Sensor #6 Rotation Matrix M1,2","Sensor #6 Rotation Matrix M2,0","Sensor #6 Rotation Matrix M2,1","Sensor #6 Rotation Matrix M2,2"
0.0,0.0,0.0,0.0,0.0,0.0,0.0,0.0,0.0,0.0,0.0,0.0,0.0,0.0,0.0,0.0,0.0,0.0,0.0,0.0,0.0,0.0,0.0,0.0,0.0,0.0,0.0,0.0,0.0,0.0,0.0,0.0,0.0,0.0,0.0,0.0,0.0,0.0,0.0,0.0,0.0,0.0,0.0,0.0,0.0,0.0,0.0,0.0,0.0,0.0,0.0,0.0,0.0,0.0,0.0,0.0,0.0,0.0,0.0,0.0,0.0,0.0,0.0,0.0,0.0,0.0,0.0,0.0,0.0,0.0,0.0,0.0,0.0,0.0,0.0,0.0,0.0,0.0,0.0,0.0,0.0,0.0,0.0,0.0,0.0,0.0,0.0,0.0,0.0,0.0
0.234293,-0.064489,-0.281815,-102.783501,-8.512482,131.682218,-0.218771,-0.623981,-0.749837,-0.964208,0.255286,0.069339,0.148025,0.738344,-0.65743,0.289433,-0.05902,-0.296103,-142.74325,-8.119947,176.503785,-0.787771,-0.597269,-0.149124,-0.599181,0.799735,-0.036812,0.141246,0.060356,-0.98788,0.356183,0.013506,-0.272439,-127.54979,13.476527,-121.713101,-0.59238,-0.295893,0.748738,-0.770617,0.47792,-0.421235,-0.233047,-0.826883,-0.510955,0.411659,-0.243753,-0.187942,139.005664,-16.233436,54.575104,-0.724662,-0.208275,0.656838,0.629814,-0.586902,0.508758,0.279551,0.782382,0.556522,0.484547,-0.223438,-0.190733,155.330749,-11.416064,44.125146,-0.890858,-0.174429,0.419728,0.40917,-0.709943,0.573381,0.197932,0.682466,0.703632,0.545716,-0.274002,-0.197318,153.526911,-8.907372,-114.775399,-0.883878,0.060975,-0.462606,0.440167,0.438169,-0.783551,0.154837,-0.89665,-0.413843
0.240655,-0.064936,-0.279583,-101.305814,-8.743919,132.437349,-0.193686,-0.639576,-0.743378,-0.968792,0.242829,0.044237,0.152018,0.729012,-0.666551,0.29468,-0.058127,-0.294205,-142.390933,-7.801447,177.190975,-0.784466,-0.603965,-0.137302,-0.604318,0.795461,-0.043914,0.135741,0.048526,-0.988999,0.359866,0.014176,-0.271211,-127.319645,13.089431,-121.670507,-0.59036,-0.300665,0.74873,-0.774407,0.471787,-0.421369,-0.226472,-0.828769,-0.511269,0.409091,-0.247659,-0.188612,139.653081,-16.719492,54.737726,-0.729836,-0.194658,0.655164,0.619974,-0.591971,0.514792,0.287686,0.781977,0.552898,0.483543,-0.228014,-0.188612,155.935924,-12.246462,43.207827,-0.892306,-0.164598,0.420339,0.398477,-0.724739,0.562102,0.212117,0.669066,0.712288,0.544041,-0.276792,-0.196648,153.511483,-9.046332,-114.652199,-0.883504,0.058147,-0.463881,0.440278,0.437371,-0.783969,0.157233,-0.897257,-0.411786
0.312427,0.148233,-0.104673,-159.940208,-46.508965,-176.832469,-0.646015,-0.379951,-0.661519,-0.235894,0.924208,-0.300268,0.725482,-0.038001,-0.686673,0.363215,0.121332,-0.096413,-167.498959,-9.207123,-119.819227,-0.963415,-0.243148,0.110029,-0.213602,0.455632,-0.864064,0.160004,-0.856219,-0.490743,0.453182,0.153479,-0.106905,-153.725086,-29.059952,-95.867497,-0.783491,-0.478591,0.395592,-0.386799,-0.121859,-0.913871,0.485725,-0.869324,-0.089338,0.314995,-0.152558,-0.101212,165.396099,-38.806347,-9.313969,-0.754123,-0.346967,0.55764,0.196489,-0.929388,-0.312545,0.62669,-0.126121,0.768999,0.365336,-0.130457,-0.086367,164.32603,-8.735951,-5.524989,-0.951327,-0.282901,0.119548,0.26694,-0.954074,-0.133536,0.151881,-0.095163,0.983804,0.449945,-0.165841,-0.107686,145.090552,-36.688872,-148.958303,-0.657042,0.237457,-0.71472,0.45852,0.879114,-0.129761,0.597469,-0.41315,-0.686464
0.312986,0.147117,-0.104673,-160.523312,-46.525691,-176.851099,-0.648331,-0.37038,-0.664837,-0.229289,0.928101,-0.293317,0.725683,-0.037775,-0.686636,0.363103,0.121332,-0.096413,-167.483856,-9.212369,-119.828637,-0.963169,-0.243352,0.110119,-0.213814,0.455813,-0.863859,0.160094,-0.856007,-0.490808,0.452958,0.153479,-0.106793,-153.715414,-29.049365,-95.866962,-0.783491,-0.478426,0.395753,-0.386963,-0.121859,-0.913791,0.485563,-0.869404,-0.089338,0.314883,-0.15267,-0.101212,165.374084,-38.802745,-9.306232,-0.75367,-0.347158,0.557534,0.19668,-0.928935,-0.312594,0.626641,-0.126014,0.768999,0.365224,-0.130457,-0.086255,164.313181,-8.724791,-5.539846,-0.951355,-0.283144,0.11926,0.267178,-0.954041,-0.13376,0.151689,-0.095421,0.983809,0.450056,-0.165841,-0.107686,145.092818,-36.711296,-148.982263,-0.656895,0.237599,-0.714844,0.458379,0.879262,-0.129275,0.597783,-0.412759,-0.686464
0.312986,0.147451,-0.104673,-160.323403,-46.51662,-176.979553,-0.647316,-0.372002,-0.66457,-0.231474,0.927503,-0.293457,0.725574,-0.036223,-0.686486,0.363103,0.121444,-0.096413,-167.446296,-9.202484,-119.833548,-0.963169,-0.243523,0.110782,-0.214477,0.455682,-0.8638,0.159924,-0.856066,-0.490939,0.45307,0.153479,-0.106905,-153.710903,-29.07019,-95.858001,-0.783168,-0.478672,0.395764,-0.38688,-0.122019,-0.913715,0.485881,-0.869151,-0.089174,0.314883,-0.152558,-0.101212,165.396099,-38.806347,-9.313969,-0.754123,-0.346967,0.55764,0.196489,-0.929388,-0.312545,0.62669,-0.126121,0.768999,0.365224,-0.130346,-0.086255,164.339472,-8.73513,-5.525959,-0.951327,-0.28266,0.119563,0.266699,-0.954074,-0.133519,0.151867,-0.095179,0.983804,0.449833,-0.166064,-0.107798,145.009013,-36.741761,-148.964688,-0.655871,0.238449,-0.715376,0.459092,0.87903,-0.128264,0.598209,-0.412746,-0.685967
0.313097,0.147675,-0.104784,-160.229516,-46.527759,-177.052304,-0.646786,-0.372677,-0.664689,-0.232481,0.927265,-0.29341,0.725708,-0.035343,-0.686372,0.362992,0.121444,-0.096301,-167.420646,-9.183753,-119.858489,-0.963339,-0.243514,0.111285,-0.214967,0.455862,-0.863653,0.159601,-0.856042,-0.491421,0.453182,0.153591,-0.106905,-153.711275,-29.064838,-95.856386,-0.783497,-0.478516,0.396006,-0.387037,-0.122348,-0.913796,0.485799,-0.869393,-0.089174,0.314883,-0.152558,-0.101101,165.401536,-38.768262,-9.303951,-0.754066,-0.346605,0.557251,0.196398,-0.929077,-0.312169,0.626172,-0.126043,0.769368,0.365224,-0.130234,-0.086144,164.379723,-8.699832,-5.491078,-0.951724,-0.281893,0.119242,0.266089,-0.954489,-0.132693,0.151258,-0.09459,0.983956,0.450168,-0.166288,-0.107686,144.96203,-36.718977,-148.973142,-0.655797,0.239451,-0.715256,0.459842,0.878724,-0.127735,0.597891,-0.412837,-0.686347
0.312427,0.147005,-0.104784,-160.21668,-46.590162,-177.349331,-0.646436,-0.369634,-0.667214,-0.232519,0.928627,-0.289092,0.726457,-0.03177,-0.686242,0.36288,0.121444,-0.096301,-167.385591,-9.213447,-119.881705,-0.962847,-0.244255,0.11138,-0.215476,0.456157,-0.86328,0.160113,-0.855583,-0.491618,0.45307,0.153479,-0.106905,-153.706961,-29.058946,-95.834811,-0.783504,-0.47828,0.396255,-0.387113,-0.122677,-0.913713,0.485709,-0.869469,-0.088851,0.31466,-0.15267,-0.101212,165.351335,-38.802235,-9.283447,-0.753612,-0.347307,0.557541,0.196985,-0.928935,-0.312445,0.626634,-0.12571,0.769057,0.365001,-0.129899,-0.086032,164.43696,-8.681626,-5.483469,-0.952177,-0.280933,0.119108,0.265191,-0.954937,-0.132366,0.150944,-0.094464,0.984018,0.450949,-0.166176,-0.107798,145.058703,-36.710171,-149.003187,-0.656747,0.238435,-0.71486,0.458857,0.879125,-0.128569,0.597767,-0.412588,-0.686749
0.312093,0.147117,-0.104561,-160.138087,-46.535637,-177.232464,-0.646388,-0.372095,-0.665476,-0.233503,0.927581,-0.291603,0.725802,-0.033183,-0.686454,0.362657,0.121444,-0.096524,-167.352735,-9.272731,-119.933746,-0.962526,-0.245479,0.111145,-0.215984,0.456631,-0.862891,0.161134,-0.854968,-0.492299,0.453182,0.153591,-0.106793,-153.696448,-29.02284,-95.864276,-0.78382,-0.477941,0.396318,-0.387449,-0.122188,-0.913713,0.485158,-0.869805,-0.089338,0.314437,-0.152893,-0.101212,165.262217,-38.837809,-9.23445,-0.753101,-0.348385,0.557808,0.198103,-0.928793,-0.31265,0.627118,-0.124993,0.768803,0.364889,-0.129564,-0.08592,164.474571,-8.675278,-5.458266,-0.952121,-0.280177,0.119218,0.264502,-0.954937,-0.131834,0.150834,-0.094032,0.984074,0.451507,-0.165953,-0.107798,145.153153,-36.697992,-149.0198,-0.657771,0.237329,-0.714511,0.457961,0.879451,-0.129622,0.597597,-0.412559,-0.687152
0.312204,0.14734,-0.104561,-160.007933,-46.523258,-177.346754,-0.645772,-0.37278,-0.665436,-0.234941,0.927346,-0.291169,0.725654,-0.03181,-0.686423,0.362657,0.121332,-0.096524,-167.361,-9.253711,-119.946766,-0.962942,-0.245181,0.111227,-0.215931,0.456697,-0.862977,0.160806,-0.855127,-0.492649,0.45307,0.153591,-0.106682,-153.690559,-29.002141,-95.875939,-0.783485,-0.477843,0.395985,-0.387383,-0.12137,-0.913546,0.484842,-0.869654,-0.089501,0.314325,-0.152781,-0.101324,165.242187,-38.850875,-9.225935,-0.752647,-0.348604,0.557928,0.198265,-0.928495,-0.312735,0.627296,-0.124851,0.768647,0.364889,-0.129564,-0.085809,164.492827,-8.661479,-5.461796,-0.952603,-0.279956,0.119008,0.264309,-0.955385,-0.131797,0.150596,-0.094096,0.984107,0.451507,-0.166176,-0.107686,145.103822,-36.671444,-149.016308,-0.657259,0.238065,-0.714266,0.458445,0.879241,-0.129146,0.597225,-0.412524,-0.686997
0.311758,0.147228,-0.104449,-160.014742,-46.534366,-177.239332,-0.646079,-0.374077,-0.664862,-0.234965,0.926792,-0.292953,0.725787,-0.033111,-0.68667,0.362657,0.121332,-0.096524,-167.359796,-9.283116,-119.958143,-0.962697,-0.245631,0.1109,-0.215898,0.456877,-0.862839,0.161313,-0.854849,-0.492715,0.453182,0.153367,-0.10657,-153.737929,-28.960124,-95.874061,-0.784132,-0.477356,0.395311,-0.386896,-0.120732,-0.913842,0.484201,-0.870016,-0.089509,0.314325,-0.152781,-0.101212,165.242187,-38.850875,-9.225935,-0.752647,-0.348604,0.557928,0.198265,-0.928495,-0.312735,0.627296,-0.124851,0.768647,0.364778,-0.129564,-0.085809,164.493608,-8.675436,-5.460037,-0.952603,-0.27997,0.119248,0.264295,-0.955419,-0.131831,0.150837,-0.094063,0.984074,0.451284,-0.166288,-0.107575,145.052396,-36.641879,-148.997896,-0.657333,0.23889,-0.714241,0.459374,0.878788,-0.129056,0.596812,-0.413052,-0.687377
0.312093,0.147005,-0.104449,-160.272268,-46.500671,-177.108021,-0.647446,-0.371385,-0.664949,-0.232173,0.927813,-0.291936,0.725382,-0.034702,-0.686927,0.362657,0.121332,-0.096524,-167.34103,-9.278155,-119.960612,-0.962697,-0.245717,0.111231,-0.216229,0.456811,-0.862809,0.161228,-0.854879,-0.492781,0.453182,0.153256,-0.106793,-153.757429,-29.002654,-95.88611,-0.784132,-0.478011,0.394991,-0.386565,-0.120892,-0.91409,0.48485,-0.869769,-0.089669,0.314325,-0.152781,-0.101212,165.260171,-38.821131,-9.235219,-0.753101,-0.348356,0.557581,0.198132,-0.928637,-0.312615,0.626891,-0.125029,0.768959,0.364889,-0.129564,-0.08592,164.492242,-8.673484,-5.445988,-0.952575,-0.279953,0.119282,0.264311,-0.955419,-0.13159,0.150803,-0.093822,0.984102,0.451172,-0.166288,-0.107798,145.024491,-36.670967,-149.003084,-0.656747,0.239166,-0.714532,0.459441,0.87884,-0.128397,0.597219,-0.412761,-0.687033
0.312204,0.147563,-0.104561,-160.06989,-46.503316,-177.100639,-0.646389,-0.374669,-0.663913,-0.234374,0.926482,-0.294372,0.725414,-0.034778,-0.68667,0.362545,0.121332,-0.096524,-167.354954,-9.302344,-119.962529,-0.962697,-0.245963,0.110815,-0.215983,0.456811,-0.862875,0.161644,-0.854813,-0.492781,0.453293,0.153367,-0.106682,-153.713608,-28.976981,-95.915994,-0.784126,-0.477751,0.395552,-0.387308,-0.120722,-0.913862,0.484458,-0.870003,-0.090151,0.314325,-0.152781,-0.101212,165.260171,-38.821131,-9.235219,-0.753101,-0.348356,0.557581,0.198132,-0.928637,-0.312615,0.626891,-0.125029,0.768959,0.364889,-0.129676,-0.085809,164.494193,-8.66343,-5.475844,-0.952631,-0.279973,0.118974,0.264292,-0.955385,-0.132038,0.15063,-0.094337,0.984079,0.451172,-0.166288,-0.107798,145.004997,-36.695903,-148.983375,-0.656309,0.239045,-0.714881,0.459467,0.87884,-0.128265,0.597568,-0.412819,-0.686595
0.312316,0.147675,-0.104673,-160.209018,-46.501351,-176.69975,-0.646942,-0.377043,-0.661986,-0.232799,0.925323,-0.299221,0.725391,-0.03958,-0.686394,0.362657,0.121332,-0.096636,-167.35486,-9.304051,-119.939089,-0.962526,-0.245933,0.110851,-0.215946,0.456565,-0.862961,0.161674,-0.854898,-0.492365,0.45307,0.153479,-0.10657,-153.685426,-28.970736,-95.884371,-0.783809,-0.477432,0.396136,-0.38763,-0.121211,-0.913543,0.484363,-0.869987,-0.089665,0.314325,-0.152781,-0.101212,165.287876,-38.830941,-9.228615,-0.753043,-0.347853,0.557902,0.197728,-0.928793,-0.312268,0.627025,-0.124922,0.76886,0.364889,-0.129676,-0.08592,164.494975,-8.677388,-5.474086,-0.952631,-0.279987,0.119215,0.264278,-0.955419,-0.132072,0.150871,-0.094304,0.984046,0.451284,-0.166288,-0.107798,145.011657,-36.668339,-149.001118,-0.656747,0.239385,-0.714569,0.45966,0.878745,-0.128307,0.597182,-0.41285,-0.687128
0.312316,0.147563,-0.104673,-160.132051,-46.536946,-177.004185,-0.646613,-0.37494,-0.66395,-0.233661,0.926341,-0.295421,0.725818,-0.035932,-0.686588,0.362657,0.121332,-0.096636,-167.35486,-9.304051,-119.939089,-0.962526,-0.245933,0.110851,-0.215946,0.456565,-0.862961,0.161674,-0.854898,-0.492365,0.45307,0.153479,-0.106793,-153.689922,-28.997986,-95.916943,-0.783803,-0.477994,0.395889,-0.387551,-0.121041,-0.913714,0.484779,-0.869822,-0.090147,0.314325,-0.152781,-0.101212,165.2804,-38.852374,-9.239338,-0.753101,-0.348187,0.558064,0.197848,-0.928948,-0.312608,0.627316,-0.125035,0.768647,0.364889,-0.129676,-0.08592,164.476523,-8.665229,-5.488121,-0.952177,-0.280197,0.118909,0.264482,-0.954904,-0.132282,0.150661,-0.094547,0.984051,0.451284,-0.166176,-0.107686,145.044027,-36.665077,-149.033297,-0.657112,0.239339,-0.714355,0.459363,0.878914,-0.128262,0.597136,-0.412531,-0.687472
0.312204,0.148121,-0.104673,-159.772059,-46.516702,-177.105671,-0.644985,-0.379418,-0.66256,-0.237665,0.924548,-0.297788,0.725575,-0.034708,-0.686483,0.362657,0.121332,-0.096524,-167.3597,-9.284823,-119.934703,-0.962526,-0.245602,0.110937,-0.215861,0.456631,-0.862924,0.161342,-0.854935,-0.492299,0.45307,0.153479,-0.106682,-153.666066,-28.997636,-95.906909,-0.78348,-0.477911,0.396223,-0.387797,-0.121201,-0.913477,0.484774,-0.869729,-0.089984,0.314325,-0.152781,-0.101212,165.2556,-38.835167,-9.217308,-0.753043,-0.348307,0.557844,0.198181,-0.928793,-0.312424,0.627082,-0.124767,0.76886,0.364889,-0.129787,-0.08592,164.463072,-8.666042,-5.487159,-0.952177,-0.280437,0.118895,0.264723,-0.954904,-0.132298,0.150675,-0.094531,0.984051,0.451061,-0.166176,-0.107798,145.026763,-36.693411,-149.027036,-0.6566,0.239308,-0.714656,0.4593,0.878987,-0.127911,0.597533,-0.41237,-0.687033
0.311869,0.147675,-0.104561,-159.904611,-46.534119,-177.070274,-0.645821,-0.377888,-0.663167,-0.236278,0.925176,-0.296997,0.725784,-0.035148,-0.686781,0.362657,0.121332,-0.096413,-167.348999,-9.264266,-119.903318,-0.962601,-0.24533,0.111423,-0.216067,0.45614,-0.863152,0.160988,-0.855294,-0.491882,0.45307,0.153479,-0.106793,-153.666872,-29.023155,-95.876908,-0.783162,-0.478086,0.396322,-0.387627,-0.12169,-0.913398,0.485163,-0.869474,-0.089497,0.314437,-0.152781,-0.101212,165.285144,-38.817352,-9.214327,-0.753439,-0.347783,0.557788,0.19787,-0.92909,-0.312034,0.62684,-0.12476,0.769074,0.365001,-0.129899,-0.086144,164.451191,-8.694769,-5.48267,-0.952177,-0.280706,0.119363,0.264936,-0.95497,-0.132383,0.151171,-0.094447,0.983984,0.450726,-0.166064,-0.107798,145.044048,-36.702822,-149.055894,-0.656453,0.239267,-0.714525,0.458902,0.879229,-0.127562,0.597665,-0.411843,-0.686938
0.312762,0.147563,-0.104784,-160.608169,-46.447664,-176.351032,-0.649213,-0.374596,-0.661177,-0.22852,0.926127,-0.300033,0.724745,-0.043802,-0.686846,0.362769,0.121444,-0.096301,-167.37701,-9.224206,-119.855664,-0.962922,-0.244437,0.111573,-0.215644,0.4556,-0.863577,0.160298,-0.855873,-0.491268,0.45307,0.153367,-0.106682,-153.733936,-28.996938,-95.874441,-0.784138,-0.477772,0.395566,-0.386967,-0.12138,-0.913936,0.484763,-0.869917,-0.089505,0.31466,-0.152781,-0.101101,165.31264,-38.782872,-9.212103,-0.753836,-0.34723,0.557506,0.197587,-0.929233,-0.311609,0.626371,-0.124789,0.769442,0.365113,-0.130011,-0.086255,164.437937,-8.721538,-5.464126,-0.952149,-0.280958,0.119864,0.265165,-0.955038,-0.132226,0.151632,-0.094121,0.983945,0.450279,-0.166064,-0.107798,145.055493,-36.758291,-149.142648,-0.656453,0.239996,-0.714804,0.458706,0.879573,-0.126099,0.598441,-0.410749,-0.687472
0.312539,0.147005,-0.104338,-160.860043,-46.375097,-176.21966,-0.651465,-0.37213,-0.66078,-0.226099,0.927055,-0.299044,0.723872,-0.045465,-0.688077,0.36288,0.121332,-0.096189,-167.39695,-9.199743,-119.841871,-0.963169,-0.243901,0.111568,-0.215348,0.455485,-0.863745,0.159877,-0.856121,-0.491136,0.45307,0.153367,-0.106793,-153.753271,-29.018111,-95.875511,-0.784138,-0.478101,0.395243,-0.386638,-0.12138,-0.914095,0.485086,-0.869758,-0.089505,0.314771,-0.152781,-0.101101,165.30604,-38.780242,-9.194972,-0.753778,-0.347152,0.557542,0.197665,-0.929233,-0.311382,0.626335,-0.124562,0.769499,0.365113,-0.130011,-0.086255,164.424491,-8.72235,-5.463157,-0.952149,-0.281199,0.11985,0.265406,-0.955038,-0.132243,0.151646,-0.094105,0.983945,0.450168,-0.165953,-0.107798,145.062018,-36.730346,-149.161948,-0.65638,0.240158,-0.714318,0.458544,0.879646,-0.125975,0.59805,-0.410434,-0.687472
0.312874,0.147117,-0.104561,-160.697902,-46.42631,-176.51162,-0.649937,-0.371318,-0.662437,-0.227632,0.927539,-0.296339,0.724488,-0.041901,-0.687356,0.36288,0.121332,-0.096301,-167.385153,-9.206887,-119.845282,-0.963169,-0.244109,0.111691,-0.215556,0.455419,-0.863749,0.16,-0.856117,-0.491202,0.45307,0.153479,-0.106905,-153.7201,-29.049908,-95.886925,-0.783814,-0.478506,0.395745,-0.387043,-0.121859,-0.913955,0.485571,-0.869568,-0.089661,0.314771,-0.15267,-0.101101,165.34217,-38.765077,-9.209099,-0.754232,-0.346705,0.55745,0.197276,-0.929531,-0.311219,0.626129,-0.124782,0.769655,0.365113,-0.130122,-0.086255,164.406809,-8.724151,-5.475427,-0.951696,-0.281423,0.119786,0.265596,-0.954556,-0.132487,0.151677,-0.094315,0.983917,0.450056,-0.166176,-0.10791,145.01237,-36.743285,-149.111355,-0.656087,0.240297,-0.714835,0.459186,0.87931,-0.126103,0.598231,-0.41111,-0.687223
0.312204,0.147786,-0.104449,-160.227053,-46.437484,-176.63628,-0.647962,-0.377513,-0.660925,-0.232935,0.925103,-0.299815,0.724623,-0.0404,-0.687358,0.36288,0.121444,-0.096189,-167.386215,-9.179189,-119.810534,-0.963244,-0.243629,0.112053,-0.215554,0.454993,-0.863973,0.159523,-0.85648,-0.49072,0.453182,0.153479,-0.107017,-153.700191,-29.06081,-95.900108,-0.783157,-0.478815,0.395588,-0.387057,-0.121361,-0.913721,0.485738,-0.869157,-0.08982,0.314883,-0.15267,-0.100989,165.365806,-38.741581,-9.204011,-0.754175,-0.346145,0.557316,0.196929,-0.929375,-0.310801,0.625809,-0.124747,0.769868,0.365336,-0.130234,-0.086367,164.405433,-8.722188,-5.461379,-0.951668,-0.281406,0.11982,0.265613,-0.954556,-0.132246,0.151644,-0.094074,0.983945,0.449833,-0.166176,-0.10791,144.96944,-36.766418,-149.101132,-0.655576,0.240704,-0.715209,0.459561,0.879193,-0.125574,0.598554,-0.411128,-0.686976
0.312762,0.147786,-0.104449,-160.526881,-46.353355,-176.3407,-0.650188,-0.376025,-0.659599,-0.229901,0.925544,-0.300796,0.72361,-0.044014,-0.688218,0.362992,0.121555,-0.096078,-167.376865,-9.139221,-119.757431,-0.962904,-0.242992,0.112627,-0.215643,0.454566,-0.864041,0.158834,-0.856752,-0.489821,0.45307,0.153367,-0.107128,-153.719903,-29.076636,-95.899557,-0.783485,-0.478988,0.395506,-0.386884,-0.12169,-0.913962,0.485979,-0.869239,-0.08982,0.315106,-0.15267,-0.100989,165.37717,-38.709245,-9.196118,-0.754571,-0.345819,0.557004,0.196872,-0.929518,-0.310454,0.625369,-0.124697,0.770236,0.365447,-0.130346,-0.08659,164.380105,-8.751726,-5.455897,-0.951668,-0.281916,0.120273,0.266067,-0.954623,-0.132347,0.152153,-0.093972,0.983878,0.449387,-0.166176,-0.108021,144.970193,-36.803346,-149.190477,-0.655067,0.241513,-0.715131,0.459191,0.879607,-0.123903,0.59907,-0.409731,-0.687071
0.312874,0.14734,-0.104449,-160.786696,-46.359139,-176.170186,-0.651257,-0.373834,-0.659903,-0.226961,0.926336,-0.300603,0.72368,-0.046065,-0.688122,0.362992,0.121332,-0.095966,-167.423563,-9.104052,-119.707479,-0.963228,-0.242014,0.112444,-0.214891,0.454088,-0.864496,0.158228,-0.857299,-0.489143,0.45307,0.153367,-0.106905,-153.723883,-29.039799,-95.899136,-0.78348,-0.478572,0.395251,-0.386814,-0.121041,-0.913868,0.485417,-0.869338,-0.089824,0.315218,-0.15267,-0.100878,165.387845,-38.680001,-9.173181,-0.755365,-0.345451,0.556805,0.196929,-0.930116,-0.309908,0.62497,-0.12445,0.77066,0.365559,-0.130457,-0.086702,164.354784,-8.781266,-5.450402,-0.951668,-0.282425,0.120727,0.26652,-0.954691,-0.132449,0.152663,-0.093871,0.98381,0.448828,-0.165841,-0.108133,145.052115,-36.845218,-149.238422,-0.65536,0.240607,-0.715164,0.458,0.880228,-0.1239,0.599655,-0.40893,-0.687033
0.312762,0.147675,-0.104449,-160.726489,-46.335368,-175.973489,-0.651037,-0.376951,-0.658051,-0.227652,0.924941,-0.304322,0.723393,-0.048428,-0.687972,0.363103,0.121332,-0.095966,-167.438553,-9.100501,-119.674678,-0.963305,-0.241779,0.112389,-0.214644,0.45366,-0.864786,0.158167,-0.857595,-0.488661,0.45307,0.153256,-0.107017,-153.729035,-29.071211,-95.89071,-0.783157,-0.478983,0.3951,-0.386566,-0.121201,-0.913872,0.485896,-0.869006,-0.089661,0.31533,-0.15267,-0.100878,165.387845,-38.680001,-9.173181,-0.755365,-0.345451,0.556805,0.196929,-0.930116,-0.309908,0.62497,-0.12445,0.77066,0.365671,-0.130569,-0.086813,164.338657,-8.810983,-5.459114,-0.951214,-0.282677,0.121143,0.266682,-0.954277,-0.132761,0.153175,-0.094012,0.983714,0.448605,-0.165841,-0.10791,145.056424,-36.814245,-149.242588,-0.655871,0.240857,-0.714898,0.458284,0.88006,-0.124162,0.599223,-0.40918,-0.687567
0.312874,0.14734,-0.104449,-160.862549,-46.353759,-176.058991,-0.651492,-0.373836,-0.659527,-0.226076,0.926263,-0.301479,0.723615,-0.047395,-0.68796,0.363103,0.121444,-0.095855,-167.416088,-9.085409,-119.670212,-0.963551,-0.241744,0.112961,-0.215095,0.453348,-0.864932,0.157907,-0.857865,-0.488727,0.45307,0.153367,-0.106905,-153.714215,-29.02921,-95.898598,-0.78348,-0.478408,0.395412,-0.386978,-0.121041,-0.913789,0.485255,-0.869418,-0.089824,0.315441,-0.15267,-0.100878,165.401938,-38.661254,-9.179565,-0.755365,-0.345196,0.556607,0.19673,-0.92996,-0.309795,0.624715,-0.124563,0.770815,0.365671,-0.13068,-0.086813,164.325214,-8.811797,-5.458134,-0.951214,-0.282918,0.121129,0.266923,-0.954277,-0.132778,0.153189,-0.093996,0.983714,0.448494,-0.165841,-0.108133,144.996178,-36.846721,-149.215599,-0.654922,0.241181,-0.715402,0.458646,0.879943,-0.123548,0.599676,-0.409209,-0.68688
0.312762,0.147563,-0.104449,-160.582427,-46.37546,-176.351314,-0.650095,-0.375003,-0.660215,-0.229159,0.925964,-0.300062,0.723876,-0.043865,-0.687891,0.363103,0.121444,-0.095855,-167.417587,-9.064281,-119.671861,-0.963305,-0.241409,0.113013,-0.215014,0.45366,-0.864688,0.157542,-0.857693,-0.488661,0.45307,0.153256,-0.107017,-153.747906,-29.06153,-95.920179,-0.783803,-0.478981,0.394919,-0.386564,-0.121041,-0.914192,0.485749,-0.869343,-0.090147,0.315441,-0.15267,-0.100766,165.399912,-38.644604,-9.180327,-0.755365,-0.345167,0.55638,0.196759,-0.929805,-0.30976,0.624488,-0.124598,0.770971,0.365671,-0.13068,-0.086813,164.310989,-8.798653,-5.458933,-0.951214,-0.283144,0.120874,0.267177,-0.954243,-0.13276,0.152963,-0.094013,0.983748,0.448605,-0.165841,-0.108245,145.015375,-36.879889,-149.20029,-0.654994,0.24058,-0.715815,0.45837,0.88006,-0.123851,0.600139,-0.409345,-0.68669
0.313097,0.147675,-0.104449,-160.674,-46.363045,-176.218869,-0.650816,-0.375117,-0.659669,-0.228244,0.925848,-0.301141,0.723727,-0.04548,-0.688169,0.363103,0.121444,-0.095855,-167.432673,-9.059019,-119.662496,-0.963551,-0.241204,0.112923,-0.214802,0.453479,-0.864893,0.157452,-0.857904,-0.488596,0.45307,0.153144,-0.107128,-153.777437,-29.076063,-95.869758,-0.783485,-0.478997,0.394528,-0.385906,-0.121211,-0.914176,0.48597,-0.869025,-0.089341,0.315441,-0.15267,-0.100766,165.421894,-38.6482,-9.188008,-0.755819,-0.344976,0.556486,0.196568,-0.930259,-0.309711,0.624537,-0.124704,0.770971,0.365671,-0.13068,-0.086813,164.323646,-8.783882,-5.461689,-0.951214,-0.28289,0.120648,0.266951,-0.954209,-0.132709,0.152708,-0.094064,0.983782,0.448605,-0.166064,-0.108133,144.92908,-36.868955,-149.148103,-0.65419,0.241236,-0.716048,0.459277,0.879607,-0.123592,0.599987,-0.409897,-0.686195
0.313432,0.147451,-0.104561,-160.875536,-46.354847,-176.208115,-0.651465,-0.371886,-0.660583,-0.225902,0.927136,-0.29891,0.723628,-0.045599,-0.687996,0.363103,0.121555,-0.095855,-167.394011,-9.078594,-119.678643,-0.963305,-0.241826,0.11326,-0.21543,0.45353,-0.864694,0.157789,-0.857687,-0.488792,0.45307,0.153256,-0.107017,-153.753935,-29.070345,-95.858098,-0.783491,-0.478758,0.395104,-0.386308,-0.121699,-0.914022,0.485883,-0.869173,-0.089178,0.315441,-0.15267,-0.100766,165.419869,-38.631551,-9.188766,-0.755819,-0.344947,0.556259,0.196596,-0.930104,-0.309675,0.62431,-0.12474,0.771126,0.365671,-0.130569,-0.086702,164.355383,-8.769277,-5.466226,-0.951696,-0.282428,0.120452,0.266517,-0.954657,-0.132656,0.152456,-0.094145,0.983816,0.448828,-0.165841,-0.108245,144.974426,-36.868284,-149.182402,-0.654556,0.240971,-0.715798,0.45876,0.87987,-0.123636,0.599977,-0.409487,-0.686442
0.312651,0.148344,-0.104561,-160.267507,-46.39672,-176.31678,-0.648406,-0.380432,-0.658583,-0.232578,0.923722,-0.304293,0.724132,-0.044251,-0.687414,0.363103,0.121667,-0.095966,-167.382225,-9.085751,-119.682039,-0.963305,-0.242034,0.113383,-0.215638,0.453464,-0.864697,0.157913,-0.857683,-0.488858,0.45307,0.153144,-0.107017,-153.768799,-29.064242,-95.826579,-0.783497,-0.478525,0.395028,-0.386059,-0.121869,-0.914011,0.48579,-0.869178,-0.088695,0.315441,-0.152558,-0.100766,165.468225,-38.625276,-9.205602,-0.755819,-0.344266,0.556345,0.195915,-0.930104,-0.309442,0.624224,-0.124972,0.771126,0.365671,-0.130457,-0.086702,164.397095,-8.7688,-5.4832,-0.951724,-0.281723,0.12046,0.265778,-0.954657,-0.132846,0.152448,-0.094437,0.983788,0.448828,-0.166064,-0.108356,144.916367,-36.885461,-149.156643,-0.654118,0.241508,-0.716256,0.459443,0.879584,-0.123236,0.600217,-0.409815,-0.68629
0.312986,0.147898,-0.104561,-160.411152,-46.391218,-176.474698,-0.649515,-0.376469,-0.660279,-0.231139,0.925448,-0.300167,0.724066,-0.042391,-0.688105,0.363103,0.121667,-0.095966,-167.348357,-9.086086,-119.693876,-0.963058,-0.242323,0.113805,-0.216181,0.45358,-0.864463,0.157918,-0.857502,-0.488989,0.452958,0.153256,-0.10724,-153.745302,-29.106641,-95.83855,-0.783174,-0.479094,0.395368,-0.386299,-0.122348,-0.913951,0.486437,-0.868909,-0.088851,0.315441,-0.15267,-0.100766,165.45413,-38.644015,-9.199238,-0.755819,-0.344522,0.556543,0.196114,-0.930259,-0.309555,0.62448,-0.124859,0.770971,0.365559,-0.130346,-0.086702,164.409757,-8.754027,-5.485941,-0.951724,-0.281468,0.120233,0.265551,-0.954623,-0.132795,0.152193,-0.094488,0.983822,0.448828,-0.166399,-0.108133,144.813257,-36.826077,-149.121224,-0.653752,0.242977,-0.71603,0.460945,0.878843,-0.122888,0.599388,-0.410529,-0.686521
0.312986,0.148679,-0.104896,-159.978676,-46.46679,-176.777394,-0.646547,-0.379891,-0.660891,-0.235597,0.9242,-0.300513,0.724975,-0.038683,-0.687031,0.362992,0.121779,-0.096189,-167.323647,-9.129791,-119.711974,-0.962811,-0.243191,0.113726,-0.216561,0.453629,-0.86433,0.158671,-0.857218,-0.489186,0.452958,0.153256,-0.10724,-153.730431,-29.112743,-95.870086,-0.783168,-0.479327,0.395444,-0.386548,-0.122178,-0.913963,0.48653,-0.868903,-0.089334,0.31533,-0.152558,-0.100878,165.45413,-38.644015,-9.199238,-0.755819,-0.344522,0.556543,0.196114,-0.930259,-0.309555,0.62448,-0.124859,0.770971,0.365559,-0.130234,-0.086478,164.452563,-8.696726,-5.496719,-0.952205,-0.280723,0.119329,0.264919,-0.95497,-0.132623,0.151204,-0.094687,0.983956,0.449052,-0.166846,-0.108356,144.679763,-36.850517,-149.042475,-0.652511,0.243912,-0.716903,0.46235,0.878194,-0.122268,0.599729,-0.411368,-0.685783
0.311758,0.148344,-0.104561,-159.681218,-46.525131,-176.960433,-0.644648,-0.382618,-0.661202,-0.238703,0.923166,-0.301241,0.725676,-0.03645,-0.68644,0.36288,0.121779,-0.096189,-167.292056,-9.159687,-119.752587,-0.962735,-0.243965,0.113819,-0.217102,0.453924,-0.86408,0.159187,-0.856883,-0.4898,0.452958,0.153367,-0.10724,-153.69153,-29.097108,-95.880581,-0.782839,-0.479151,0.395852,-0.387047,-0.122009,-0.91365,0.486291,-0.868893,-0.089494,0.315106,-0.15267,-0.100878,165.41806,-38.659161,-9.185184,-0.755365,-0.344969,0.556636,0.196504,-0.92996,-0.309718,0.624686,-0.12464,0.770815,0.365559,-0.130122,-0.086367,164.477307,-8.679185,-5.486361,-0.952177,-0.280211,0.11915,0.264468,-0.954937,-0.132315,0.150902,-0.094514,0.984018,0.449387,-0.167069,-0.108356,144.593568,-36.839503,-148.990418,-0.651708,0.244565,-0.717136,0.463255,0.877737,-0.122008,0.599576,-0.411921,-0.685292
0.312874,0.148121,-0.104784,-160.139889,-46.491416,-176.789472,-0.646759,-0.377109,-0.662105,-0.233615,0.925341,-0.298527,0.725271,-0.038511,-0.686559,0.36288,0.121779,-0.096189,-167.265149,-9.172071,-119.765433,-0.962488,-0.244378,0.114032,-0.217521,0.454038,-0.863878,0.1594,-0.856668,-0.489932,0.45307,0.153256,-0.107017,-153.762759,-29.055431,-95.88866,-0.783809,-0.478748,0.394843,-0.386315,-0.121211,-0.914181,0.485656,-0.869349,-0.089665,0.315106,-0.152558,-0.100766,165.421894,-38.6482,-9.188008,-0.755819,-0.344976,0.556486,0.196568,-0.930259,-0.309711,0.624537,-0.124704,0.770971,0.365559,-0.130011,-0.086367,164.508225,-8.650611,-5.492612,-0.952659,-0.279735,0.118713,0.264048,-0.955352,-0.132229,0.150409,-0.094628,0.984084,0.449387,-0.167069,-0.108468,144.614894,-36.876055,-148.988405,-0.651708,0.244055,-0.717501,0.46289,0.877929,-0.122091,0.600086,-0.411838,-0.6851
0.312316,0.148568,-0.104561,-159.862506,-46.451541,-176.762488,-0.646291,-0.381941,-0.660006,-0.236989,0.923348,-0.302037,0.724792,-0.038875,-0.687258,0.36288,0.121779,-0.096189,-167.265149,-9.172071,-119.765433,-0.962488,-0.244378,0.114032,-0.217521,0.454038,-0.863878,0.1594,-0.856668,-0.489932,0.45307,0.153367,-0.107017,-153.729403,-29.065854,-95.889086,-0.783485,-0.478827,0.395342,-0.386722,-0.12153,-0.913954,0.485815,-0.869247,-0.089661,0.315106,-0.152558,-0.100766,165.435986,-38.629459,-9.194378,-0.755819,-0.34472,0.556288,0.196369,-0.930104,-0.309597,0.624281,-0.124817,0.771126,0.365559,-0.130011,-0.086255,164.507441,-8.636655,-5.494368,-0.952659,-0.279721,0.118473,0.264062,-0.955319,-0.132195,0.150168,-0.094662,0.984118,0.449387,-0.166957,-0.108468,144.638254,-36.877819,-148.978874,-0.651781,0.243527,-0.717476,0.462542,0.878049,-0.122489,0.600111,-0.411878,-0.684907
0.312427,0.148456,-0.104784,-159.884357,-46.491408,-176.774717,-0.645804,-0.381434,-0.660661,-0.236531,0.923562,-0.301732,0.725271,-0.038694,-0.68665,0.36288,0.12189,-0.096189,-167.238354,-9.182714,-119.801719,-0.962412,-0.244821,0.114209,-0.217977,0.454399,-0.863592,0.159583,-0.856369,-0.490481,0.45307,0.153367,-0.107017,-153.719903,-29.076636,-95.899557,-0.783485,-0.478988,0.395506,-0.386884,-0.12169,-0.913962,0.485979,-0.869239,-0.08982,0.314995,-0.152558,-0.100766,165.438011,-38.646108,-9.193623,-0.755819,-0.344749,0.556515,0.196341,-0.930259,-0.309633,0.624508,-0.124782,0.770971,0.365447,-0.129899,-0.086144,164.531418,-8.605169,-5.485745,-0.952631,-0.279194,0.118053,0.263625,-0.955252,-0.131854,0.149625,-0.094522,0.984212,0.449721,-0.166846,-0.108356,144.633723,-36.851817,-148.941502,-0.651999,0.243294,-0.717402,0.462775,0.87783,-0.123194,0.599748,-0.412486,-0.684907
0.312093,0.148456,-0.104561,-159.753389,-46.482997,-176.846828,-0.645758,-0.382859,-0.660322,-0.238189,0.923021,-0.302126,0.72517,-0.037859,-0.687237,0.362769,0.12189,-0.096301,-167.222148,-9.215582,-119.845955,-0.96209,-0.245507,0.113936,-0.21819,0.455004,-0.863163,0.16015,-0.855794,-0.49103,0.45307,0.153367,-0.107017,-153.729403,-29.065854,-95.889086,-0.783485,-0.478827,0.395342,-0.386722,-0.12153,-0.913954,0.485815,-0.869247,-0.089661,0.314771,-0.152558,-0.100878,165.41806,-38.659161,-9.185184,-0.755365,-0.344969,0.556636,0.196504,-0.92996,-0.309718,0.624686,-0.12464,0.770815,0.365447,-0.129676,-0.08592,164.599776,-8.54431,-5.484266,-0.953085,-0.277951,0.117209,0.262527,-0.955602,-0.13141,0.148574,-0.094511,0.984372,0.449945,-0.16718,-0.108133,144.546229,-36.760534,-148.899509,-0.652218,0.244704,-0.716926,0.464429,0.876937,-0.123416,0.598472,-0.413577,-0.685582
0.312427,0.148568,-0.104896,-159.456344,-46.584046,-177.594563,-0.643129,-0.378985,-0.664899,-0.241015,0.924937,-0.293892,0.726383,-0.028825,-0.686188,0.362769,0.122113,-0.096524,-167.129435,-9.249809,-119.898577,-0.962014,-0.246868,0.114935,-0.219811,0.45503,-0.862859,0.160739,-0.855511,-0.491913,0.453182,0.153367,-0.106793,-153.757429,-29.002654,-95.88611,-0.784132,-0.478011,0.394991,-0.386565,-0.120892,-0.91409,0.48485,-0.869769,-0.089669,0.31466,-0.152558,-0.100878,165.399912,-38.644604,-9.180327,-0.755365,-0.345167,0.55638,0.196759,-0.929805,-0.30976,0.624488,-0.124598,0.770971,0.365447,-0.129453,-0.085697,164.625863,-8.495974,-5.450063,-0.953483,-0.277412,0.116631,0.26217,-0.955985,-0.130569,0.14774,-0.093936,0.984554,0.450503,-0.166957,-0.108579,144.551568,-36.848682,-148.848144,-0.651416,0.243423,-0.717962,0.463767,0.877249,-0.123631,0.599704,-0.413654,-0.684321
0.311646,0.149349,-0.104784,-158.933715,-46.542541,-177.576569,-0.641149,-0.387493,-0.661627,-0.246965,0.921388,-0.300004,0.725885,-0.029051,-0.686434,0.362657,0.122113,-0.096524,-167.121115,-9.268843,-119.885602,-0.961598,-0.247165,0.114854,-0.219862,0.454964,-0.862773,0.161067,-0.855352,-0.491563,0.453182,0.153367,-0.106793,-153.761595,-28.987203,-95.896716,-0.784126,-0.477921,0.394738,-0.386491,-0.120404,-0.914084,0.484614,-0.86978,-0.089833,0.314548,-0.15267,-0.100878,165.385819,-38.663347,-9.173946,-0.755365,-0.345423,0.556579,0.196957,-0.92996,-0.309873,0.624743,-0.124485,0.770815,0.365336,-0.129453,-0.085697,164.653344,-8.482341,-5.467735,-0.953511,-0.276933,0.116385,0.261686,-0.955953,-0.130744,0.147505,-0.094243,0.984559,0.450614,-0.166957,-0.108468,144.575603,-36.830668,-148.894861,-0.651708,0.243724,-0.717518,0.463562,0.877396,-0.123326,0.599452,-0.413156,-0.684758
0.312204,0.149461,-0.104896,-159.087356,-46.533648,-177.418262,-0.642298,-0.386997,-0.66123,-0.245432,0.921549,-0.300814,0.725778,-0.030972,-0.686885,0.362657,0.122113,-0.096524,-167.09071,-9.269284,-119.914989,-0.961768,-0.247489,0.115271,-0.220438,0.455076,-0.862661,0.161075,-0.855293,-0.492113,0.45307,0.153367,-0.106793,-153.733747,-29.023662,-95.887051,-0.783809,-0.478254,0.395328,-0.386808,-0.121211,-0.913942,0.485171,-0.869588,-0.089665,0.314548,-0.152558,-0.100878,165.385819,-38.663347,-9.173946,-0.755365,-0.345423,0.556579,0.196957,-0.92996,-0.309873,0.624743,-0.124485,0.770815,0.365447,-0.129453,-0.085585,164.666028,-8.46758,-5.470416,-0.953511,-0.276678,0.116158,0.261459,-0.95592,-0.130694,0.14725,-0.094292,0.984591,0.450726,-0.167292,-0.108356,144.533251,-36.814913,-148.930362,-0.651489,0.244904,-0.7173,0.464132,0.877229,-0.122359,0.599232,-0.41281,-0.685144
0.312204,0.149349,-0.104784,-159.203593,-46.49678,-177.283242,-0.642963,-0.386561,-0.66054,-0.244193,0.921665,-0.301433,0.725336,-0.032599,-0.686983,0.362657,0.122225,-0.096524,-167.085885,-9.288509,-119.919427,-0.961768,-0.24782,0.115186,-0.220524,0.455009,-0.862698,0.161406,-0.855256,-0.49218,0.452958,0.153479,-0.106905,-153.689875,-29.046072,-95.940585,-0.783474,-0.478802,0.395653,-0.387389,-0.121032,-0.913808,0.485513,-0.869404,-0.090467,0.31466,-0.152558,-0.100878,165.415336,-38.645592,-9.170903,-0.755762,-0.344898,0.556522,0.196645,-0.930259,-0.309484,0.624501,-0.124477,0.771028,0.365447,-0.129453,-0.085585,164.654428,-8.425536,-5.461459,-0.953965,-0.276894,0.115471,0.261791,-0.956304,-0.130383,0.146524,-0.094149,0.984717,0.450726,-0.16718,-0.108356,144.556589,-36.816678,-148.920799,-0.651562,0.244377,-0.717275,0.463784,0.877349,-0.122757,0.599257,-0.41285,-0.684951
0.312427,0.148903,-0.105008,-159.399891,-46.597308,-177.404454,-0.642865,-0.382156,-0.663483,-0.241638,0.923563,-0.297693,0.726542,-0.031101,-0.686065,0.362657,0.122113,-0.096524,-167.094293,-9.279426,-119.921989,-0.961522,-0.247609,0.115029,-0.220319,0.455322,-0.862486,0.161249,-0.855051,-0.492113,0.45307,0.153367,-0.106905,-153.709201,-29.067259,-95.941669,-0.783474,-0.479131,0.39533,-0.38706,-0.121032,-0.913968,0.485836,-0.869244,-0.090467,0.31466,-0.152558,-0.100766,165.413313,-38.628943,-9.171665,-0.755762,-0.34487,0.556295,0.196674,-0.930104,-0.309448,0.624274,-0.124513,0.771183,0.365447,-0.129564,-0.085585,164.651566,-8.428457,-5.488744,-0.953538,-0.276893,0.115388,0.261725,-0.955822,-0.130851,0.146574,-0.094617,0.984661,0.450391,-0.167292,-0.108468,144.466179,-36.836922,-148.86286,-0.650759,0.244957,-0.717947,0.464762,0.87689,-0.1224,0.599539,-0.413499,-0.684462
0.311534,0.149907,-0.104784,-158.722084,-46.551926,-177.498821,-0.640323,-0.391871,-0.660071,-0.249367,0.919512,-0.303773,0.725998,-0.029987,-0.686497,0.362657,0.122113,-0.096636,-167.108213,-9.303601,-119.92393,-0.961522,-0.247854,0.114613,-0.220073,0.455322,-0.862553,0.161666,-0.854985,-0.492113,0.45307,0.153367,-0.106905,-153.699373,-29.035298,-95.930118,-0.783474,-0.478641,0.395489,-0.387228,-0.120872,-0.9138,0.485348,-0.869413,-0.090307,0.31466,-0.152558,-0.100878,165.401938,-38.661254,-9.179565,-0.755365,-0.345196,0.556607,0.19673,-0.92996,-0.309795,0.624715,-0.124563,0.770815,0.365447,-0.129453,-0.085474,164.637327,-8.415313,-5.489553,-0.953538,-0.27712,0.115133,0.26198,-0.95579,-0.130834,0.146347,-0.094634,0.984693,0.450391,-0.167292,-0.108356,144.507025,-36.829452,-148.870221,-0.65127,0.244514,-0.717793,0.464426,0.87701,-0.122883,0.599435,-0.413527,-0.684706
