Sensor #1 X,Sensor #1 Y,Sensor #1 Z,"Sensor #1 Euler Angles (Z Y'X"") Z","Sensor #1 Euler Angles (Z Y'X"") Y'","Sensor #1 Euler Angles (Z Y'X"") X""","Sensor #1 Rotation Matrix M0,0","Sensor #1 Rotation Matrix M0,1","Sensor #1 Rotation Matrix M0,2","Sensor #1 Rotation Matrix M1,0","Sensor #1 Rotation Matrix M1,1","Sensor #1 Rotation Matrix M1,2","Sensor #1 Rotation Matrix M2,0","Sensor #1 Rotation Matrix M2,1","Sensor #1 Rotation Matrix M2,2",Sensor #2 X,Sensor #2 Y,Sensor #2 Z,"Sensor #2 Euler Angles (Z Y'X"") Z","Sensor #2 Euler Angles (Z Y'X"") Y'","Sensor #2 Euler Angles (Z Y'X"") X""","Sensor #2 Rotation Matrix M0,0","Sensor #2 Rotation Matrix M0,1","Sensor #2 Rotation Matrix M0,2","Sensor #2 Rotation Matrix M1,0","Sensor #2 Rotation Matrix M1,1","Sensor #2 Rotation Matrix M1,2","Sensor #2 Rotation Matrix M2,0","Sensor #2 Rotation Matrix M2,1","Sensor #2 Rotation Matrix M2,2",Sensor #3 X,Sensor #3 Y,Sensor #3 Z,"Sensor #3 Euler Angles (Z Y'X"") Z","Sensor #3 Euler Angles (Z Y'X"") Y'","Sensor #3 Euler Angles (Z Y'X"") X""","Sensor #3 Rotation Matrix M0,0","Sensor #3 Rotation Matrix M0,1","Sensor #3 Rotation Matrix M0,2","Sensor #3 Rotation Matrix M1,0","Sensor #3 Rotation Matrix M1,1","Sensor #3 Rotation Matrix M1,2","Sensor #3 Rotation Matrix M2,0","Sensor #3 Rotation Matrix M2,1","Sensor #3 Rotation Matrix M2,2",Sensor #4 X,Sensor #4 Y,Sensor #4 Z,"Sensor #4 Euler Angles (Z Y'X"") Z","Sensor #4 Euler Angles (Z Y'X"") Y'","Sensor #4 Euler Angles (Z Y'X"") X""","Sensor #4 Rotation Matrix M0,0","Sensor #4 Rotation Matrix M0,1","Sensor #4 Rotation Matrix M0,2","Sensor #4 Rotation Matrix M1,0","Sensor #4 Rotation Matrix M1,1","Sensor #4 Rotation Matrix M1,2","Sensor #4 Rotation Matrix M2,0","Sensor #4 Rotation Matrix M2,1","Sensor #4 Rotation Matrix M2,2",Sensor #5 X,Sensor #5 Y,Sensor #5 Z,"Sensor #5 Euler Angles (Z Y'X"") Z","Sensor #5 Euler Angles (Z Y'X"") Y'","Sensor #5 Euler Angles (Z Y'X"") X""","Sensor #5 Rotation Matrix M0,0","Sensor #5 Rotation Matrix M0,1","Sensor #5 Rotation Matrix M0,2","Sensor #5 Rotation Matrix M1,0","Sensor #5 Rotation Matrix M1,1","Sensor #5 Rotation Matrix M1,2","Sensor #5 Rotation Matrix M2,0","Sensor #5 Rotation Matrix M2,1","Sensor #5 Rotation Matrix M2,2",Sensor #6 X,Sensor #6 Y,Sensor #6 Z,"Sensor #6 Euler Angles (Z Y'X"") Z","Sensor #6 Euler Angles (Z Y'X"") Y'","Sensor #6 Euler Angles (Z Y'X"") X""","Sensor #6 Rotation Matrix M0,0","Sensor #6 Rotation Matrix M0,1","Sensor #6 Rotation Matrix M0,2","Sensor #6 Rotation Matrix M1,0","Sensor #6 Rotation Matrix M1,1","Sensor #6 Rotation Matrix M1,2","Sensor #6 Rotation Matrix M2,0","Sensor #6 Rotation Matrix M2,1","Sensor #6 Rotation Matrix M2,2"
0.369689,-0.104115,-0.173096,-98.359305,-27.12866,-178.632524,-0.12936,-0.990515,-0.042741,-0.880352,0.134851,-0.454479,0.45599,-0.021232,-0.889431,0.415677,-0.080004,-0.174994,-108.427205,-12.160924,-134.654225,-0.308944,-0.714117,0.627859,-0.92725,0.080247,-0.365373,0.210658,-0.695218,-0.686877,0.449498,-0.000419,-0.186044,-114.048275,-32.992857,-135.613602,-0.341677,-0.807795,0.479849,-0.765683,-0.056247,-0.640466,0.544534,-0.586459,-0.599157,0.36009,-0.112151,-0.189058,110.103538,-37.910585,72.526295,-0.271099,-0.08019,0.959003,0.74067,-0.653395,0.154848,0.614431,0.752423,0.236858,0.399715,-0.131127,-0.182919,154.565346,-24.333939,34.548374,-0.822718,-0.142636,0.550029,0.391265,-0.844041,0.366395,0.412054,0.516709,0.750458,0.467581,-0.187719,-0.199885,134.64411,-21.466198,-173.55634,-0.653633,0.677813,-0.335371,0.661804,0.72769,0.17984,0.365952,-0.104381,-0.924221
0.374042,-0.107686,-0.168632,-98.343952,-27.735311,-177.382308,-0.128396,-0.991185,-0.02243,-0.875423,0.124429,-0.466599,0.465388,-0.0404,-0.883653,0.416235,-0.083018,-0.176333,-107.975348,-12.358201,-134.796298,-0.301373,-0.717009,0.628128,-0.928892,0.073334,-0.362499,0.214023,-0.692925,-0.688015,0.449498,-0.003544,-0.187049,-113.823469,-33.307719,-135.603076,-0.337505,-0.808793,0.481328,-0.764378,-0.062636,-0.641553,0.549135,-0.584567,-0.597004,0.361317,-0.114049,-0.189505,110.483729,-37.91382,72.592788,-0.275975,-0.074646,0.958012,0.738768,-0.653722,0.162011,0.614476,0.752631,0.235964,0.401501,-0.132578,-0.183477,155.093528,-24.403537,34.40391,-0.825762,-0.135617,0.547102,0.383419,-0.846441,0.368942,0.413161,0.514526,0.751336,0.46892,-0.190174,-0.199439,134.846588,-21.324292,-173.598468,-0.656701,0.675762,-0.333894,0.660227,0.729705,0.177573,0.363646,-0.10382,-0.925354
0.249027,0.178817,-0.112709,-176.479112,-43.367554,-139.773945,-0.725119,-0.489403,-0.483735,-0.044616,0.735003,-0.676517,0.686676,-0.469201,-0.554713,0.297024,0.157832,-0.10244,-172.558896,-13.373404,-99.549265,-0.964412,-0.247662,0.089594,-0.125959,0.135218,-0.982655,0.231296,-0.959239,-0.16137,0.387437,0.173571,-0.116839,-162.870834,-48.996294,-111.01904,-0.626561,-0.778819,0.015912,-0.193104,0.135736,-0.971577,0.754667,-0.612122,-0.235205,0.264654,-0.166734,-0.094627,179.359694,-41.202949,17.126858,-0.751927,0.183344,0.632755,0.008403,-0.957402,0.287451,0.658728,0.221548,0.718954,0.309972,-0.155684,-0.09005,175.496909,-6.76688,6.576349,-0.989826,-0.064531,0.125684,0.077955,-0.991271,0.104984,0.11783,0.113729,0.986499,0.402952,-0.174771,-0.10724,165.311183,-41.149052,159.516709,-0.727919,0.460114,-0.507637,0.190814,0.847872,0.49461,0.65802,0.263333,-0.704942
0.249027,0.178594,-0.112486,-176.588565,-43.30564,-139.72885,-0.726128,-0.487915,-0.484002,-0.043285,0.735366,-0.676239,0.68589,-0.470225,-0.555037,0.297024,0.157832,-0.10244,-172.558365,-13.352202,-99.566913,-0.964464,-0.24734,0.089578,-0.125975,0.135594,-0.982587,0.230936,-0.959255,-0.161676,0.387437,0.173571,-0.116839,-162.848921,-48.979469,-111.045668,-0.626632,-0.778702,0.015937,-0.193389,0.13601,-0.971458,0.754474,-0.61217,-0.23555,0.264654,-0.166734,-0.094627,179.355871,-41.213675,17.127397,-0.751475,0.183366,0.632896,0.008449,-0.95712,0.287429,0.658869,0.221503,0.718784,0.30986,-0.155684,-0.09005,175.496909,-6.76688,6.576349,-0.989826,-0.064531,0.125684,0.077955,-0.991271,0.104984,0.11783,0.113729,0.986499,0.402952,-0.174882,-0.107352,165.289343,-41.17727,159.538557,-0.727375,0.460315,-0.507994,0.190968,0.847886,0.494504,0.658391,0.262894,-0.704587
0.248915,0.178594,-0.112598,-176.529148,-43.341244,-139.749363,-0.725704,-0.488806,-0.483809,-0.044015,0.735067,-0.676525,0.686342,-0.469778,-0.554912,0.297024,0.157832,-0.10244,-172.559881,-13.332111,-99.562986,-0.964464,-0.246999,0.089604,-0.125949,0.135654,-0.982545,0.230595,-0.959297,-0.161615,0.387437,0.173571,-0.116839,-162.863327,-48.967532,-111.029983,-0.626632,-0.77853,0.0158,-0.193216,0.136177,-0.971394,0.754338,-0.612234,-0.235382,0.264654,-0.166734,-0.094738,179.366663,-41.217112,17.139155,-0.751543,0.183677,0.63285,0.008308,-0.95712,0.28774,0.658914,0.221644,0.718717,0.309972,-0.155795,-0.09005,175.482185,-6.765601,6.591319,-0.989853,-0.064759,0.125707,0.078213,-0.991271,0.105212,0.117808,0.113987,0.986472,0.402952,-0.174882,-0.10724,165.245235,-41.164868,159.567102,-0.727273,0.460627,-0.507714,0.19154,0.847812,0.494396,0.658228,0.26256,-0.704763
0.249027,0.178705,-0.112486,-176.534927,-43.274028,-139.706121,-0.726027,-0.488436,-0.482967,-0.043961,0.734819,-0.676717,0.685488,-0.470434,-0.554837,0.297024,0.157944,-0.102329,-172.539953,-13.330582,-99.566319,-0.964464,-0.247025,0.089945,-0.12629,0.135594,-0.982526,0.230569,-0.959315,-0.161676,0.387437,0.173682,-0.116728,-162.831915,-48.941217,-111.077808,-0.627049,-0.77836,0.015934,-0.193721,0.136451,-0.971327,0.754036,-0.612503,-0.236073,0.264542,-0.166734,-0.094738,179.364102,-41.234328,17.142138,-0.751543,0.18371,0.633076,0.008341,-0.95729,0.287751,0.65914,0.221632,0.718547,0.309972,-0.155684,-0.09005,175.496172,-6.766376,6.590464,-0.989853,-0.064516,0.125693,0.07797,-0.991271,0.105227,0.117821,0.113972,0.986472,0.402952,-0.174994,-0.10724,165.249244,-41.15139,159.548184,-0.727375,0.460655,-0.507449,0.191512,0.84771,0.494574,0.658051,0.262825,-0.704763
0.248915,0.178929,-0.112598,-176.448124,-43.33111,-139.69799,-0.725663,-0.490172,-0.482337,-0.045043,0.73381,-0.677804,0.686213,-0.470296,-0.554515,0.296912,0.157944,-0.102329,-172.539953,-13.330582,-99.566319,-0.964464,-0.247025,0.089945,-0.12629,0.135594,-0.982526,0.230569,-0.959315,-0.161676,0.387437,0.173571,-0.116728,-162.859607,-48.94991,-111.0886,-0.627395,-0.778408,0.015561,-0.193496,0.136619,-0.971484,0.754136,-0.612619,-0.23625,0.264654,-0.166734,-0.094738,179.360227,-41.217993,17.157114,-0.75161,0.183762,0.632839,0.008393,-0.95712,0.287966,0.658926,0.22187,0.71865,0.309972,-0.155795,-0.09005,175.496945,-6.752347,6.589766,-0.989853,-0.06453,0.12545,0.077956,-0.991241,0.105236,0.117578,0.113964,0.986502,0.402952,-0.174994,-0.107128,165.247062,-41.123724,159.550033,-0.727817,0.460597,-0.507086,0.191658,0.84771,0.494537,0.657687,0.262964,-0.705205
0.249027,0.178929,-0.112598,-176.442673,-43.300696,-139.680735,-0.725825,-0.490093,-0.481876,-0.045122,0.733648,-0.677941,0.685827,-0.470583,-0.554515,0.297024,0.157944,-0.102329,-172.528711,-13.318658,-99.587601,-0.964516,-0.246886,0.090087,-0.126489,0.135909,-0.98247,0.230367,-0.95932,-0.162043,0.387548,0.173571,-0.116728,-162.874005,-48.937982,-111.072941,-0.627395,-0.778236,0.015424,-0.193323,0.136786,-0.97142,0.753999,-0.612683,-0.236082,0.264654,-0.166734,-0.094738,179.356397,-41.228717,17.157655,-0.751158,0.183784,0.63298,0.008438,-0.956839,0.287944,0.659066,0.221825,0.718479,0.309972,-0.155795,-0.090162,175.510126,-6.781683,6.57619,-0.989826,-0.064274,0.125914,0.077725,-0.9913,0.10499,0.118087,0.113723,0.986469,0.402952,-0.174882,-0.10724,165.299664,-41.128893,159.529351,-0.727817,0.459985,-0.50746,0.190944,0.847974,0.494345,0.657755,0.263155,-0.704942
0.249027,0.178929,-0.112598,-176.466971,-43.305215,-139.707678,-0.725926,-0.489623,-0.482407,-0.04482,0.734122,-0.677471,0.685885,-0.470367,-0.554788,0.297024,0.157944,-0.102329,-172.531789,-13.320443,-99.5858,-0.964831,-0.246897,0.090117,-0.126478,0.135594,-0.982654,0.230397,-0.959503,-0.162043,0.387437,0.173571,-0.116839,-162.873062,-48.945727,-111.080992,-0.627121,-0.778308,0.015168,-0.19325,0.13706,-0.971331,0.754088,-0.612426,-0.236082,0.264654,-0.166734,-0.094738,179.347391,-41.246815,17.178612,-0.751225,0.183903,0.633194,0.008557,-0.957009,0.288181,0.659304,0.222039,0.718242,0.309972,-0.155795,-0.090162,175.508614,-6.79521,6.591002,-0.989853,-0.064246,0.126166,0.077753,-0.99133,0.105225,0.118321,0.113975,0.986412,0.402952,-0.174771,-0.10724,165.303424,-41.145714,159.532481,-0.727817,0.460036,-0.507681,0.190893,0.847974,0.494389,0.657976,0.263111,-0.704942
0.249027,0.178929,-0.112598,-176.492161,-43.296022,-139.719638,-0.726188,-0.489154,-0.482688,-0.044515,0.734433,-0.677175,0.685768,-0.4704,-0.555062,0.297024,0.157944,-0.102217,-172.524105,-13.289542,-99.581579,-0.964831,-0.246398,0.090327,-0.12661,0.135654,-0.982582,0.229872,-0.959575,-0.161983,0.387437,0.173348,-0.116839,-162.924699,-48.952,-111.054932,-0.627121,-0.778237,0.014549,-0.192632,0.137395,-0.971371,0.75416,-0.612386,-0.235747,0.264654,-0.166734,-0.094738,179.35818,-41.250263,17.190375,-0.751292,0.184214,0.633149,0.008416,-0.957009,0.288492,0.659349,0.22218,0.718174,0.309972,-0.155795,-0.090274,175.507069,-6.823271,6.592397,-0.989853,-0.064219,0.126652,0.07778,-0.99139,0.105207,0.118807,0.113992,0.986352,0.402729,-0.174771,-0.107463,165.301628,-41.186873,159.549522,-0.727273,0.460066,-0.50831,0.190774,0.848076,0.494248,0.658517,0.262708,-0.704499
0.249138,0.178929,-0.112486,-176.523088,-43.219669,-139.688425,-0.726774,-0.488315,-0.482126,-0.044157,0.734497,-0.677072,0.684797,-0.471089,-0.555261,0.297024,0.157944,-0.102217,-172.556264,-13.261706,-99.570717,-0.964831,-0.245848,0.089854,-0.126059,0.135836,-0.982548,0.229399,-0.959609,-0.161801,0.387437,0.173236,-0.116728,-162.982109,-48.929099,-111.026428,-0.62774,-0.777866,0.014159,-0.192134,0.137624,-0.971489,0.753897,-0.612887,-0.23559,0.264765,-0.166734,-0.094738,179.335002,-41.263637,17.24484,-0.751043,0.184492,0.633255,0.008717,-0.956728,0.289148,0.659525,0.222812,0.717802,0.309972,-0.155907,-0.090274,175.491563,-6.836023,6.608076,-0.98988,-0.064434,0.126918,0.078052,-0.991421,0.105427,0.119028,0.114259,0.986295,0.402394,-0.174771,-0.107686,165.305882,-41.22348,159.598337,-0.726967,0.459762,-0.509155,0.190637,0.848469,0.493638,0.658998,0.261992,-0.704412
0.249138,0.178817,-0.112486,-176.571246,-43.22082,-139.693951,-0.727036,-0.487715,-0.4827,-0.04356,0.734882,-0.676732,0.684812,-0.471166,-0.555461,0.297024,0.157944,-0.102105,-172.581246,-13.224172,-99.538019,-0.964779,-0.24512,0.089606,-0.125624,0.135701,-0.98251,0.228762,-0.959699,-0.161253,0.387548,0.173236,-0.116839,-162.955379,-48.93372,-111.047477,-0.627466,-0.777975,0.014212,-0.19237,0.13773,-0.97138,0.75395,-0.612651,-0.235757,0.264765,-0.166846,-0.09485,179.318727,-41.264141,17.326059,-0.750929,0.185133,0.633078,0.008929,-0.956276,0.290329,0.659531,0.223823,0.717463,0.309972,-0.156018,-0.090385,175.504002,-6.864863,6.608611,-0.98988,-0.064164,0.127391,0.077836,-0.991481,0.105424,0.119528,0.114261,0.986235,0.402171,-0.174659,-0.107352,165.276066,-41.130437,159.65121,-0.727989,0.459352,-0.508196,0.191309,0.848775,0.492864,0.657775,0.261744,-0.705738
0.249138,0.178817,-0.112486,-176.564912,-43.20415,-139.691712,-0.727036,-0.487634,-0.482488,-0.043641,0.734882,-0.676694,0.6846,-0.471203,-0.555461,0.297024,0.157832,-0.102105,-172.602714,-13.247554,-99.536815,-0.965095,-0.245447,0.089269,-0.125297,0.135386,-0.982753,0.229159,-0.959823,-0.161253,0.387548,0.173236,-0.116728,-162.99835,-48.922742,-111.034644,-0.628085,-0.777777,0.013958,-0.192045,0.137792,-0.971562,0.753824,-0.613088,-0.235768,0.264765,-0.166846,-0.09485,179.31614,-41.281362,17.329086,-0.750929,0.185166,0.633304,0.008963,-0.956446,0.290341,0.659757,0.223811,0.717293,0.309972,-0.156018,-0.090497,175.499223,-6.90558,6.624058,-0.98942,-0.064099,0.128113,0.077883,-0.991086,0.105628,0.120234,0.114517,0.986117,0.402171,-0.174882,-0.107463,165.175437,-41.126259,159.719284,-0.727785,0.46025,-0.507809,0.192623,0.848539,0.492771,0.657721,0.260953,-0.706178
0.24925,0.178929,-0.112598,-176.52678,-43.277547,-139.735602,-0.72629,-0.488391,-0.483087,-0.044081,0.73498,-0.676585,0.685533,-0.470303,-0.555261,0.297024,0.157832,-0.102217,-172.61192,-13.258361,-99.537109,-0.965095,-0.245605,0.089086,-0.12514,0.135386,-0.982784,0.229342,-0.959793,-0.161253,0.38766,0.173348,-0.116728,-162.983008,-48.921341,-111.018404,-0.628013,-0.777793,0.014415,-0.192207,0.137351,-0.971578,0.753808,-0.613144,-0.23559,0.264765,-0.166846,-0.09485,179.281673,-41.276191,17.341502,-0.750929,0.184715,0.633371,0.009415,-0.956446,0.29017,0.659689,0.223982,0.717293,0.309972,-0.156018,-0.090497,175.499223,-6.90558,6.624058,-0.98942,-0.064099,0.128113,0.077883,-0.991086,0.105628,0.120234,0.114517,0.986117,0.402171,-0.174882,-0.107352,165.155431,-41.1133,159.724068,-0.727785,0.460421,-0.507537,0.192895,0.848451,0.492805,0.65755,0.260918,-0.706266
0.24925,0.178705,-0.112598,-176.610453,-43.246558,-139.74215,-0.726816,-0.48703,-0.483809,-0.043048,0.735751,-0.67583,0.685139,-0.470533,-0.555661,0.297024,0.157944,-0.102217,-172.578217,-13.264342,-99.545824,-0.964779,-0.245803,0.089554,-0.125676,0.135581,-0.982593,0.229444,-0.959616,-0.161374,0.38766,0.173348,-0.116839,-162.956291,-48.925964,-111.039442,-0.62774,-0.777902,0.014468,-0.192443,0.137457,-0.971469,0.753861,-0.612907,-0.235757,0.264765,-0.166846,-0.09485,179.288115,-41.275309,17.32352,-0.750862,0.184629,0.633383,0.00933,-0.956446,0.289944,0.659678,0.223756,0.71736,0.309972,-0.15613,-0.090497,175.486008,-6.89077,6.624228,-0.98942,-0.064356,0.127884,0.078112,-0.991055,0.105621,0.119977,0.114524,0.986147,0.402171,-0.174882,-0.107686,165.133163,-41.190574,159.715748,-0.72656,0.461063,-0.508261,0.192872,0.848173,0.493251,0.658566,0.26061,-0.705115
0.249473,0.178705,-0.112486,-176.689466,-43.171453,-139.716702,-0.727664,-0.48559,-0.48382,-0.042091,0.736197,-0.675387,0.684184,-0.471298,-0.556064,0.297024,0.157944,-0.102217,-172.57255,-13.234559,-99.520055,-0.964728,-0.245285,0.089805,-0.125766,0.135326,-0.982547,0.228938,-0.959714,-0.160946,0.387548,0.173348,-0.116839,-162.903748,-48.927444,-111.073513,-0.627466,-0.778047,0.014831,-0.192989,0.137395,-0.97134,0.753878,-0.612691,-0.236092,0.264765,-0.166846,-0.09485,179.289393,-41.308881,17.311599,-0.750794,0.184612,0.633846,0.009312,-0.956788,0.289742,0.660118,0.223507,0.717087,0.309972,-0.15613,-0.090608,175.470464,-6.918055,6.626509,-0.98942,-0.064572,0.128384,0.078382,-0.991116,0.105589,0.12045,0.114556,0.986086,0.402059,-0.175106,-0.107686,165.011685,-41.202844,159.712746,-0.725981,0.462928,-0.507343,0.194367,0.847161,0.494398,0.658727,0.260586,-0.704938
0.249473,0.178817,-0.112263,-176.708564,-43.019105,-139.605063,-0.729217,-0.484969,-0.481683,-0.041937,0.735216,-0.676418,0.682242,-0.473398,-0.55634,0.297135,0.157944,-0.102105,-172.57661,-13.195055,-99.53204,-0.965095,-0.244633,0.089846,-0.125745,0.135446,-0.982622,0.228267,-0.959954,-0.161193,0.387548,0.173459,-0.116839,-162.926547,-48.936499,-111.038855,-0.627668,-0.778091,0.015062,-0.192778,0.136848,-0.971549,0.753982,-0.612899,-0.235747,0.264877,-0.166846,-0.09485,179.294535,-41.301489,17.291148,-0.750274,0.184515,0.633772,0.009238,-0.956336,0.289482,0.660021,0.223247,0.717154,0.310083,-0.156353,-0.090608,175.44093,-6.944562,6.629676,-0.98942,-0.065031,0.128897,0.078896,-0.991177,0.10554,0.120909,0.114605,0.986025,0.401836,-0.175106,-0.107575,165.003208,-41.210098,159.704909,-0.726083,0.463228,-0.507248,0.19451,0.84697,0.494697,0.658822,0.260729,-0.705027
0.249362,0.178817,-0.111816,-176.662494,-42.864959,-139.498735,-0.731098,-0.485194,-0.478723,-0.042635,0.733611,-0.678127,0.680273,-0.475669,-0.556912,0.297135,0.157944,-0.101994,-172.573481,-13.145856,-99.522183,-0.96541,-0.243804,0.090111,-0.125839,0.135251,-0.982693,0.227431,-0.96025,-0.161073,0.387548,0.173459,-0.116728,-162.889338,-48.918313,-111.049249,-0.627668,-0.77799,0.015544,-0.193224,0.136681,-0.971445,0.753773,-0.613003,-0.235915,0.264877,-0.166846,-0.094962,179.295828,-41.335069,17.279217,-0.750207,0.184497,0.634236,0.009221,-0.956677,0.289279,0.660461,0.222998,0.716881,0.310083,-0.156353,-0.090832,175.424612,-6.985883,6.632691,-0.98942,-0.065234,0.12964,0.079179,-0.991269,0.105499,0.121625,0.114646,0.985933,0.401501,-0.174994,-0.107686,164.968949,-41.228702,159.715978,-0.725641,0.463676,-0.507288,0.194856,0.846793,0.494848,0.659066,0.260476,-0.704762
0.249362,0.178594,-0.111928,-176.733474,-42.905298,-139.55925,-0.730551,-0.484086,-0.480492,-0.041695,0.734953,-0.676713,0.680789,-0.4747,-0.556967,0.297135,0.157944,-0.101882,-172.598421,-13.108326,-99.489576,-0.965358,-0.243076,0.089863,-0.125405,0.135115,-0.982655,0.226793,-0.96034,-0.160526,0.387548,0.173459,-0.116839,-162.877944,-48.924307,-111.086531,-0.627466,-0.778083,0.01514,-0.193298,0.137228,-0.97132,0.753842,-0.612711,-0.23626,0.264877,-0.166957,-0.094962,179.27988,-41.366088,17.273514,-0.750139,0.184253,0.634733,0.009429,-0.957019,0.288991,0.660868,0.222835,0.716606,0.310083,-0.156465,-0.090943,175.409828,-7.028233,6.607478,-0.989366,-0.065468,0.130365,0.079432,-0.991362,0.10497,0.122358,0.114202,0.985894,0.401389,-0.175106,-0.107686,164.885847,-41.258951,159.751019,-0.725199,0.464788,-0.507176,0.195866,0.846348,0.495235,0.659463,0.259987,-0.704765
0.249808,0.178929,-0.112375,-176.818651,-42.951583,-139.594544,-0.730329,-0.483139,-0.482186,-0.040593,0.735967,-0.675721,0.68138,-0.474155,-0.557023,0.297135,0.157944,-0.101771,-172.602475,-13.068824,-99.501618,-0.965725,-0.242424,0.089903,-0.125383,0.135235,-0.982731,0.226121,-0.960579,-0.160774,0.387548,0.173459,-0.116839,-162.892345,-48.912388,-111.070884,-0.627466,-0.77791,0.015003,-0.193126,0.137395,-0.971257,0.753706,-0.612774,-0.236092,0.264877,-0.166957,-0.095073,179.275985,-41.376805,17.274088,-0.749688,0.184276,0.634873,0.009474,-0.956738,0.288969,0.661008,0.222789,0.716435,0.310083,-0.156465,-0.090943,175.423044,-7.043044,6.607303,-0.989366,-0.065211,0.130594,0.079202,-0.991393,0.104977,0.122615,0.114196,0.985863,0.401389,-0.175106,-0.107798,164.925896,-41.284873,159.741423,-0.725199,0.464448,-0.50772,0.195322,0.846526,0.495167,0.659803,0.260056,-0.704587
0.249585,0.178705,-0.112151,-176.796515,-42.927558,-139.586105,-0.730491,-0.483271,-0.481644,-0.040885,0.735732,-0.675941,0.681073,-0.474359,-0.557097,0.297135,0.158055,-0.101771,-172.595265,-13.059134,-99.479776,-0.965674,-0.242247,0.090128,-0.1255,0.134919,-0.982727,0.225957,-0.960635,-0.160407,0.387548,0.173459,-0.116728,-162.919997,-48.900025,-111.041799,-0.628013,-0.777728,0.015207,-0.192962,0.137016,-0.971454,0.753564,-0.613267,-0.235925,0.264877,-0.166957,-0.094962,179.295823,-41.362141,17.264821,-0.749688,0.184468,0.634614,0.009214,-0.956567,0.289043,0.660816,0.222715,0.716606,0.310083,-0.156465,-0.090943,175.423817,-7.029008,6.60659,-0.989366,-0.065225,0.130351,0.079189,-0.991362,0.104986,0.122372,0.114187,0.985894,0.401389,-0.174994,-0.107686,164.928594,-41.233075,159.747733,-0.725539,0.46404,-0.507231,0.195377,0.846717,0.494784,0.659124,0.260098,-0.70494
0.249473,0.178929,-0.112263,-176.71093,-42.948934,-139.499227,-0.730511,-0.485349,-0.480033,-0.041981,0.733848,-0.677975,0.681346,-0.475235,-0.556414,0.297135,0.158055,-0.101659,-172.59677,-13.039059,-99.475917,-0.965674,-0.241906,0.090153,-0.125474,0.134979,-0.982686,0.225615,-0.960676,-0.160347,0.387548,0.173459,-0.116728,-162.965038,-48.869829,-111.018769,-0.628359,-0.777294,0.014733,-0.192528,0.137518,-0.9714,0.753217,-0.613595,-0.235768,0.264877,-0.166957,-0.094962,179.295823,-41.362141,17.264821,-0.749688,0.184468,0.634614,0.009214,-0.956567,0.289043,0.660816,0.222715,0.716606,0.310083,-0.156465,-0.090943,175.438575,-7.030293,6.591581,-0.98934,-0.064997,0.130329,0.07893,-0.991362,0.104758,0.122394,0.113928,0.985921,0.401389,-0.174994,-0.107686,164.942485,-41.250694,159.711262,-0.725301,0.464204,-0.507284,0.195124,0.846513,0.49522,0.659355,0.260444,-0.704498
0.249362,0.178817,-0.11204,-176.747022,-42.903097,-139.485736,-0.730936,-0.484588,-0.479933,-0.041544,0.73407,-0.677737,0.68076,-0.475635,-0.556616,0.297135,0.158055,-0.101771,-172.605975,-13.049855,-99.476206,-0.965674,-0.242064,0.08997,-0.125317,0.134979,-0.982716,0.225799,-0.960646,-0.160347,0.387548,0.173348,-0.116728,-162.991724,-48.865203,-110.997768,-0.628632,-0.777185,0.01468,-0.192291,0.137412,-0.971509,0.753164,-0.613832,-0.2356,0.264988,-0.166957,-0.094962,179.323423,-41.353116,17.240029,-0.750072,0.184586,0.634451,0.008858,-0.956848,0.288924,0.660698,0.222449,0.716845,0.310083,-0.156353,-0.090943,175.454105,-7.017539,6.575864,-0.989313,-0.064783,0.130064,0.078658,-0.991331,0.104539,0.122173,0.113661,0.985979,0.401278,-0.174994,-0.107798,164.908193,-41.269305,159.722378,-0.724859,0.464652,-0.507325,0.195471,0.846335,0.495371,0.659599,0.260191,-0.704234
0.249473,0.178817,-0.11204,-176.765104,-42.869351,-139.447507,-0.73126,-0.484376,-0.479515,-0.041331,0.733819,-0.678007,0.680329,-0.476215,-0.556543,0.297135,0.158055,-0.101771,-172.605975,-13.049855,-99.476206,-0.965674,-0.242064,0.08997,-0.125317,0.134979,-0.982716,0.225799,-0.960646,-0.160347,0.38766,0.173348,-0.116728,-163.018396,-48.860573,-110.976783,-0.628906,-0.777076,0.014627,-0.192055,0.137306,-0.971618,0.753111,-0.614068,-0.235433,0.264988,-0.166957,-0.094962,179.340674,-41.355691,17.2338,-0.750072,0.184812,0.634417,0.008632,-0.956848,0.28901,0.660732,0.222364,0.716845,0.310083,-0.156353,-0.090943,175.468097,-7.018311,6.574978,-0.989313,-0.06454,0.13005,0.078415,-0.991331,0.104555,0.122187,0.113645,0.985979,0.401389,-0.174994,-0.107686,164.918393,-41.251187,159.735055,-0.725199,0.464346,-0.507278,0.195424,0.846526,0.495078,0.659361,0.260145,-0.704587
0.249808,0.178817,-0.112263,-176.8792,-42.888618,-139.545053,-0.731077,-0.482248,-0.481881,-0.03986,0.735938,-0.675789,0.680575,-0.475097,-0.557154,0.297135,0.158055,-0.101771,-172.59677,-13.039059,-99.475917,-0.965674,-0.241906,0.090153,-0.125474,0.134979,-0.982686,0.225615,-0.960676,-0.160347,0.38766,0.173236,-0.116616,-163.074789,-48.845422,-110.956474,-0.629251,-0.776778,0.01398,-0.191484,0.137807,-0.971647,0.752937,-0.614312,-0.235277,0.264877,-0.166957,-0.094962,179.32645,-41.350944,17.267328,-0.749755,0.184971,0.634309,0.008814,-0.956396,0.289428,0.660669,0.222782,0.71671,0.310083,-0.156353,-0.090832,175.468101,-7.003771,6.58839,-0.98934,-0.064538,0.129816,0.078417,-0.9913,0.104807,0.121935,0.11388,0.985983,0.401389,-0.175106,-0.10791,164.89567,-41.290034,159.733557,-0.724859,0.464924,-0.507495,0.195641,0.846246,0.495494,0.659871,0.260068,-0.704323
0.249585,0.178705,-0.112151,-176.843105,-42.934403,-139.558445,-0.730652,-0.483009,-0.481981,-0.040298,0.735718,-0.676027,0.681161,-0.474698,-0.55695,0.297135,0.158055,-0.101771,-172.587565,-13.028264,-99.475628,-0.965674,-0.241748,0.090337,-0.125632,0.134979,-0.982657,0.225432,-0.960706,-0.160347,0.38766,0.173124,-0.116728,-163.114152,-48.844409,-110.935907,-0.628978,-0.776643,0.013277,-0.190928,0.138415,-0.971514,0.752925,-0.6141,-0.234943,0.264877,-0.166846,-0.094962,179.324304,-41.356192,17.315093,-0.749958,0.185453,0.63424,0.008845,-0.956396,0.290191,0.660738,0.223374,0.716507,0.310083,-0.156353,-0.090832,175.480554,-7.018075,6.602331,-0.989366,-0.064266,0.130054,0.078203,-0.991331,0.105057,0.122182,0.114116,0.985925,0.401278,-0.175106,-0.107798,164.867813,-41.273676,159.754174,-0.724757,0.465015,-0.507267,0.195991,0.846259,0.495307,0.659656,0.259813,-0.704412
0.249585,0.178594,-0.11204,-176.831109,-42.909245,-139.602357,-0.730592,-0.482508,-0.482041,-0.040449,0.736276,-0.675352,0.680839,-0.47426,-0.557301,0.297135,0.158167,-0.101771,-172.585577,-13.027155,-99.49718,-0.965725,-0.241767,0.090296,-0.125673,0.135294,-0.982631,0.225413,-0.96068,-0.160714,0.387548,0.173236,-0.116728,-163.12734,-48.86501,-110.96236,-0.629323,-0.776863,0.013041,-0.190875,0.138415,-0.971734,0.753162,-0.614154,-0.235289,0.264877,-0.166846,-0.095073,179.303177,-41.379236,17.447258,-0.750051,0.186611,0.634219,0.009122,-0.956116,0.292146,0.66104,0.224964,0.715792,0.310083,-0.156353,-0.090832,175.492234,-7.031881,6.63039,-0.98942,-0.063978,0.130302,0.078004,-0.991362,0.10555,0.122422,0.114596,0.98584,0.401389,-0.174994,-0.107798,164.865506,-41.276277,159.778005,-0.725097,0.464981,-0.507391,0.196115,0.846361,0.495137,0.659691,0.259643,-0.704854
0.249473,0.178817,-0.112151,-176.764879,-42.912749,-139.573618,-0.730814,-0.483697,-0.480984,-0.041308,0.735262,-0.676455,0.680884,-0.474694,-0.557244,0.297135,0.158167,-0.101771,-172.565665,-13.025635,-99.500459,-0.965725,-0.241793,0.090638,-0.126014,0.135235,-0.982612,0.225387,-0.960699,-0.160774,0.38766,0.173124,-0.116616,-163.13512,-48.816666,-110.949886,-0.629669,-0.776327,0.013049,-0.190886,0.138748,-0.971576,0.752606,-0.614585,-0.2353,0.264877,-0.166846,-0.095073,179.259112,-41.388787,17.553448,-0.749558,0.187135,0.634203,0.009693,-0.955384,0.293444,0.661165,0.226239,0.71521,0.310083,-0.156353,-0.090832,175.531121,-7.046762,6.670793,-0.989502,-0.063189,0.13053,0.077335,-0.991393,0.106317,0.122679,0.115287,0.985728,0.401389,-0.174882,-0.10791,164.858309,-41.262208,159.817481,-0.724792,0.464524,-0.507575,0.19613,0.846755,0.494396,0.659506,0.259059,-0.704765
0.249585,0.17904,-0.112375,-176.679933,-42.971148,-139.596264,-0.729965,-0.485059,-0.480761,-0.042346,0.734818,-0.676857,0.68163,-0.473969,-0.556838,0.297024,0.158167,-0.101771,-172.564157,-13.045709,-99.504321,-0.965725,-0.242134,0.090612,-0.12604,0.135175,-0.982653,0.225728,-0.960658,-0.160833,0.38766,0.173348,-0.116505,-163.089176,-48.781239,-110.973485,-0.630288,-0.7761,0.013896,-0.191626,0.138308,-0.971616,0.752199,-0.615164,-0.235813,0.264877,-0.166846,-0.094962,179.235394,-41.38706,17.577695,-0.749627,0.186994,0.634226,0.010004,-0.955384,0.293584,0.661142,0.22655,0.715142,0.310083,-0.156242,-0.09072,175.557563,-7.047343,6.69726,-0.989556,-0.062671,0.13052,0.076879,-0.991393,0.106834,0.122689,0.115742,0.985674,0.401501,-0.174882,-0.10791,164.882072,-41.292025,159.815876,-0.724792,0.464405,-0.508068,0.195807,0.846844,0.494406,0.659897,0.259049,-0.704676
0.249473,0.17904,-0.112486,-176.676145,-43.01804,-139.607471,-0.729379,-0.485394,-0.481272,-0.04236,0.734906,-0.676757,0.682229,-0.473483,-0.556488,0.297024,0.158167,-0.101882,-172.562649,-13.065784,-99.508187,-0.965725,-0.242475,0.090586,-0.126066,0.135115,-0.982694,0.22607,-0.960617,-0.160893,0.38766,0.173348,-0.116505,-163.067382,-48.764491,-111.000074,-0.63036,-0.775983,0.013922,-0.19191,0.138582,-0.971497,0.752007,-0.615212,-0.236159,0.264877,-0.166846,-0.094962,179.255269,-41.372443,17.56838,-0.749627,0.187186,0.633966,0.009744,-0.955213,0.293658,0.660951,0.226476,0.715312,0.310083,-0.15613,-0.09072,175.585549,-7.048918,6.69548,-0.989556,-0.062185,0.130493,0.076393,-0.991393,0.106865,0.122717,0.115711,0.985674,0.401501,-0.174882,-0.108133,164.853787,-41.324859,159.806419,-0.72401,0.464938,-0.508206,0.19598,0.846564,0.494772,0.660328,0.258921,-0.70397
0.249473,0.179152,-0.112598,-176.583851,-43.073567,-139.643104,-0.728369,-0.486673,-0.481085,-0.043479,0.734622,-0.676948,0.682937,-0.472545,-0.556085,0.297024,0.158167,-0.101994,-172.548892,-13.073301,-99.513552,-0.96541,-0.242648,0.090714,-0.126261,0.135371,-0.982521,0.226197,-0.960422,-0.160953,0.38766,0.173348,-0.116505,-163.040775,-48.769126,-111.020996,-0.630086,-0.776092,0.013976,-0.192147,0.138688,-0.971387,0.75206,-0.614975,-0.236326,0.264877,-0.166846,-0.094962,179.276478,-41.364352,17.561573,-0.750078,0.187389,0.633791,0.009472,-0.955493,0.293766,0.660845,0.226437,0.715483,0.310083,-0.15613,-0.090608,175.614322,-7.036457,6.693008,-0.989556,-0.061712,0.130222,0.075893,-0.991362,0.106905,0.122501,0.115672,0.985705,0.401724,-0.175106,-0.108356,164.806468,-41.413446,159.79879,-0.722888,0.466099,-0.508781,0.196317,0.846004,0.4956,0.661488,0.258671,-0.703002
0.249473,0.179375,-0.112709,-176.554377,-43.144044,-139.707513,-0.727885,-0.487174,-0.481884,-0.043826,0.734957,-0.676624,0.683835,-0.471596,-0.556235,0.297024,0.158279,-0.101994,-172.540748,-13.063147,-99.533029,-0.965777,-0.24252,0.090886,-0.126448,0.135371,-0.982649,0.226025,-0.96061,-0.16132,0.38766,0.173348,-0.116505,-163.042925,-48.749988,-111.010851,-0.629813,-0.775856,0.013755,-0.192037,0.139129,-0.971151,0.75184,-0.614866,-0.236159,0.264765,-0.166846,-0.094962,179.292397,-41.360451,17.552855,-0.749627,0.187603,0.633671,0.009258,-0.955042,0.293817,0.660794,0.226317,0.715483,0.310083,-0.156018,-0.090608,175.641527,-7.052068,6.691921,-0.989556,-0.061213,0.130438,0.075421,-0.991393,0.106927,0.122771,0.115649,0.985674,0.401724,-0.175106,-0.108691,164.829941,-41.492581,159.767093,-0.722209,0.466423,-0.509637,0.195815,0.8458,0.496163,0.662523,0.258788,-0.702119
0.249696,0.17904,-0.112598,-176.691687,-43.047175,-139.676954,-0.728996,-0.48484,-0.482337,-0.04214,0.735861,-0.675724,0.6826,-0.472556,-0.556764,0.297024,0.158279,-0.102105,-172.56018,-13.043484,-99.547431,-0.965829,-0.242172,0.09053,-0.126122,0.135806,-0.982601,0.22569,-0.960606,-0.161568,0.387548,0.173236,-0.116616,-163.080923,-48.760377,-110.99253,-0.630086,-0.775883,0.013529,-0.191664,0.139022,-0.971344,0.751959,-0.615019,-0.235992,0.264765,-0.166734,-0.094962,179.313495,-41.379406,17.531691,-0.749558,0.187778,0.633875,0.008981,-0.955213,0.293689,0.661042,0.225994,0.715381,0.310083,-0.155907,-0.090608,175.641517,-7.066588,6.678486,-0.989529,-0.061215,0.130673,0.075419,-0.991424,0.106676,0.123023,0.115414,0.98567,0.401836,-0.174994,-0.108691,164.837831,-41.496,159.751235,-0.722311,0.466502,-0.509592,0.195736,0.845698,0.496384,0.662568,0.259008,-0.702119
0.24992,0.179152,-0.112375,-176.785063,-42.881313,-139.617034,-0.731178,-0.482809,-0.481288,-0.04107,0.735967,-0.675698,0.680482,-0.474501,-0.557872,0.297024,0.15839,-0.102217,-172.581604,-13.024937,-99.54029,-0.965829,-0.241805,0.090215,-0.125755,0.135925,-0.982579,0.225375,-0.960628,-0.161448,0.387548,0.173348,-0.116616,-163.056978,-48.762769,-111.029259,-0.630432,-0.776003,0.013775,-0.192057,0.138855,-0.97146,0.751987,-0.615176,-0.236504,0.264765,-0.166734,-0.094962,179.296241,-41.376787,17.537916,-0.749558,0.187552,0.633909,0.009207,-0.955213,0.293603,0.661008,0.226079,0.715381,0.310083,-0.156018,-0.090608,175.642293,-7.067071,6.664362,-0.989502,-0.06123,0.130664,0.075403,-0.991424,0.106433,0.123031,0.115171,0.985697,0.401836,-0.174994,-0.108468,164.860569,-41.457071,159.752614,-0.722651,0.465924,-0.509377,0.19552,0.845978,0.495966,0.662059,0.259086,-0.702382
0.249585,0.179152,-0.112486,-176.659535,-43.024372,-139.616121,-0.729379,-0.485607,-0.481191,-0.042573,0.734832,-0.676839,0.682309,-0.473402,-0.556562,0.297024,0.15839,-0.102217,-172.613744,-12.997121,-99.529605,-0.965829,-0.241254,0.089742,-0.125204,0.136104,-0.982546,0.224902,-0.960661,-0.16127,0.38766,0.173348,-0.116505,-163.075198,-48.716211,-110.987641,-0.630706,-0.775447,0.013931,-0.191921,0.138915,-0.971339,0.751451,-0.615643,-0.236171,0.264765,-0.166846,-0.09485,179.2894,-41.36256,17.525543,-0.749941,0.187218,0.633815,0.009301,-0.955493,0.293314,0.660822,0.225985,0.715621,0.310083,-0.156018,-0.090608,175.656289,-7.067855,6.663471,-0.989502,-0.060987,0.130651,0.07516,-0.991424,0.106448,0.123045,0.115156,0.985697,0.401836,-0.174994,-0.108356,164.858569,-41.429361,159.754238,-0.723092,0.465867,-0.509014,0.195666,0.845978,0.495928,0.661696,0.259226,-0.702824
0.249473,0.179152,-0.112821,-176.587031,-43.228217,-139.700191,-0.726875,-0.487502,-0.48303,-0.043349,0.735118,-0.676475,0.684906,-0.470999,-0.555386,0.296912,0.15839,-0.102329,-172.601516,-13.026464,-99.537015,-0.965829,-0.241779,0.089873,-0.125413,0.135985,-0.982598,0.225401,-0.960609,-0.161389,0.38766,0.173124,-0.116393,-163.126707,-48.722481,-110.961816,-0.630706,-0.775375,0.013311,-0.191302,0.139249,-0.971379,0.751523,-0.615603,-0.235837,0.264765,-0.166734,-0.09485,179.309265,-41.347941,17.516253,-0.749941,0.18741,0.633555,0.009041,-0.955322,0.293388,0.66063,0.225911,0.715791,0.310083,-0.155907,-0.090385,175.657093,-7.024785,6.689657,-0.989556,-0.060997,0.129938,0.07515,-0.991331,0.106959,0.122299,0.115617,0.985736,0.401948,-0.174994,-0.108356,164.850699,-41.425949,159.770085,-0.72299,0.465788,-0.509059,0.195745,0.84608,0.495707,0.661652,0.259006,-0.702824
0.249362,0.179487,-0.112933,-176.436716,-43.291921,-139.726921,-0.725764,-0.489672,-0.482151,-0.045194,0.734208,-0.677303,0.685716,-0.47011,-0.554863,0.296912,0.15839,-0.102329,-172.557612,-13.062912,-99.53153,-0.965462,-0.242483,0.090515,-0.126118,0.135746,-0.982484,0.226021,-0.960407,-0.16126,0.38766,0.173124,-0.116393,-163.111501,-48.74214,-110.985297,-0.630432,-0.775621,0.013192,-0.191402,0.139356,-0.971353,0.751749,-0.615283,-0.236004,0.264765,-0.166734,-0.09485,179.302907,-41.321794,17.548628,-0.75053,0.187523,0.633165,0.009132,-0.955432,0.29385,0.660287,0.226421,0.715996,0.310195,-0.155795,-0.090162,175.730297,-6.929067,6.722854,-0.989638,-0.059831,0.128193,0.073885,-0.991116,0.107823,0.12064,0.116212,0.985868,0.402282,-0.174994,-0.108356,164.860905,-41.407813,159.782722,-0.72333,0.465482,-0.509012,0.195699,0.846271,0.495414,0.661414,0.258959,-0.703176
0.249138,0.17971,-0.113156,-176.25916,-43.468463,-139.769648,-0.723807,-0.493096,-0.482056,-0.047325,0.732988,-0.678527,0.687955,-0.468503,-0.553803,0.2968,0.158502,-0.10244,-172.525959,-13.111931,-99.524606,-0.96541,-0.243356,0.091003,-0.126654,0.135191,-0.982584,0.226854,-0.960359,-0.161133,0.38766,0.173236,-0.116505,-163.111501,-48.74214,-110.985297,-0.630432,-0.775621,0.013192,-0.191402,0.139356,-0.971353,0.751749,-0.615283,-0.236004,0.264765,-0.166622,-0.09485,179.292632,-41.306364,17.581567,-0.750667,0.18766,0.632916,0.009268,-0.955262,0.29429,0.660085,0.226884,0.716029,0.310195,-0.155684,-0.090162,175.743606,-6.900382,6.762996,-0.989721,-0.05957,0.127717,0.07366,-0.991055,0.108584,0.120143,0.116909,0.985847,0.402282,-0.175217,-0.108691,164.777774,-41.476646,159.811704,-0.722005,0.466655,-0.509404,0.196465,0.845825,0.495835,0.662315,0.258233,-0.702298
0.249138,0.17971,-0.113156,-176.291313,-43.461592,-139.718516,-0.723706,-0.493011,-0.481979,-0.04691,0.732741,-0.678788,0.687868,-0.468928,-0.553304,0.2968,0.158502,-0.102552,-172.51268,-13.140638,-99.51232,-0.965043,-0.243851,0.091146,-0.126833,0.135071,-0.982478,0.227342,-0.960149,-0.160886,0.38766,0.173236,-0.116505,-163.106695,-48.763514,-110.979599,-0.630086,-0.775847,0.01322,-0.191354,0.139189,-0.971363,0.751995,-0.614999,-0.235825,0.264765,-0.166622,-0.094738,179.274208,-41.2702,17.599616,-0.750736,0.18745,0.632487,0.00951,-0.954921,0.294407,0.659611,0.227219,0.716301,0.310195,-0.155572,-0.09005,175.75689,-6.88621,6.789696,-0.989776,-0.05931,0.127477,0.073433,-0.991025,0.109094,0.119898,0.117372,0.985822,0.402394,-0.175217,-0.108914,164.726642,-41.529503,159.853408,-0.721462,0.467346,-0.509879,0.197009,0.845658,0.495935,0.663006,0.257589,-0.702126
0.249138,0.17971,-0.113156,-176.331073,-43.46556,-139.703125,-0.723706,-0.492668,-0.482352,-0.046406,0.732893,-0.678661,0.687918,-0.469055,-0.553152,0.2968,0.158502,-0.10244,-172.494768,-13.140241,-99.494072,-0.964991,-0.243858,0.091529,-0.127133,0.134695,-0.982485,0.227335,-0.960194,-0.160579,0.38766,0.173236,-0.116393,-163.144684,-48.773898,-110.961289,-0.63036,-0.775875,0.012993,-0.190981,0.139082,-0.971556,0.752115,-0.615153,-0.235658,0.264765,-0.166622,-0.094738,179.25451,-41.257753,17.623229,-0.751257,0.187287,0.632369,0.009775,-0.955202,0.294571,0.659448,0.227576,0.716403,0.310195,-0.155572,-0.09005,175.742139,-6.884937,6.804687,-0.989804,-0.059538,0.127499,0.073692,-0.991025,0.109322,0.119876,0.117631,0.985794,0.402394,-0.175217,-0.108579,164.755395,-41.466279,159.840395,-0.722345,0.466791,-0.509256,0.196861,0.845837,0.495699,0.662179,0.258028,-0.702829
0.248915,0.179487,-0.112821,-176.312671,-43.386661,-139.634517,-0.724514,-0.492806,-0.480811,-0.046691,0.732008,-0.679575,0.686918,-0.470259,-0.553228,0.2968,0.158502,-0.10244,-172.495272,-13.161444,-99.476415,-0.96494,-0.24418,0.091544,-0.127118,0.134319,-0.982552,0.227696,-0.960179,-0.160273,0.38766,0.173348,-0.116393,-163.117117,-48.765226,-110.950396,-0.630014,-0.775827,0.013367,-0.191207,0.138915,-0.971399,0.752015,-0.615036,-0.235479,0.264765,-0.166622,-0.094738,179.24808,-41.258646,17.641226,-0.751326,0.187372,0.632357,0.009861,-0.955202,0.294796,0.659459,0.227802,0.716334,0.310195,-0.155572,-0.09005,175.728247,-6.855127,6.832447,-0.98986,-0.059779,0.127043,0.073937,-0.990964,0.109809,0.119359,0.118116,0.985799,0.402394,-0.175329,-0.108468,164.671066,-41.427773,159.878749,-0.722243,0.467442,-0.508435,0.197976,0.84558,0.49566,0.661675,0.257626,-0.703188
0.249138,0.179598,-0.112933,-176.413654,-43.327456,-139.568483,-0.725262,-0.491576,-0.480879,-0.045456,0.732139,-0.679511,0.686167,-0.471332,-0.553197,0.2968,0.158502,-0.102552,-172.498343,-13.163218,-99.474637,-0.965255,-0.244191,0.091574,-0.127107,0.134004,-0.982736,0.227726,-0.960362,-0.160273,0.38766,0.173236,-0.116281,-163.155921,-48.767826,-110.924129,-0.630562,-0.775782,0.013397,-0.190907,0.138535,-0.971681,0.752045,-0.615445,-0.235313,0.264765,-0.166622,-0.09485,179.25451,-41.257753,17.623229,-0.751257,0.187287,0.632369,0.009775,-0.955202,0.294571,0.659448,0.227576,0.716403,0.310195,-0.155684,-0.09005,175.713504,-6.853847,6.847434,-0.989888,-0.060007,0.127065,0.074195,-0.990964,0.110037,0.119337,0.118374,0.985771,0.402394,-0.175329,-0.108468,164.665054,-41.413505,159.899345,-0.722583,0.467357,-0.508338,0.19815,0.845681,0.495445,0.661489,0.257501,-0.70363
