Sensor #1 X,Sensor #1 Y,Sensor #1 Z,"Sensor #1 Euler Angles (Z Y'X"") Z","Sensor #1 Euler Angles (Z Y'X"") Y'","Sensor #1 Euler Angles (Z Y'X"") X""","Sensor #1 Rotation Matrix M0,0","Sensor #1 Rotation Matrix M0,1","Sensor #1 Rotation Matrix M0,2","Sensor #1 Rotation Matrix M1,0","Sensor #1 Rotation Matrix M1,1","Sensor #1 Rotation Matrix M1,2","Sensor #1 Rotation Matrix M2,0","Sensor #1 Rotation Matrix M2,1","Sensor #1 Rotation Matrix M2,2",Sensor #2 X,Sensor #2 Y,Sensor #2 Z,"Sensor #2 Euler Angles (Z Y'X"") Z","Sensor #2 Euler Angles (Z Y'X"") Y'","Sensor #2 Euler Angles (Z Y'X"") X""","Sensor #2 Rotation Matrix M0,0","Sensor #2 Rotation Matrix M0,1","Sensor #2 Rotation Matrix M0,2","Sensor #2 Rotation Matrix M1,0","Sensor #2 Rotation Matrix M1,1","Sensor #2 Rotation Matrix M1,2","Sensor #2 Rotation Matrix M2,0","Sensor #2 Rotation Matrix M2,1","Sensor #2 Rotation Matrix M2,2",Sensor #3 X,Sensor #3 Y,Sensor #3 Z,"Sensor #3 Euler Angles (Z Y'X"") Z","Sensor #3 Euler Angles (Z Y'X"") Y'","Sensor #3 Euler Angles (Z Y'X"") X""","Sensor #3 Rotation Matrix M0,0","Sensor #3 Rotation Matrix M0,1","Sensor #3 Rotation Matrix M0,2","Sensor #3 Rotation Matrix M1,0","Sensor #3 Rotation Matrix M1,1","Sensor #3 Rotation Matrix M1,2","Sensor #3 Rotation Matrix M2,0","Sensor #3 Rotation Matrix M2,1","Sensor #3 Rotation Matrix M2,2",Sensor #4 X,Sensor #4 Y,Sensor #4 Z,"Sensor #4 Euler Angles (Z Y'X"") Z","Sensor #4 Euler Angles (Z Y'X"") Y'","Sensor #4 Euler Angles (Z Y'X"") X""","Sensor #4 Rotation Matrix M0,0","Sensor #4 Rotation Matrix M0,1","Sensor #4 Rotation Matrix M0,2","Sensor #4 Rotation Matrix M1,0","Sensor #4 Rotation Matrix M1,1","Sensor #4 Rotation Matrix M1,2","Sensor #4 Rotation Matrix M2,0","Sensor #4 Rotation Matrix M2,1","Sensor #4 Rotation Matrix M2,2",Sensor #5 X,Sensor #5 Y,Sensor #5 Z,"Sensor #5 Euler Angles (Z Y'X"") Z","Sensor #5 Euler Angles (Z Y'X"") Y'","Sensor #5 Euler Angles (Z Y'X"") X""","Sensor #5 Rotation Matrix M0,0","Sensor #5 Rotation Matrix M0,1","Sensor #5 Rotation Matrix M0,2","Sensor #5 Rotation Matrix M1,0","Sensor #5 Rotation Matrix M1,1","Sensor #5 Rotation Matrix M1,2","Sensor #5 Rotation Matrix M2,0","Sensor #5 Rotation Matrix M2,1","Sensor #5 Rotation Matrix M2,2",Sensor #6 X,Sensor #6 Y,Sensor #6 Z,"Sensor #6 Euler Angles (Z Y'X"") Z","Sensor #6 Euler Angles (Z Y'X"") Y'","Sensor #6 Euler Angles (Z Y'X"") X""","Sensor #6 Rotation Matrix M0,0","Sensor #6 Rotation Matrix M0,1","Sensor #6 Rotation Matrix M0,2","Sensor #6 Rotation Matrix M1,0","Sensor #6 Rotation Matrix M1,1","Sensor #6 Rotation Matrix M1,2","Sensor #6 Rotation Matrix M2,0","Sensor #6 Rotation Matrix M2,1","Sensor #6 Rotation Matrix M2,2"
0.304279,0.064182,-0.237725,-72.008927,-25.162107,136.655344,0.279528,-0.781777,-0.557227,-0.860754,0.053164,-0.505993,0.425181,0.621089,-0.658056,0.359755,0.087846,-0.226005,-137.031361,-8.931592,-162.21075,-0.72278,-0.683654,0.10003,-0.673264,0.664461,-0.324296,0.155255,-0.301777,-0.940533,0.418802,0.130262,-0.242748,-123.022457,-20.093163,-160.10547,-0.511636,-0.851921,0.109084,-0.787175,0.414685,-0.456262,0.343548,-0.319452,-0.88274,0.326827,-0.017497,-0.21808,98.583908,-14.680212,105.614697,-0.144378,0.302618,0.942062,0.95647,-0.201099,0.211241,0.253424,0.931601,-0.260365,0.358973,-0.028659,-0.229019,140.506144,-5.33166,71.304496,-0.768164,-0.135801,0.625294,0.633088,-0.303082,0.712026,0.092921,0.943048,0.319122,0.442578,-0.08179,-0.235604,131.727534,-2.864363,-137.700664,-0.664538,0.529506,-0.526644,0.745139,0.51763,-0.42028,0.049972,-0.671931,-0.73846
0.309972,0.048667,-0.235381,-71.808644,-25.391572,137.268104,0.281984,-0.788596,-0.546183,-0.858096,0.047445,-0.510923,0.428802,0.612769,-0.663311,0.36355,0.078135,-0.226005,-135.341487,-8.490667,-162.119699,-0.70335,-0.701031,0.115767,-0.695016,0.645211,-0.317115,0.147648,-0.303584,-0.941021,0.418802,0.124123,-0.243194,-120.926856,-19.755819,-160.39644,-0.483546,-0.866183,0.123976,-0.807088,0.387137,-0.445546,0.338012,-0.31564,-0.886246,0.325264,-0.009795,-0.219419,96.243947,-12.087284,108.445763,-0.106325,0.336295,0.935486,0.971792,-0.162742,0.169249,0.209402,0.927325,-0.309303,0.356183,-0.022408,-0.230693,138.925514,-4.752203,74.426438,-0.751134,-0.116142,0.649587,0.654667,-0.254648,0.71156,0.082847,0.959905,0.267533,0.439899,-0.076991,-0.236609,129.982384,-1.374749,-136.170783,-0.641947,0.541881,-0.54126,0.765521,0.47677,-0.431569,0.023992,-0.691837,-0.720705
0.316669,0.064629,-0.197988,-133.63904,-40.546886,-157.73433,-0.524138,-0.839502,-0.141215,-0.549649,0.460683,-0.696745,0.65007,-0.287758,-0.702825,0.36701,0.064517,-0.19263,-142.524488,-5.424268,-119.11818,-0.789919,-0.361598,0.494895,-0.60559,0.336082,-0.721234,0.09453,-0.869577,-0.484362,0.436327,0.118653,-0.194639,-142.37129,-31.289422,-118.814944,-0.676577,-0.654663,0.336441,-0.521575,0.104164,-0.846676,0.519361,-0.748543,-0.411769,0.308744,-0.087371,-0.202788,147.196387,-38.685146,45.747176,-0.655737,-0.001405,0.754525,0.422652,-0.828684,0.365891,0.62504,0.559025,0.544632,0.357746,-0.085251,-0.195979,158.935771,-6.561154,25.52438,-0.926923,-0.278331,0.251078,0.357005,-0.859647,0.365047,0.114264,0.428069,0.896484,0.446819,-0.125099,-0.206806,147.564668,-16.483811,-177.748677,-0.808976,0.526316,-0.260369,0.514092,0.849418,0.118897,0.283744,-0.037652,-0.957732
0.300596,0.083158,-0.198546,-138.824998,-41.047453,-156.112595,-0.567332,-0.801882,-0.185628,-0.496224,0.513451,-0.699945,0.656684,-0.305201,-0.689134,0.354062,0.077465,-0.188612,-148.119343,-4.597857,-116.737413,-0.845884,-0.298399,0.440666,-0.52612,0.344723,-0.777122,0.080162,-0.889764,-0.448233,0.42829,0.125909,-0.188947,-145.597917,-31.555583,-117.261593,-0.702835,-0.642627,0.304186,-0.481279,0.115403,-0.868781,0.523325,-0.757258,-0.390208,0.296131,-0.109249,-0.192965,158.136121,-36.169632,38.408558,-0.749054,0.04856,0.660525,0.300569,-0.863625,0.404385,0.590178,0.501509,0.632553,0.345021,-0.10311,-0.183254,168.684752,-3.391441,21.834328,-0.978924,-0.160574,0.126824,0.195879,-0.914619,0.35392,0.059157,0.371274,0.92664,0.43722,-0.131908,-0.193523,151.892763,-19.195571,178.648044,-0.832505,0.477556,-0.278855,0.444652,0.878277,0.175615,0.328794,0.022267,-0.943513
0.290103,0.100013,-0.1933,-148.948038,-38.602932,-151.961534,-0.668942,-0.706227,-0.229654,-0.402767,0.605215,-0.686478,0.62392,-0.367039,-0.689184,0.339217,0.091418,-0.182473,-154.36397,-3.361914,-114.593133,-0.899747,-0.228133,0.371255,-0.431782,0.35236,-0.830186,0.058643,-0.907524,-0.415365,0.419249,0.132829,-0.18158,-149.393325,-32.089046,-115.744826,-0.728965,-0.632991,0.259786,-0.431223,0.130474,-0.892636,0.531237,-0.762939,-0.367913,0.285415,-0.12856,-0.179236,164.672716,-35.538028,34.491274,-0.784779,0.099577,0.611713,0.215093,-0.881893,0.419507,0.581243,0.460799,0.670685,0.333077,-0.119518,-0.170864,174.545679,-2.616769,19.701558,-0.99455,-0.074178,0.074834,0.094964,-0.938781,0.33151,0.045655,0.33677,0.940483,0.42762,-0.142959,-0.180463,155.242885,-21.572768,176.665936,-0.843869,0.437196,-0.309019,0.389156,0.897702,0.206443,0.367683,0.054043,-0.927674
0.276151,0.115974,-0.181133,-158.317978,-38.80596,-147.167187,-0.723643,-0.625981,-0.289238,-0.28771,0.655514,-0.698111,0.626685,-0.422236,-0.654359,0.32638,0.106263,-0.171087,-158.138255,-5.169008,-111.588937,-0.923961,-0.214768,0.315309,-0.370713,0.310593,-0.875119,0.090094,-0.925817,-0.36635,0.411993,0.141201,-0.173096,-154.179028,-33.95574,-112.578849,-0.746235,-0.631484,0.208777,-0.361081,0.12143,-0.924384,0.558552,-0.765567,-0.318343,0.276709,-0.146084,-0.16372,170.363014,-35.137665,30.563769,-0.805869,0.144499,0.573667,0.136838,-0.89755,0.418388,0.575543,0.415804,0.704102,0.323366,-0.133917,-0.156018,178.860279,-0.967661,17.47535,-0.999381,-0.013896,0.022077,0.019882,-0.953473,0.299914,0.016888,0.300251,0.953704,0.418914,-0.149991,-0.166288,159.021502,-24.257436,174.055216,-0.850583,0.395546,-0.344527,0.326142,0.913553,0.242878,0.410837,0.094346,-0.906045
0.266998,0.132494,-0.172538,-161.485316,-39.813393,-143.981517,-0.727727,-0.613642,-0.304637,-0.243701,0.647718,-0.721704,0.640289,-0.45132,-0.620767,0.317339,0.119435,-0.16026,-160.205659,-6.112747,-109.650862,-0.935329,-0.208248,0.285123,-0.336635,0.282664,-0.898106,0.106485,-0.936242,-0.334318,0.402282,0.151135,-0.164948,-157.683274,-36.284864,-110.622284,-0.745436,-0.646135,0.162361,-0.30598,0.115784,-0.944844,0.5918,-0.754231,-0.283832,0.271239,-0.157804,-0.147312,174.748044,-35.597787,26.129916,-0.808867,0.173287,0.560652,0.074352,-0.916686,0.390769,0.582092,0.35805,0.729907,0.317116,-0.145191,-0.141843,-178.652653,-2.047095,14.509402,-0.998921,0.031707,0.028681,-0.023495,-0.967462,0.251282,0.035721,0.250378,0.967486,0.41311,-0.158028,-0.153786,161.500506,-26.796699,171.351893,-0.845997,0.377799,-0.375012,0.283058,0.916097,0.283907,0.450826,0.134139,-0.881942
0.258849,0.140977,-0.158251,-167.893936,-38.594645,-139.67302,-0.763503,-0.554411,-0.329519,-0.163765,0.661063,-0.732095,0.623807,-0.505382,-0.595358,0.310083,0.131043,-0.148986,-162.852869,-6.553649,-107.529345,-0.949071,-0.192805,0.248194,-0.292827,0.255927,-0.921177,0.114133,-0.947175,-0.299177,0.39592,0.160176,-0.155684,-160.271708,-38.125105,-108.473781,-0.740353,-0.65816,0.135918,-0.265497,0.100749,-0.958771,0.617381,-0.746028,-0.249238,0.268672,-0.163943,-0.135592,175.313885,-36.55959,24.310491,-0.800129,0.170037,0.574629,0.065587,-0.927915,0.36598,0.595659,0.330652,0.731955,0.314437,-0.152112,-0.130904,-179.023937,-3.159525,13.606328,-0.997998,0.029517,0.049554,-0.017003,-0.971232,0.236127,0.055116,0.234891,0.970453,0.410208,-0.16439,-0.14508,162.452263,-28.340603,170.317444,-0.838717,0.37317,-0.395518,0.265215,0.915869,0.301339,0.474712,0.147947,-0.867113
0.25338,0.152921,-0.150772,-170.161722,-39.306458,-135.772048,-0.761667,-0.557615,-0.328321,-0.132087,0.630891,-0.76439,0.633468,-0.539264,-0.553996,0.306512,0.138745,-0.138382,-162.864178,-8.338727,-105.884933,-0.945015,-0.213963,0.245254,-0.291372,0.220904,-0.930536,0.145025,-0.951322,-0.270721,0.393241,0.165869,-0.148205,-163.344573,-40.299198,-105.623189,-0.730249,-0.673945,0.108854,-0.218466,0.079923,-0.972379,0.646779,-0.734198,-0.205312,0.267667,-0.166176,-0.129006,175.654543,-36.524271,23.454426,-0.80072,0.16681,0.57454,0.060845,-0.932147,0.355537,0.595163,0.319817,0.737131,0.313097,-0.155125,-0.124876,-178.46984,-2.891564,12.988566,-0.997985,0.037346,0.043137,-0.026659,-0.973375,0.225988,0.050446,0.224469,0.973169,0.408087,-0.168073,-0.140057,162.704976,-30.072333,169.524189,-0.825902,0.379201,-0.416452,0.257161,0.911833,0.319996,0.501093,0.157276,-0.850589
0.25204,0.156939,-0.141284,-174.24846,-35.831645,-133.278827,-0.806152,-0.492646,-0.326484,-0.081197,0.639631,-0.764274,0.585406,-0.589921,-0.555502,0.304391,0.143991,-0.129564,-162.205796,-9.168236,-105.256083,-0.939532,-0.226805,0.25471,-0.301546,0.203998,-0.931161,0.159334,-0.952129,-0.259689,0.390674,0.170669,-0.141619,-164.574101,-42.089795,-104.435083,-0.715012,-0.692062,0.096284,-0.197295,0.067997,-0.977834,0.670294,-0.718425,-0.184929,0.266774,-0.168073,-0.121862,176.955711,-37.762714,22.743791,-0.788901,0.18754,0.584478,0.041956,-0.933014,0.356098,0.612393,0.305605,0.729007,0.312762,-0.156688,-0.11896,-179.314572,-3.893187,12.935879,-0.997224,0.026856,0.063491,-0.01193,-0.973969,0.224635,0.067897,0.223343,0.972367,0.40764,-0.169636,-0.135815,162.896926,-31.027196,169.031774,-0.818584,0.382301,-0.427752,0.251877,0.909534,0.330554,0.515445,0.162953,-0.840808
0.251036,0.158948,-0.131573,-177.263214,-34.890528,-130.901852,-0.819029,-0.463066,-0.338081,-0.039151,0.633513,-0.77268,0.57201,-0.619788,-0.536913,0.303609,0.148344,-0.121639,-162.046125,-9.978478,-104.183433,-0.936785,-0.235354,0.258407,-0.303546,0.181432,-0.935323,0.173278,-0.954766,-0.241299,0.388888,0.174017,-0.136931,-165.906972,-44.142042,-102.534308,-0.695706,-0.712231,0.09089,-0.174659,0.045274,-0.983456,0.69644,-0.700299,-0.155693,0.266328,-0.168743,-0.117621,177.621828,-38.091008,22.798962,-0.785856,0.200676,0.584273,0.032637,-0.930532,0.363589,0.616912,0.304944,0.725471,0.312539,-0.156018,-0.1155,178.961507,-4.239338,13.883988,-0.9968,0.000149,0.076099,0.018069,-0.970642,0.238616,0.073923,0.239299,0.968123,0.407529,-0.170194,-0.132466,162.932962,-31.499414,169.154031,-0.814578,0.382057,-0.435397,0.250084,0.910098,0.330354,0.52249,0.160338,-0.836875
0.24992,0.162409,-0.124318,-178.157226,-36.279206,-128.588131,-0.805129,-0.482235,-0.34388,-0.025904,0.608833,-0.792744,0.591721,-0.629732,-0.502495,0.303944,0.150688,-0.114384,-161.169897,-10.88551,-104.054806,-0.929014,-0.251803,0.26949,-0.316807,0.17114,-0.932715,0.188847,-0.952323,-0.238408,0.389111,0.176361,-0.132466,-166.947485,-45.600227,-101.342279,-0.681425,-0.726844,0.084442,-0.157977,0.033544,-0.986806,0.714475,-0.685888,-0.13758,0.266105,-0.16852,-0.113714,178.270853,-38.404408,21.755166,-0.782835,0.202183,0.58786,0.023633,-0.934881,0.353082,0.621208,0.290426,0.727767,0.312427,-0.155907,-0.112598,178.487332,-3.897828,14.122589,-0.997264,-0.009017,0.072341,0.026335,-0.9698,0.242172,0.067977,0.243433,0.967531,0.407305,-0.170083,-0.128894,162.885656,-32.261097,169.01977,-0.807317,0.385762,-0.444861,0.248584,0.908419,0.336012,0.533778,0.160892,-0.829247
0.249027,0.163078,-0.116616,-179.096851,-35.600209,-128.470811,-0.812463,-0.465424,-0.349878,-0.012808,0.61513,-0.788205,0.582126,-0.636248,-0.505565,0.304391,0.152251,-0.109361,-160.836834,-10.959412,-104.334997,-0.927121,-0.255279,0.273463,-0.32219,0.173636,-0.930501,0.190114,-0.951037,-0.243035,0.388665,0.177812,-0.128225,-167.19899,-46.69194,-101.292248,-0.668343,-0.739252,0.077974,-0.151856,0.033388,-0.98762,0.727676,-0.67228,-0.13424,0.266105,-0.168073,-0.106682,178.057062,-40.859744,21.389545,-0.755316,0.206979,0.621133,0.025623,-0.938166,0.343873,0.65421,0.275798,0.704132,0.312986,-0.155125,-0.106347,176.419683,-6.342981,14.556265,-0.991637,-0.032707,0.122417,0.062046,-0.967441,0.244163,0.11048,0.249791,0.961971,0.406747,-0.169748,-0.125992,162.933133,-33.052668,168.706022,-0.800814,0.389761,-0.453876,0.245856,0.906163,0.344069,0.54541,0.164058,-0.821477
0.249362,0.166762,-0.112598,-178.719848,-37.587229,-126.859817,-0.791727,-0.501234,-0.34805,-0.017692,0.589079,-0.807769,0.609969,-0.633694,-0.475096,0.305284,0.153479,-0.103333,-161.113708,-11.185735,-103.59044,-0.927846,-0.254494,0.271337,-0.317425,0.161624,-0.934243,0.19399,-0.953311,-0.230462,0.389781,0.17904,-0.12309,-167.474113,-47.834994,-100.787157,-0.654686,-0.751394,0.077213,-0.145451,0.025422,-0.988791,0.741215,-0.658992,-0.125556,0.267221,-0.166846,-0.099761,178.401865,-44.108611,20.74592,-0.7171,0.220475,0.660481,0.020007,-0.941106,0.335971,0.696021,0.254297,0.67135,0.314437,-0.153005,-0.100878,174.311681,-9.415194,14.680962,-0.981675,-0.054627,0.182587,0.097782,-0.966702,0.236504,0.163588,0.250022,0.954321,0.406412,-0.168855,-0.124318,162.649911,-34.038378,169.043605,-0.790605,0.394195,-0.467909,0.247004,0.905425,0.345198,0.559748,0.157426,-0.813189
0.251817,0.165199,-0.108356,-179.9519,-35.623639,-125.8312,-0.812371,-0.472642,-0.340394,-0.000682,0.585271,-0.810725,0.582458,-0.6587,-0.475615,0.306735,0.154149,-0.099873,-161.41221,-10.901669,-102.256891,-0.930221,-0.242886,0.273201,-0.312833,0.142806,-0.938761,0.189124,-0.959241,-0.208393,0.391455,0.179152,-0.11963,-168.173063,-48.311731,-99.741018,-0.65057,-0.755073,0.078073,-0.13623,0.015159,-0.990402,0.746774,-0.655225,-0.112483,0.267667,-0.165171,-0.097752,179.362333,-40.910239,18.52566,-0.754885,0.197607,0.624407,0.008402,-0.949718,0.310831,0.654876,0.240078,0.716452,0.316446,-0.15133,-0.096971,174.045116,-10.003451,13.368277,-0.979501,-0.06099,0.192076,0.10217,-0.971839,0.212428,0.173707,0.227694,0.958114,0.408422,-0.167515,-0.120076,162.689341,-34.880751,168.445574,-0.782722,0.400715,-0.475369,0.243951,0.901342,0.357809,0.57187,0.164215,-0.803237
0.252487,0.166539,-0.110142,-179.267658,-36.108214,-126.106215,-0.807371,-0.48354,-0.337024,-0.01032,0.583408,-0.812006,0.589312,-0.652419,-0.47586,0.306623,0.154037,-0.100878,-162.544865,-8.733022,-101.622361,-0.942586,-0.202325,0.264502,-0.296385,0.147869,-0.943405,0.151831,-0.967947,-0.199085,0.39112,0.178929,-0.11896,-168.037428,-48.204644,-99.7503,-0.651474,-0.753924,0.08041,-0.13803,0.013929,-0.990115,0.74553,-0.656489,-0.112809,0.268114,-0.16439,-0.095297,179.341328,-37.721389,17.673276,-0.790342,0.174843,0.586378,0.009086,-0.954326,0.296886,0.611822,0.240112,0.753584,0.317897,-0.150661,-0.093622,173.792874,-9.921588,13.28702,-0.979122,-0.065842,0.191552,0.10649,-0.971659,0.210352,0.1723,0.226391,0.958673,0.409426,-0.167962,-0.117063,162.539253,-35.641761,168.371174,-0.774577,0.405706,-0.484067,0.24364,0.899195,0.363353,0.582715,0.163672,-0.795316
0.252375,0.166315,-0.109584,-178.815606,-36.477074,-126.898761,-0.80331,-0.48763,-0.340477,-0.016608,0.590779,-0.806524,0.594501,-0.64263,-0.482479,0.306065,0.154484,-0.100766,-163.176153,-8.391141,-101.666122,-0.946777,-0.195338,0.255136,-0.286279,0.152357,-0.945872,0.14593,-0.968748,-0.200021,0.391232,0.179152,-0.11829,-167.738285,-48.061618,-100.575874,-0.652634,-0.753538,0.075053,-0.14184,0.024524,-0.989402,0.743864,-0.65667,-0.122606,0.26856,-0.164167,-0.094738,179.563758,-36.268698,16.744564,-0.806008,0.163161,0.56866,0.006137,-0.958666,0.28379,0.591573,0.232277,0.772039,0.318455,-0.150661,-0.092283,174.051638,-9.321082,12.773393,-0.981291,-0.065427,0.180018,0.102244,-0.973519,0.203537,0.161967,0.218176,0.962372,0.409761,-0.168073,-0.115277,162.604974,-36.457496,167.771168,-0.76685,0.412046,-0.490958,0.240243,0.895086,0.375551,0.594226,0.170215,-0.78536
0.252375,0.166427,-0.109696,-178.042334,-37.238346,-128.731525,-0.795006,-0.493039,-0.351903,-0.027174,0.609521,-0.792161,0.605132,-0.62062,-0.497771,0.305507,0.154818,-0.099426,-164.930641,-9.171807,-101.616403,-0.952888,-0.203138,0.223531,-0.256562,0.154199,-0.953972,0.159395,-0.966759,-0.198736,0.391678,0.17904,-0.115835,-167.583658,-47.670516,-101.26647,-0.657323,-0.750094,0.069597,-0.144718,0.035241,-0.988715,0.739285,-0.660197,-0.131519,0.268672,-0.16439,-0.094738,179.478649,-35.673158,16.768989,-0.811656,0.159596,0.560946,0.007386,-0.958351,0.283439,0.583161,0.234352,0.777734,0.318678,-0.151219,-0.090943,174.695549,-8.303284,12.012712,-0.985248,-0.060492,0.159886,0.091476,-0.976659,0.194179,0.144413,0.205947,0.967848,0.409538,-0.167962,-0.112821,162.541476,-36.428773,167.835673,-0.767088,0.412483,-0.490597,0.241252,0.895043,0.375035,0.593823,0.169442,-0.786071
0.253715,0.167208,-0.109249,-178.291507,-37.620431,-129.218138,-0.791101,-0.491457,-0.362834,-0.023597,0.61821,-0.785526,0.610428,-0.613251,-0.500479,0.305507,0.15493,-0.098868,-165.941919,-9.789703,-101.164127,-0.955634,-0.208868,0.20627,-0.239296,0.147575,-0.959532,0.170032,-0.966612,-0.190765,0.391455,0.179263,-0.114719,-167.056833,-47.581759,-101.65985,-0.656952,-0.749914,0.073648,-0.150983,0.035488,-0.987717,0.738241,-0.66031,-0.136261,0.268672,-0.16439,-0.094515,179.464277,-35.384383,16.625817,-0.814735,0.156764,0.557488,0.007618,-0.959225,0.280933,0.579059,0.233252,0.781142,0.318455,-0.151219,-0.090608,174.473278,-8.587883,11.396287,-0.984012,-0.065022,0.16473,0.095213,-0.978388,0.182579,0.149326,0.195378,0.96929,0.409649,-0.168185,-0.11137,162.468119,-36.627132,167.848632,-0.764512,0.413967,-0.492849,0.241518,0.894469,0.37619,0.596605,0.168764,-0.783783
0.254943,0.166985,-0.109138,-178.112873,-38.729154,-130.248232,-0.779095,-0.498429,-0.379015,-0.02567,0.63032,-0.775787,0.62564,-0.595039,-0.503706,0.305507,0.154037,-0.098422,-166.294722,-10.293396,-100.712825,-0.955606,-0.214635,0.200428,-0.233045,0.139266,-0.96231,0.178689,-0.966583,-0.182862,0.391902,0.178594,-0.113491,-166.678131,-47.456756,-101.744179,-0.657483,-0.748845,0.079346,-0.155687,0.032342,-0.987084,0.736767,-0.661668,-0.137557,0.268672,-0.164167,-0.094627,179.178523,-34.653944,16.840626,-0.821922,0.151056,0.548314,0.011785,-0.958825,0.281894,0.568618,0.238296,0.787257,0.318567,-0.151107,-0.090385,174.265845,-8.286257,11.381507,-0.98445,-0.069632,0.160293,0.098854,-0.978111,0.182238,0.144119,0.19528,0.970098,0.409538,-0.16852,-0.111035,162.3263,-36.832889,167.903314,-0.761867,0.416283,-0.494995,0.242758,0.893619,0.37741,0.599483,0.167566,-0.781844
0.255612,0.16799,-0.109026,-177.769437,-39.321393,-130.035929,-0.772475,-0.509731,-0.377647,-0.030088,0.624171,-0.780594,0.63367,-0.591952,-0.497339,0.305395,0.154037,-0.098087,-166.361892,-10.823202,-100.795893,-0.954302,-0.223434,0.197358,-0.231542,0.138741,-0.962781,0.187779,-0.964695,-0.183954,0.392125,0.178259,-0.112821,-166.579763,-47.283645,-101.920853,-0.659298,-0.7472,0.079088,-0.157313,0.034646,-0.986716,0.734721,-0.663361,-0.140044,0.268784,-0.164613,-0.09485,178.788891,-34.253843,17.57624,-0.82579,0.149845,0.542829,0.017458,-0.956157,0.290582,0.56286,0.249577,0.787901,0.31879,-0.150995,-0.090274,174.111498,-7.650852,11.680251,-0.985534,-0.073618,0.150457,0.101645,-0.976555,0.188008,0.133136,0.200646,0.97057,0.409649,-0.168408,-0.110477,162.377463,-36.793299,168.062023,-0.762368,0.413963,-0.49598,0.242168,0.895082,0.374296,0.59893,0.165461,-0.782596
0.254273,0.167432,-0.109026,-177.277611,-40.183536,-130.86846,-0.762868,-0.518416,-0.385866,-0.036275,0.630536,-0.77526,0.645238,-0.577571,-0.499752,0.305284,0.154037,-0.098422,-166.381355,-11.472827,-101.102717,-0.952226,-0.235049,0.19374,-0.230696,0.141424,-0.962583,0.198903,-0.961529,-0.188692,0.39179,0.178482,-0.113379,-166.398009,-47.336343,-102.144888,-0.658243,-0.748211,0.079239,-0.15927,0.035881,-0.986401,0.735345,-0.662219,-0.14251,0.268784,-0.16439,-0.094627,178.864621,-33.986009,17.568308,-0.828699,0.149837,0.538785,0.016424,-0.956222,0.291232,0.55899,0.250269,0.790465,0.31879,-0.150884,-0.09005,174.148518,-7.488174,11.627028,-0.986359,-0.073736,0.14753,0.101086,-0.977108,0.187476,0.130322,0.199821,0.971128,0.409761,-0.168408,-0.11003,162.326529,-37.015196,168.121439,-0.760034,0.414887,-0.498951,0.24217,0.894894,0.374758,0.602027,0.164192,-0.780592
0.253715,0.16732,-0.108579,-177.133684,-40.270255,-131.104316,-0.761788,-0.519281,-0.386816,-0.038142,0.632383,-0.773663,0.646394,-0.574766,-0.501477,0.30506,0.154149,-0.09831,-166.43931,-11.590101,-101.270796,-0.952013,-0.237385,0.191677,-0.229625,0.14407,-0.962425,0.200909,-0.960541,-0.191426,0.391344,0.178482,-0.113379,-166.239132,-47.254116,-102.411146,-0.658884,-0.747755,0.078741,-0.16136,0.038551,-0.985985,0.734371,-0.662621,-0.145822,0.268672,-0.16439,-0.094738,178.738808,-33.865381,18.130412,-0.829408,0.152527,0.536273,0.01826,-0.953244,0.29947,0.557243,0.258362,0.789042,0.31879,-0.150549,-0.089939,174.254161,-7.383447,11.66935,-0.986551,-0.072165,0.145468,0.099268,-0.976837,0.188648,0.128509,0.200586,0.971208,0.410096,-0.168743,-0.108914,162.331381,-36.846505,168.220046,-0.761731,0.413491,-0.497501,0.24264,0.895719,0.372475,0.599673,0.163207,-0.782596
0.253157,0.168325,-0.109361,-176.427189,-40.952796,-131.440086,-0.753438,-0.531565,-0.386328,-0.047043,0.630102,-0.775016,0.655437,-0.565951,-0.499657,0.304949,0.154037,-0.098534,-166.565667,-11.609143,-101.288798,-0.952441,-0.237438,0.189414,-0.227507,0.144831,-0.962809,0.201234,-0.960408,-0.191713,0.391567,0.178147,-0.113268,-166.240732,-47.206609,-102.520437,-0.659096,-0.747377,0.077138,-0.161393,0.040982,-0.985725,0.733808,-0.662669,-0.147158,0.26856,-0.164836,-0.095073,178.165978,-34.139928,19.599076,-0.82661,0.158088,0.53914,0.026469,-0.947007,0.318364,0.561216,0.277605,0.779644,0.318567,-0.150661,-0.090162,173.999286,-7.701698,12.185481,-0.985309,-0.074024,0.152341,0.103573,-0.974829,0.196228,0.134016,0.209172,0.968648,0.409203,-0.169301,-0.109584,162.156603,-36.763817,168.81022,-0.76195,0.410924,-0.499523,0.245272,0.898305,0.364457,0.598518,0.155334,-0.785228
0.253492,0.168213,-0.109026,-176.571366,-40.825035,-131.340965,-0.755039,-0.529392,-0.38624,-0.045236,0.630159,-0.775082,0.653751,-0.567929,-0.499657,0.304949,0.154149,-0.098534,-166.66725,-11.575958,-101.300907,-0.95287,-0.236684,0.187735,-0.225824,0.145665,-0.96304,0.200667,-0.960429,-0.191928,0.39179,0.178147,-0.112933,-166.231862,-47.133752,-102.686207,-0.660309,-0.746779,0.075545,-0.161798,0.043573,-0.985684,0.732944,-0.663381,-0.149331,0.268672,-0.16506,-0.095185,178.087479,-34.268529,19.868696,-0.825093,0.159988,0.540567,0.027552,-0.945532,0.322031,0.563072,0.280832,0.777117,0.318567,-0.150884,-0.09005,173.752707,-8.066207,12.311302,-0.984159,-0.076568,0.159478,0.107736,-0.974389,0.197039,0.140317,0.211113,0.967337,0.409203,-0.169078,-0.109919,162.266344,-36.799847,169.080002,-0.761954,0.406898,-0.502626,0.243664,0.900778,0.359387,0.599021,0.151542,-0.785471
0.25338,0.168325,-0.109138,-176.431357,-40.995165,-131.521241,-0.752697,-0.531335,-0.387578,-0.046942,0.631341,-0.773959,0.655995,-0.564712,-0.499989,0.304949,0.154149,-0.098422,-166.703186,-11.575193,-101.336263,-0.952988,-0.236697,0.186978,-0.225221,0.146435,-0.963053,0.200654,-0.960297,-0.192518,0.391678,0.177924,-0.112821,-166.170478,-47.074463,-102.844743,-0.660864,-0.746367,0.074681,-0.162685,0.045673,-0.98544,0.732239,-0.663698,-0.151334,0.268672,-0.16506,-0.095185,178.060519,-34.328671,19.971271,-0.824643,0.160787,0.541253,0.027925,-0.945185,0.323438,0.563939,0.282027,0.776074,0.318567,-0.150995,-0.09005,173.710289,-8.204181,12.280128,-0.983524,-0.076845,0.161894,0.108403,-0.974277,0.196137,0.142701,0.210514,0.967115,0.409315,-0.168966,-0.109919,162.297833,-36.797167,169.087227,-0.76234,0.406415,-0.502808,0.243326,0.901016,0.359049,0.598984,0.151494,-0.785753
0.254384,0.168436,-0.109361,-176.550251,-41.108974,-132.016856,-0.751774,-0.527808,-0.394676,-0.045319,0.638899,-0.767889,0.657493,-0.559577,-0.504143,0.304837,0.154149,-0.09831,-166.77293,-11.591288,-101.344549,-0.953358,-0.2368,0.185773,-0.224083,0.146658,-0.963353,0.200929,-0.960307,-0.192665,0.391678,0.178036,-0.112933,-166.173366,-47.060147,-102.857941,-0.660901,-0.746223,0.074393,-0.162659,0.046131,-0.985363,0.732069,-0.663738,-0.151504,0.268672,-0.165283,-0.095408,177.752904,-34.661189,21.04587,-0.821523,0.16754,0.54444,0.032236,-0.940231,0.338041,0.568722,0.295366,0.767617,0.318232,-0.150661,-0.090274,173.749298,-8.83404,12.515329,-0.982297,-0.073215,0.172627,0.107591,-0.974093,0.199089,0.153573,0.21413,0.964658,0.409203,-0.168855,-0.109919,162.172781,-36.673397,169.367493,-0.763022,0.40561,-0.502397,0.245379,0.901977,0.355215,0.597253,0.147884,-0.787738
0.254496,0.168325,-0.109472,-176.651462,-41.132825,-131.993352,-0.751583,-0.527075,-0.396024,-0.043975,0.6395,-0.767468,0.657807,-0.559582,-0.503733,0.304726,0.154149,-0.09831,-166.823282,-11.609765,-101.294192,-0.953239,-0.236824,0.184985,-0.223172,0.146186,-0.963522,0.201245,-0.960257,-0.191777,0.391678,0.177924,-0.112933,-166.161071,-47.07972,-102.87705,-0.660606,-0.746478,0.074292,-0.162736,0.046263,-0.985337,0.732302,-0.663432,-0.151666,0.26856,-0.165506,-0.095297,177.576533,-34.824033,21.413391,-0.819973,0.168968,0.546591,0.034703,-0.938762,0.342295,0.571058,0.2997,0.764218,0.318232,-0.150772,-0.090162,173.629473,-9.16899,12.64591,-0.981205,-0.073607,0.178814,0.109549,-0.973667,0.200321,0.159347,0.216128,0.963276,0.409426,-0.169413,-0.109807,161.929294,-36.409544,169.772712,-0.76463,0.405279,-0.500297,0.249487,0.902946,0.349859,0.593553,0.142805,-0.791516
0.254384,0.168436,-0.109472,-176.562452,-41.051623,-131.684702,-0.752274,-0.529356,-0.391319,-0.045188,0.634666,-0.771365,0.656739,-0.562875,-0.501234,0.304837,0.154037,-0.098534,-166.800336,-11.556999,-101.110966,-0.953391,-0.235423,0.186318,-0.22361,0.143155,-0.963902,0.200343,-0.961085,-0.188748,0.391678,0.177924,-0.112821,-166.188329,-47.059838,-102.872672,-0.660939,-0.746227,0.073938,-0.162485,0.046589,-0.985366,0.732066,-0.663697,-0.151674,0.26856,-0.165506,-0.095297,177.555669,-34.832035,21.418542,-0.819514,0.168772,0.546789,0.034983,-0.938449,0.342189,0.571173,0.299722,0.764073,0.31812,-0.150661,-0.090274,173.652235,-9.311198,12.68128,-0.980825,-0.072571,0.181154,0.109112,-0.973603,0.200729,0.161797,0.216635,0.962753,0.409538,-0.16919,-0.11003,161.985219,-36.417161,169.69681,-0.764889,0.405113,-0.50019,0.248746,0.902859,0.350623,0.59366,0.143857,-0.791344
0.254384,0.167543,-0.109026,-176.657052,-40.624336,-131.720088,-0.757066,-0.523831,-0.389208,-0.044222,0.636333,-0.770015,0.651097,-0.566109,-0.504741,0.305284,0.154149,-0.099092,-166.102331,-11.498129,-100.915328,-0.950605,-0.235521,0.198968,-0.23521,0.137412,-0.961885,0.199336,-0.961809,-0.185482,0.391678,0.178036,-0.113491,-166.464967,-47.2067,-102.765669,-0.659978,-0.747516,0.07026,-0.158874,0.047859,-0.985931,0.733809,-0.662209,-0.150033,0.268449,-0.165506,-0.095297,177.554194,-34.863076,21.451431,-0.819223,0.169221,0.547115,0.034992,-0.938282,0.342696,0.571617,0.300048,0.763615,0.318008,-0.150437,-0.090162,173.693355,-9.412856,12.711909,-0.980445,-0.071371,0.182744,0.108357,-0.973418,0.201193,0.163547,0.217086,0.962352,0.409649,-0.169078,-0.110477,161.969864,-36.456129,169.644394,-0.764241,0.405833,-0.500264,0.248761,0.902427,0.351696,0.594207,0.144471,-0.790608
0.254831,0.167432,-0.108914,-176.58538,-40.290682,-131.186639,-0.760873,-0.524908,-0.380406,-0.045399,0.628631,-0.776264,0.646666,-0.573688,-0.50199,0.306177,0.153925,-0.098645,-165.027865,-11.978578,-101.078753,-0.944734,-0.246427,0.214896,-0.252648,0.133285,-0.958201,0.207546,-0.95982,-0.18794,0.392125,0.177924,-0.114272,-166.753751,-47.375701,-102.504059,-0.658758,-0.748861,0.068347,-0.155071,0.046574,-0.986637,0.73581,-0.660839,-0.146554,0.268225,-0.165506,-0.095073,177.768153,-35.045886,21.279331,-0.81764,0.172014,0.548789,0.031866,-0.938825,0.341817,0.574232,0.297095,0.762823,0.317785,-0.150102,-0.089939,173.985247,-9.795546,12.441487,-0.979958,-0.065867,0.187797,0.103253,-0.974943,0.196848,0.170133,0.212301,0.962279,0.409984,-0.16852,-0.110589,161.897595,-36.447971,169.592102,-0.764114,0.407445,-0.499327,0.249786,0.901584,0.353143,0.594093,0.145228,-0.79067
0.254273,0.167097,-0.109138,-176.031041,-40.06634,-130.650228,-0.762803,-0.532141,-0.365982,-0.052925,0.616414,-0.785501,0.643674,-0.580206,-0.49818,0.306735,0.153256,-0.098645,-164.438493,-12.442614,-100.851152,-0.940346,-0.254384,0.224249,-0.261868,0.124946,-0.956804,0.215462,-0.958821,-0.183792,0.392348,0.178482,-0.115053,-166.921023,-47.6667,-102.108497,-0.655641,-0.751517,0.069989,-0.152319,0.041102,-0.987342,0.73924,-0.658231,-0.141215,0.268114,-0.165506,-0.095073,177.844042,-35.117887,21.274789,-0.816807,0.173609,0.5493,0.03075,-0.938494,0.342439,0.575261,0.296766,0.762155,0.317785,-0.150102,-0.089827,174.024243,-9.828044,12.440009,-0.979958,-0.065092,0.188205,0.102579,-0.975032,0.196894,0.170692,0.212256,0.962191,0.409873,-0.168073,-0.110812,161.995356,-36.523037,169.435356,-0.763797,0.407457,-0.499801,0.248241,0.901251,0.355076,0.595146,0.147247,-0.789504
0.254273,0.16732,-0.109807,-175.841916,-39.96129,-129.921837,-0.763823,-0.537677,-0.355664,-0.05553,0.604673,-0.794398,0.64227,-0.587413,-0.491534,0.306735,0.153144,-0.098199,-164.21306,-12.624144,-100.632452,-0.938607,-0.256929,0.228416,-0.265368,0.119507,-0.956515,0.218554,-0.958816,-0.18,0.39246,0.178929,-0.115053,-166.788291,-47.871424,-101.894811,-0.65266,-0.753624,0.07456,-0.153221,0.035196,-0.987409,0.741641,-0.656128,-0.138206,0.268114,-0.165506,-0.095297,177.518449,-35.140365,21.814007,-0.816499,0.173558,0.549931,0.035386,-0.936334,0.348127,0.575581,0.303846,0.759131,0.317785,-0.149991,-0.089827,173.963618,-9.797319,12.669408,-0.979807,-0.065467,0.188162,0.103611,-0.974021,0.200652,0.170163,0.216126,0.96142,0.410096,-0.168185,-0.110923,161.976756,-36.470435,169.477641,-0.764053,0.407185,-0.499322,0.248599,0.901448,0.354299,0.594408,0.146729,-0.789958
0.253826,0.166315,-0.108356,-176.15209,-39.624882,-130.065153,-0.768047,-0.53009,-0.358342,-0.051659,0.609688,-0.790859,0.637759,-0.589178,-0.495522,0.306735,0.152921,-0.098087,-164.320609,-12.960551,-100.82536,-0.937677,-0.262893,0.224646,-0.263205,0.12186,-0.956732,0.22428,-0.956818,-0.182962,0.392795,0.178594,-0.11483,-166.914854,-47.762703,-101.758299,-0.654145,-0.75216,0.074275,-0.152046,0.035019,-0.987507,0.740367,-0.65768,-0.136897,0.268225,-0.165841,-0.095631,177.151159,-35.222523,22.626041,-0.81544,0.175812,0.550801,0.040578,-0.932479,0.357799,0.576753,0.314256,0.753986,0.317674,-0.149991,-0.089939,173.796136,-9.802794,13.094891,-0.979392,-0.066878,0.189339,0.106463,-0.972222,0.207319,0.170258,0.223255,0.959771,0.410654,-0.168632,-0.110254,161.981217,-36.140954,169.810891,-0.767423,0.403467,-0.497355,0.249629,0.903762,0.347635,0.589774,0.142755,-0.794267
0.253826,0.166204,-0.108468,-176.234677,-39.924456,-130.872832,-0.764444,-0.527056,-0.369623,-0.05031,0.621502,-0.781629,0.641777,-0.579385,-0.501398,0.3064,0.152921,-0.097864,-164.299263,-13.360052,-101.405382,-0.93636,-0.271588,0.221164,-0.263212,0.129341,-0.955897,0.23107,-0.953551,-0.192363,0.392571,0.178482,-0.115053,-166.810671,-47.714619,-101.945926,-0.654674,-0.751925,0.07386,-0.153424,0.036801,-0.987311,0.739803,-0.657975,-0.139208,0.268449,-0.166064,-0.095855,176.990654,-35.588149,23.203952,-0.81152,0.180823,0.554792,0.042663,-0.929329,0.365406,0.581955,0.320382,0.747364,0.317674,-0.150102,-0.09005,173.752023,-9.781612,13.154959,-0.979605,-0.06754,0.189221,0.107249,-0.972178,0.208229,0.169893,0.224277,0.959602,0.410766,-0.16852,-0.110477,161.875559,-36.07329,170.330907,-0.767606,0.40045,-0.499477,0.251255,0.906194,0.340049,0.58882,0.135655,-0.796198
0.253826,0.16732,-0.109361,-175.799955,-40.62789,-131.40939,-0.756504,-0.535405,-0.374721,-0.055555,0.624099,-0.779282,0.651144,-0.568953,-0.501765,0.306065,0.153144,-0.098199,-164.268522,-13.481673,-101.799142,-0.936045,-0.2751,0.219525,-0.263665,0.134924,-0.955143,0.233134,-0.951913,-0.19885,0.392013,0.178259,-0.115053,-166.512955,-47.524634,-102.590042,-0.65647,-0.750821,0.071155,-0.157448,0.044267,-0.986461,0.737568,-0.65891,-0.147164,0.268784,-0.166399,-0.096189,176.77231,-35.883563,23.768208,-0.808405,0.184425,0.558235,0.045589,-0.92654,0.372218,0.58614,0.326515,0.741423,0.317562,-0.150102,-0.090274,173.974301,-9.76074,13.217631,-0.979926,-0.063625,0.188131,0.103439,-0.972045,0.210063,0.169534,0.22534,0.959413,0.410766,-0.169078,-0.109919,161.635983,-35.879963,170.740061,-0.768402,0.40024,-0.49837,0.255077,0.907074,0.334814,0.586089,0.130279,-0.799072
0.253715,0.167543,-0.109361,-175.929695,-40.90105,-131.517915,-0.753353,-0.535938,-0.379931,-0.053609,0.626676,-0.777313,0.654755,-0.565561,-0.500682,0.30573,0.153256,-0.098087,-164.681743,-13.034814,-101.917975,-0.939158,-0.267427,0.213374,-0.257246,0.141317,-0.95574,0.225543,-0.952942,-0.201129,0.392125,0.178147,-0.114495,-166.514511,-47.352744,-102.666826,-0.658536,-0.748991,0.070495,-0.157924,0.046161,-0.986263,0.735539,-0.660808,-0.148518,0.269007,-0.166511,-0.096189,176.741292,-35.912791,23.930473,-0.807957,0.185694,0.558282,0.046002,-0.925475,0.374524,0.586553,0.328485,0.740205,0.317562,-0.150437,-0.090497,174.164416,-9.79435,13.25881,-0.980142,-0.060129,0.188036,0.100174,-0.97209,0.211328,0.170112,0.226006,0.959154,0.410319,-0.168966,-0.110142,161.631694,-35.944665,170.944052,-0.767615,0.398617,-0.500641,0.25488,0.908204,0.331871,0.587004,0.127306,-0.798729
0.254719,0.166762,-0.108914,-176.22874,-41.071148,-132.449516,-0.751906,-0.528048,-0.394037,-0.049563,0.641765,-0.765226,0.656996,-0.556051,-0.508627,0.305619,0.153144,-0.098422,-165.327579,-12.65949,-101.752779,-0.943782,-0.259163,0.204763,-0.247111,0.142786,-0.958367,0.219156,-0.955179,-0.198726,0.391902,0.177701,-0.113937,-166.489194,-47.234773,-102.768696,-0.659978,-0.747811,0.069928,-0.158578,0.047859,-0.986094,0.734142,-0.662047,-0.150033,0.269007,-0.166511,-0.096189,176.75412,-35.932146,23.929335,-0.807957,0.185968,0.558463,0.045821,-0.925625,0.374608,0.586827,0.328401,0.740055,0.317562,-0.150437,-0.090608,174.259455,-9.848578,13.2247,-0.980034,-0.058403,0.188552,0.098521,-0.972222,0.210971,0.171045,0.225398,0.959129,0.410431,-0.168966,-0.110254,161.610267,-35.943762,170.965906,-0.767555,0.398773,-0.500654,0.255179,0.908178,0.331715,0.586991,0.127007,-0.798814
0.254384,0.167655,-0.109472,-176.048744,-41.312807,-132.277789,-0.748781,-0.533533,-0.392226,-0.05172,0.637737,-0.768404,0.66017,-0.555394,-0.504976,0.305172,0.153256,-0.098534,-165.76465,-12.447874,-101.630177,-0.946066,-0.254242,0.198569,-0.240013,0.143906,-0.95984,0.215551,-0.95617,-0.196798,0.392125,0.177812,-0.113268,-166.40835,-47.016185,-102.909433,-0.662128,-0.745596,0.069809,-0.160084,0.050174,-0.985596,0.731546,-0.664163,-0.152229,0.268895,-0.166511,-0.096189,176.702818,-36.031429,24.060258,-0.806784,0.187007,0.559644,0.046479,-0.924857,0.376155,0.588229,0.329669,0.738357,0.31745,-0.150437,-0.090608,174.372764,-9.975013,13.222405,-0.980034,-0.056015,0.190241,0.096564,-0.972579,0.211095,0.173219,0.225273,0.958772,0.410208,-0.168966,-0.110254,161.526603,-35.956214,171.056315,-0.767315,0.399429,-0.500933,0.256344,0.908075,0.331133,0.587167,0.125769,-0.799157
0.253938,0.168213,-0.109807,-175.84389,-41.663812,-132.403423,-0.744927,-0.538414,-0.39363,-0.05413,0.63708,-0.768861,0.664759,-0.551533,-0.503679,0.304614,0.153256,-0.098645,-166.169152,-12.349207,-101.588272,-0.948472,-0.25146,0.192442,-0.233508,0.145032,-0.961447,0.213869,-0.956909,-0.196221,0.391567,0.177589,-0.113044,-166.35093,-46.880989,-103.064927,-0.663657,-0.74431,0.069137,-0.161157,0.052457,-0.985308,0.729936,-0.665436,-0.154423,0.268784,-0.166622,-0.096301,176.660805,-36.161139,24.10255,-0.805512,0.187471,0.561455,0.046998,-0.924849,0.376327,0.590058,0.329674,0.736908,0.317339,-0.150437,-0.090608,174.445784,-9.954759,13.213811,-0.980034,-0.054861,0.189623,0.095303,-0.97249,0.211226,0.172871,0.225143,0.958861,0.410208,-0.168966,-0.109919,161.40673,-35.886094,171.188187,-0.767352,0.399992,-0.500246,0.258142,0.908062,0.329754,0.586176,0.124022,-0.800043
0.254273,0.168213,-0.109807,-176.000981,-41.777749,-132.689522,-0.743671,-0.535754,-0.399438,-0.05199,0.642342,-0.764603,0.666243,-0.547986,-0.505481,0.304502,0.153367,-0.098757,-166.452148,-12.199771,-101.504456,-0.94977,-0.24806,0.188413,-0.228859,0.14581,-0.962272,0.211321,-0.957502,-0.194883,0.391455,0.177254,-0.113044,-166.382328,-46.89282,-103.12387,-0.663775,-0.744483,0.067922,-0.160801,0.053664,-0.985373,0.730077,-0.665253,-0.155101,0.269007,-0.166734,-0.096413,176.636598,-36.413142,24.178808,-0.802609,0.18933,0.564574,0.047169,-0.924244,0.377145,0.593603,0.329571,0.734055,0.317227,-0.150437,-0.09072,174.818863,-9.691483,13.037793,-0.981483,-0.050131,0.183702,0.088996,-0.973452,0.209863,0.168343,0.222373,0.960314,0.410319,-0.168855,-0.109696,161.399208,-35.926301,171.2103,-0.766838,0.399967,-0.500901,0.258081,0.908121,0.329626,0.586744,0.123636,-0.799588
0.254831,0.168325,-0.109807,-176.143581,-41.639338,-132.627462,-0.745105,-0.533201,-0.399624,-0.050227,0.643078,-0.764042,0.664439,-0.549527,-0.505802,0.304502,0.153479,-0.098645,-166.648638,-12.052542,-101.550747,-0.951369,-0.245298,0.185508,-0.225795,0.147729,-0.962837,0.208809,-0.958054,-0.195802,0.391344,0.177254,-0.112821,-166.307954,-46.738599,-103.230392,-0.665526,-0.742937,0.068264,-0.16214,0.054899,-0.985107,0.728235,-0.666911,-0.156796,0.269342,-0.166846,-0.096301,176.701394,-36.473531,24.135586,-0.802424,0.190225,0.565089,0.046248,-0.9247,0.377023,0.594451,0.328785,0.733784,0.317227,-0.150549,-0.09072,175.214674,-9.330232,12.870337,-0.982991,-0.045306,0.176078,0.082291,-0.97415,0.208786,0.162125,0.219797,0.961973,0.410542,-0.169078,-0.108579,161.380144,-35.903045,171.273811,-0.767056,0.399695,-0.500917,0.258439,0.908358,0.328702,0.586415,0.122798,-0.800043
