Sensor #1 X,Sensor #1 Y,Sensor #1 Z,"Sensor #1 Euler Angles (Z Y'X"") Z","Sensor #1 Euler Angles (Z Y'X"") Y'","Sensor #1 Euler Angles (Z Y'X"") X""","Sensor #1 Rotation Matrix M0,0","Sensor #1 Rotation Matrix M0,1","Sensor #1 Rotation Matrix M0,2","Sensor #1 Rotation Matrix M1,0","Sensor #1 Rotation Matrix M1,1","Sensor #1 Rotation Matrix M1,2","Sensor #1 Rotation Matrix M2,0","Sensor #1 Rotation Matrix M2,1","Sensor #1 Rotation Matrix M2,2",Sensor #2 X,Sensor #2 Y,Sensor #2 Z,"Sensor #2 Euler Angles (Z Y'X"") Z","Sensor #2 Euler Angles (Z Y'X"") Y'","Sensor #2 Euler Angles (Z Y'X"") X""","Sensor #2 Rotation Matrix M0,0","Sensor #2 Rotation Matrix M0,1","Sensor #2 Rotation Matrix M0,2","Sensor #2 Rotation Matrix M1,0","Sensor #2 Rotation Matrix M1,1","Sensor #2 Rotation Matrix M1,2","Sensor #2 Rotation Matrix M2,0","Sensor #2 Rotation Matrix M2,1","Sensor #2 Rotation Matrix M2,2",Sensor #3 X,Sensor #3 Y,Sensor #3 Z,"Sensor #3 Euler Angles (Z Y'X"") Z","Sensor #3 Euler Angles (Z Y'X"") Y'","Sensor #3 Euler Angles (Z Y'X"") X""","Sensor #3 Rotation Matrix M0,0","Sensor #3 Rotation Matrix M0,1","Sensor #3 Rotation Matrix M0,2","Sensor #3 Rotation Matrix M1,0","Sensor #3 Rotation Matrix M1,1","Sensor #3 Rotation Matrix M1,2","Sensor #3 Rotation Matrix M2,0","Sensor #3 Rotation Matrix M2,1","Sensor #3 Rotation Matrix M2,2",Sensor #4 X,Sensor #4 Y,Sensor #4 Z,"Sensor #4 Euler Angles (Z Y'X"") Z","Sensor #4 Euler Angles (Z Y'X"") Y'","Sensor #4 Euler Angles (Z Y'X"") X""","Sensor #4 Rotation Matrix M0,0","Sensor #4 Rotation Matrix M0,1","Sensor #4 Rotation Matrix M0,2","Sensor #4 Rotation Matrix M1,0","Sensor #4 Rotation Matrix M1,1","Sensor #4 Rotation Matrix M1,2","Sensor #4 Rotation Matrix M2,0","Sensor #4 Rotation Matrix M2,1","Sensor #4 Rotation Matrix M2,2",Sensor #5 X,Sensor #5 Y,Sensor #5 Z,"Sensor #5 Euler Angles (Z Y'X"") Z","Sensor #5 Euler Angles (Z Y'X"") Y'","Sensor #5 Euler Angles (Z Y'X"") X""","Sensor #5 Rotation Matrix M0,0","Sensor #5 Rotation Matrix M0,1","Sensor #5 Rotation Matrix M0,2","Sensor #5 Rotation Matrix M1,0","Sensor #5 Rotation Matrix M1,1","Sensor #5 Rotation Matrix M1,2","Sensor #5 Rotation Matrix M2,0","Sensor #5 Rotation Matrix M2,1","Sensor #5 Rotation Matrix M2,2",Sensor #6 X,Sensor #6 Y,Sensor #6 Z,"Sensor #6 Euler Angles (Z Y'X"") Z","Sensor #6 Euler Angles (Z Y'X"") Y'","Sensor #6 Euler Angles (Z Y'X"") X""","Sensor #6 Rotation Matrix M0,0","Sensor #6 Rotation Matrix M0,1","Sensor #6 Rotation Matrix M0,2","Sensor #6 Rotation Matrix M1,0","Sensor #6 Rotation Matrix M1,1","Sensor #6 Rotation Matrix M1,2","Sensor #6 Rotation Matrix M2,0","Sensor #6 Rotation Matrix M2,1","Sensor #6 Rotation Matrix M2,2"
0.0,0.0,0.0,0.0,0.0,0.0,0.0,0.0,0.0,0.0,0.0,0.0,0.0,0.0,0.0,0.0,0.0,0.0,0.0,0.0,0.0,0.0,0.0,0.0,0.0,0.0,0.0,0.0,0.0,0.0,0.0,0.0,0.0,0.0,0.0,0.0,0.0,0.0,0.0,0.0,0.0,0.0,0.0,0.0,0.0,0.0,0.0,0.0,0.0,0.0,0.0,0.0,0.0,0.0,0.0,0.0,0.0,0.0,0.0,0.0,0.0,0.0,0.0,0.0,0.0,0.0,0.0,0.0,0.0,0.0,0.0,0.0,0.0,0.0,0.0,0.0,0.0,0.0,0.0,0.0,0.0,0.0,0.0,0.0,0.0,0.0,0.0,0.0,0.0,0.0
0.0,0.0,0.0,0.0,0.0,0.0,0.0,0.0,0.0,0.0,0.0,0.0,0.0,0.0,0.0,0.0,0.0,0.0,0.0,0.0,0.0,0.0,0.0,0.0,0.0,0.0,0.0,0.0,0.0,0.0,0.0,0.0,0.0,0.0,0.0,0.0,0.0,0.0,0.0,0.0,0.0,0.0,0.0,0.0,0.0,0.0,0.0,0.0,0.0,0.0,0.0,0.0,0.0,0.0,0.0,0.0,0.0,0.0,0.0,0.0,0.0,0.0,0.0,0.0,0.0,0.0,0.0,0.0,0.0,0.0,0.0,0.0,0.0,0.0,0.0,0.0,0.0,0.0,0.0,0.0,0.0,0.0,0.0,0.0,0.0,0.0,0.0,0.0,0.0,0.0
0.293452,0.123453,-0.093064,-174.972635,-30.628511,-95.669099,-0.856748,-0.51369,0.036913,-0.075368,0.054398,-0.995481,0.50947,-0.856029,-0.084977,0.364778,0.107268,-0.089157,-140.301399,-8.678519,-92.083747,-0.760417,-0.139337,0.633929,-0.631279,-0.068087,-0.772371,0.15089,-0.987752,-0.035939,0.446373,0.148568,-0.108245,-140.396601,-52.058269,136.898548,-0.473208,-0.050138,-0.879045,-0.391519,0.906262,0.159215,0.788636,0.41967,-0.448446,0.288541,-0.143963,-0.091948,171.550457,-28.322643,-153.316238,-0.870337,-0.079458,-0.485275,0.129289,0.915162,-0.381746,0.474436,-0.395136,-0.786195,0.363327,-0.124206,-0.092394,152.306756,-7.636117,-166.427401,-0.877054,0.423886,-0.223347,0.460332,0.875334,-0.147664,0.132881,-0.232446,-0.962831,0.442354,-0.167962,-0.111258,153.917235,-43.996177,-9.894638,-0.645841,-0.540221,0.539071,0.316154,-0.832093,-0.455154,0.69461,-0.123608,0.708631
0.29334,0.123565,-0.093064,-174.978038,-30.609764,-95.660619,-0.857068,-0.513398,0.036976,-0.075315,0.054179,-0.995561,0.509188,-0.856293,-0.084875,0.364666,0.107379,-0.089046,-140.293978,-8.650445,-92.075252,-0.760417,-0.138849,0.634087,-0.631445,-0.067944,-0.772273,0.150406,-0.987851,-0.035796,0.446484,0.148456,-0.108356,-140.432642,-52.148175,136.925195,-0.472545,-0.04948,-0.879481,-0.39047,0.906769,0.158914,0.7896,0.418655,-0.447779,0.288652,-0.144075,-0.091948,171.505532,-28.340276,-153.224174,-0.869917,-0.079645,-0.485679,0.129924,0.914653,-0.38273,0.474707,-0.396257,-0.785278,0.363438,-0.124206,-0.092394,152.314009,-7.688683,-166.401331,-0.877102,0.423531,-0.22432,0.460215,0.875398,-0.147698,0.13379,-0.232882,-0.962719,0.442243,-0.168743,-0.11137,153.581427,-43.982909,-9.657686,-0.644417,-0.54296,0.538464,0.320152,-0.831053,-0.45484,0.694444,-0.120713,0.709352
0.276151,0.140643,-0.097752,179.976844,-35.753782,-97.56764,-0.811211,-0.579147,-0.077454,0.000328,0.132233,-0.991091,0.584303,-0.80427,-0.10685,0.337542,0.12736,-0.092394,-173.398237,-12.239884,-81.961453,-0.970386,-0.192489,0.143203,-0.112308,-0.162613,-0.980039,0.212005,-0.96749,0.136636,0.430634,0.151805,-0.107352,-145.381325,-48.51129,136.462371,-0.544948,0.012838,-0.838146,-0.376196,0.889799,0.258278,0.749086,0.456143,-0.480043,0.283964,-0.180687,-0.098534,-179.511346,-40.637998,-147.484659,-0.75848,-0.3572,-0.544622,-0.006469,0.840309,-0.542027,0.651278,-0.407729,-0.639629,0.349821,-0.157581,-0.098422,174.694152,-17.599779,-178.118398,-0.948744,0.082505,-0.303943,0.08811,0.996099,-0.004741,0.302366,-0.031285,-0.952312,0.437666,-0.184259,-0.125434,154.541273,-40.200701,-6.826565,-0.689191,-0.495907,0.527603,0.328118,-0.863153,-0.382758,0.645467,-0.090779,0.758306
0.276262,0.140643,-0.097752,179.970009,-35.762639,-97.569725,-0.810905,-0.579244,-0.077678,0.000424,0.132539,-0.990966,0.584429,-0.804046,-0.10685,0.337877,0.12736,-0.092618,-173.462355,-12.2726,-81.864563,-0.970648,-0.192956,0.142565,-0.111237,-0.164396,-0.980016,0.212563,-0.967251,0.138271,0.430523,0.151693,-0.107463,-145.385546,-48.473008,136.45256,-0.54505,0.012849,-0.837755,-0.376208,0.889696,0.258539,0.748643,0.4563,-0.480043,0.284076,-0.18091,-0.098757,-179.550367,-40.708746,-147.388685,-0.757239,-0.357968,-0.545232,-0.005943,0.839744,-0.542852,0.652214,-0.408145,-0.637921,0.349597,-0.157358,-0.097641,174.735401,-17.418182,-178.17606,-0.949695,0.082184,-0.300849,0.087509,0.996154,-0.004234,0.299344,-0.030355,-0.953234,0.437555,-0.184259,-0.125323,154.535575,-40.146503,-6.851034,-0.689699,-0.496136,0.526706,0.328444,-0.862968,-0.382869,0.644744,-0.091176,0.758871
0.276262,0.140643,-0.097752,179.986342,-35.769958,-97.578792,-0.810599,-0.579362,-0.077575,0.000193,0.132746,-0.990848,0.584532,-0.803815,-0.106949,0.337989,0.127248,-0.092952,-173.548275,-12.362102,-81.772026,-0.970546,-0.19447,0.141637,-0.109751,-0.165926,-0.979963,0.214089,-0.966723,0.139789,0.430299,0.15147,-0.107575,-145.397333,-48.475183,136.44351,-0.545152,0.013171,-0.83773,-0.376113,0.889646,0.25886,0.748669,0.456395,-0.479991,0.283964,-0.181133,-0.098868,-179.678503,-40.775354,-147.306512,-0.756619,-0.357371,-0.54666,-0.004246,0.839732,-0.542903,0.653095,-0.408714,-0.636797,0.349486,-0.157135,-0.097194,174.795988,-17.319617,-178.189959,-0.950177,0.081245,-0.29919,0.08654,0.996237,-0.004457,0.297702,-0.030136,-0.953632,0.437108,-0.184259,-0.125323,154.569274,-40.165492,-6.951304,-0.689637,-0.496552,0.526296,0.327917,-0.862524,-0.38417,0.644998,-0.092476,0.758489
0.276151,0.140643,-0.097752,-179.997812,-35.78475,-97.609292,-0.810948,-0.579586,-0.077478,-3.1e-05,0.132647,-0.991057,0.584742,-0.803912,-0.107397,0.337989,0.127248,-0.092841,-173.528828,-12.344516,-81.734168,-0.970284,-0.194051,0.141994,-0.110055,-0.166294,-0.979695,0.213789,-0.96657,0.140419,0.430299,0.151693,-0.107575,-145.309059,-48.481466,136.389525,-0.544838,0.012579,-0.838264,-0.377136,0.889336,0.258512,0.748741,0.457058,-0.479782,0.283852,-0.181245,-0.09898,-179.707676,-40.83132,-147.271081,-0.755871,-0.357662,-0.54735,-0.003856,0.839603,-0.543091,0.653834,-0.408706,-0.635919,0.349597,-0.156911,-0.096971,174.887414,-17.236411,-178.221928,-0.950655,0.079859,-0.297757,0.085054,0.996365,-0.004501,0.296315,-0.029615,-0.953991,0.436438,-0.184035,-0.125099,154.662482,-40.149767,-7.110335,-0.690595,-0.496696,0.52533,0.326996,-0.862497,-0.385656,0.644788,-0.094608,0.758446
0.276151,0.140643,-0.097752,-179.999763,-35.803917,-97.594148,-0.810599,-0.579865,-0.077443,-3e-06,0.132549,-0.99101,0.585013,-0.803653,-0.107147,0.337989,0.127136,-0.092952,-173.580275,-12.40494,-81.660895,-0.97013,-0.195035,0.141505,-0.109156,-0.167457,-0.979581,0.21482,-0.966154,0.14162,0.430299,0.151581,-0.107575,-145.327516,-48.467879,136.395153,-0.544838,0.012736,-0.838005,-0.376877,0.889388,0.258651,0.748584,0.456918,-0.47973,0.283852,-0.181245,-0.099092,-179.740715,-40.870103,-147.254688,-0.755432,-0.357612,-0.547991,-0.003419,0.839652,-0.543018,0.654346,-0.40865,-0.635431,0.349486,-0.156688,-0.096748,174.935162,-17.196207,-178.245472,-0.951133,0.079189,-0.297054,0.084298,0.99643,-0.004402,0.295645,-0.029235,-0.954413,0.436662,-0.183812,-0.125546,154.789033,-40.201764,-7.206013,-0.690853,-0.495774,0.525969,0.325252,-0.862968,-0.386239,0.645481,-0.095803,0.757717
0.276151,0.140643,-0.097752,179.995366,-35.793608,-97.61139,-0.810642,-0.579683,-0.077702,6.6e-05,0.132953,-0.990932,0.584867,-0.803687,-0.107397,0.337989,0.127136,-0.093064,-173.593464,-12.415451,-81.642154,-0.970184,-0.195197,0.141384,-0.108936,-0.167826,-0.979582,0.214999,-0.966099,0.141935,0.430523,0.151805,-0.107352,-145.268859,-48.376931,136.386411,-0.545357,0.011368,-0.837618,-0.378062,0.888972,0.258335,0.747531,0.457754,-0.48046,0.283852,-0.181245,-0.099203,-179.778924,-40.898405,-147.174061,-0.755072,-0.358019,-0.548169,-0.002913,0.839134,-0.543816,0.65472,-0.409349,-0.634554,0.349374,-0.156576,-0.096524,174.937857,-17.111639,-178.249867,-0.951615,0.079211,-0.295644,0.084296,0.99643,-0.004465,0.294234,-0.029177,-0.954895,0.436104,-0.183254,-0.125323,154.929234,-40.1626,-7.248054,-0.692122,-0.494018,0.526074,0.323783,-0.863987,-0.385376,0.644959,-0.096416,0.758096
0.276151,0.140643,-0.097752,179.987882,-35.793109,-97.586698,-0.810599,-0.57969,-0.077596,0.000171,0.132647,-0.990953,0.58486,-0.803709,-0.107048,0.3381,0.127136,-0.093064,-173.605933,-12.387156,-81.598858,-0.970293,-0.194655,0.141244,-0.108734,-0.168448,-0.979486,0.214516,-0.966087,0.142679,0.430523,0.151916,-0.107463,-145.208848,-48.409152,136.347274,-0.544421,0.011253,-0.838041,-0.378258,0.889022,0.257832,0.747904,0.457635,-0.479679,0.283852,-0.181356,-0.099426,-179.781261,-40.966082,-147.138972,-0.754454,-0.358831,-0.548704,-0.00288,0.838777,-0.544386,0.655612,-0.409396,-0.633775,0.349262,-0.156465,-0.096301,174.958999,-17.057327,-178.28409,-0.952089,0.079061,-0.294693,0.083984,0.996458,-0.004061,0.293328,-0.02862,-0.955357,0.436438,-0.183477,-0.125323,154.982051,-40.134854,-7.364474,-0.69251,-0.494169,0.525111,0.323187,-0.863516,-0.386466,0.644589,-0.097992,0.758178
0.276151,0.140643,-0.097864,179.989423,-35.816266,-97.59461,-0.810599,-0.580018,-0.077618,0.00015,0.132549,-0.991059,0.585188,-0.803603,-0.107147,0.338212,0.127248,-0.093176,-173.614838,-12.411034,-81.54645,-0.970456,-0.194931,0.141378,-0.1086,-0.169612,-0.97944,0.214923,-0.96597,0.143565,0.430523,0.151805,-0.107575,-145.194045,-48.457744,136.324648,-0.544004,0.011641,-0.838501,-0.378177,0.889074,0.257816,0.748467,0.457549,-0.47921,0.283852,-0.181468,-0.099203,-179.809215,-40.931043,-147.121319,-0.755022,-0.358369,-0.548452,-0.002514,0.838745,-0.544458,0.65515,-0.409893,-0.634115,0.349374,-0.156242,-0.096189,175.019133,-16.987718,-178.296376,-0.952571,0.078116,-0.293515,0.083019,0.996539,-0.004259,0.292167,-0.028427,-0.955759,0.43588,-0.183477,-0.124876,154.908337,-40.018579,-7.269539,-0.693455,-0.494304,0.524022,0.324715,-0.863753,-0.385081,0.643036,-0.096905,0.759663
0.276151,0.140643,-0.097864,179.977068,-35.805456,-97.587159,-0.810599,-0.579843,-0.077771,0.000324,0.132647,-0.991003,0.585035,-0.80366,-0.107048,0.338547,0.127248,-0.093399,-173.640877,-12.431613,-81.489178,-0.970251,-0.195228,0.141143,-0.10813,-0.17035,-0.979258,0.215274,-0.965673,0.144507,0.430523,0.151693,-0.107686,-145.208221,-48.482431,136.340015,-0.543902,0.011787,-0.838632,-0.377906,0.889229,0.257695,0.748753,0.457253,-0.479158,0.283964,-0.18158,-0.099315,-179.833298,-40.961828,-147.082549,-0.754843,-0.358638,-0.54876,-0.002196,0.838486,-0.544881,0.655556,-0.410217,-0.633676,0.349151,-0.156242,-0.095966,175.013096,-16.94258,-178.254822,-0.952584,0.078014,-0.292822,0.083121,0.996526,-0.005012,0.291413,-0.029121,-0.955759,0.435434,-0.183366,-0.125099,154.87772,-40.10925,-7.209918,-0.691992,-0.494209,0.525452,0.324481,-0.863516,-0.384923,0.644247,-0.095979,0.758696
0.276151,0.140643,-0.097864,179.989423,-35.816266,-97.59461,-0.810599,-0.580018,-0.077618,0.00015,0.132549,-0.991059,0.585188,-0.803603,-0.107147,0.338658,0.127136,-0.093399,-173.727082,-12.447732,-81.441177,-0.970362,-0.195636,0.139876,-0.106665,-0.170916,-0.979325,0.215549,-0.965495,0.145308,0.430523,0.151693,-0.107798,-145.200065,-48.515317,136.332069,-0.543383,0.01201,-0.838858,-0.37766,0.889384,0.257497,0.749133,0.456933,-0.478689,0.284076,-0.181691,-0.099426,-179.906246,-41.014112,-146.969772,-0.754177,-0.359015,-0.549334,-0.001234,0.837885,-0.545798,0.656245,-0.411103,-0.632312,0.349151,-0.155684,-0.09552,175.129073,-16.829605,-178.262785,-0.953071,0.076075,-0.290921,0.08122,0.996679,-0.005622,0.289526,-0.028997,-0.956084,0.434429,-0.1837,-0.125434,154.692686,-40.202103,-7.171955,-0.689965,-0.496774,0.52565,0.326253,-0.86208,-0.386567,0.645486,-0.095345,0.757717
0.276151,0.140531,-0.097864,179.96958,-35.804955,-97.562469,-0.810555,-0.57985,-0.077665,0.00043,0.132341,-0.991025,0.585028,-0.803682,-0.106698,0.33877,0.127025,-0.093622,-173.765585,-12.4975,-81.386687,-0.970158,-0.19646,0.139511,-0.105983,-0.171712,-0.979207,0.216397,-0.965133,0.146192,0.430523,0.151693,-0.10791,-145.214877,-48.519738,136.336059,-0.543383,0.012218,-0.838807,-0.377452,0.889436,0.25761,0.749184,0.456819,-0.478637,0.283852,-0.181803,-0.099761,-179.959062,-41.10276,-146.980045,-0.752911,-0.358736,-0.550907,-0.000538,0.838373,-0.545017,0.657412,-0.410308,-0.631337,0.349262,-0.155572,-0.095073,175.148481,-16.68963,-178.272182,-0.954036,0.075875,-0.288577,0.080977,0.996699,-0.005759,0.287187,-0.028869,-0.95703,0.434876,-0.183031,-0.124764,154.930757,-40.020267,-7.292457,-0.69352,-0.49416,0.523999,0.324415,-0.863753,-0.385225,0.643059,-0.097205,0.759598
0.276151,0.140531,-0.097864,179.973564,-35.801464,-97.564094,-0.810249,-0.579793,-0.077715,0.000374,0.132647,-0.99085,0.584978,-0.803507,-0.106698,0.33877,0.126913,-0.093845,-173.809084,-12.549747,-81.295309,-0.970068,-0.197241,0.139221,-0.105227,-0.173247,-0.979033,0.217287,-0.964715,0.147703,0.430523,0.151581,-0.107686,-145.225444,-48.509388,136.368449,-0.543698,0.011819,-0.838737,-0.377522,0.889486,0.257366,0.749064,0.456749,-0.479106,0.283964,-0.181914,-0.099761,179.998697,-41.1138,-146.918363,-0.752862,-0.358804,-0.551036,1.7e-05,0.838032,-0.545552,0.657557,-0.410958,-0.63085,0.349151,-0.155349,-0.09485,175.216773,-16.604089,-178.243513,-0.954531,0.074584,-0.287183,0.079873,0.996782,-0.00672,0.285757,-0.02936,-0.957417,0.433983,-0.182473,-0.124653,155.090135,-39.981019,-7.371715,-0.694474,-0.492282,0.523947,0.322509,-0.86433,-0.384698,0.642534,-0.098305,0.759847
0.276151,0.140531,-0.097752,179.96958,-35.804955,-97.562469,-0.810555,-0.57985,-0.077665,0.00043,0.132341,-0.991025,0.585028,-0.803682,-0.106698,0.338882,0.126802,-0.093845,-173.860577,-12.536858,-81.266561,-0.970124,-0.197119,0.138389,-0.104351,-0.173444,-0.97904,0.217068,-0.964652,0.148189,0.430523,0.151693,-0.107798,-145.224847,-48.529671,136.379863,-0.543595,0.011757,-0.838919,-0.377459,0.889588,0.257131,0.749299,0.456567,-0.479106,0.283852,-0.182138,-0.099873,179.867866,-41.214124,-146.817522,-0.751939,-0.358623,-0.552729,0.001734,0.837836,-0.545879,0.658875,-0.411555,-0.629341,0.349151,-0.15546,-0.094515,175.201024,-16.522237,-178.315666,-0.954993,0.075266,-0.285726,0.080176,0.996765,-0.005502,0.284387,-0.028169,-0.957938,0.433425,-0.182807,-0.124876,154.938432,-40.056945,-7.441435,-0.69328,-0.495499,0.523196,0.324189,-0.862864,-0.387617,0.643549,-0.099128,0.758949
0.276151,0.140531,-0.097864,179.981933,-35.815766,-97.569919,-0.810555,-0.580025,-0.077512,0.000256,0.132243,-0.991081,0.585181,-0.803625,-0.106797,0.33877,0.127025,-0.093845,-173.784118,-12.525916,-81.240768,-0.970236,-0.196623,0.139799,-0.105673,-0.174356,-0.978863,0.216881,-0.964717,0.148643,0.430523,0.15147,-0.10791,-145.272365,-48.545179,136.40494,-0.543493,0.012268,-0.83874,-0.376721,0.889847,0.257264,0.749478,0.456018,-0.478949,0.283741,-0.182026,-0.099761,179.893189,-41.170907,-146.80619,-0.752069,-0.358729,-0.551982,0.001402,0.837657,-0.546108,0.658307,-0.411764,-0.62939,0.349151,-0.155349,-0.094292,175.261111,-16.438295,-178.328062,-0.955475,0.074322,-0.284305,0.079207,0.996841,-0.005702,0.282983,-0.027973,-0.958344,0.43376,-0.18158,-0.125434,155.296054,-40.249707,-7.637084,-0.693294,-0.492196,0.526246,0.318938,-0.864458,-0.388361,0.64612,-0.101431,0.756452
0.276151,0.140531,-0.097752,179.992751,-35.803419,-97.569459,-0.810555,-0.579872,-0.077337,0.000103,0.132243,-0.991032,0.585006,-0.803675,-0.106797,0.33877,0.127136,-0.093845,-173.751755,-12.498331,-81.241539,-0.970236,-0.196068,0.140269,-0.106228,-0.174356,-0.978777,0.216411,-0.964803,0.148643,0.430523,0.15147,-0.107798,-145.253267,-48.526,136.429302,-0.543808,0.011452,-0.838772,-0.377207,0.889792,0.256792,0.749256,0.456175,-0.479522,0.283741,-0.181691,-0.099761,179.992815,-41.160507,-146.853457,-0.751939,-0.359611,-0.551243,9.4e-05,0.837544,-0.546252,0.658171,-0.411182,-0.629634,0.349262,-0.155572,-0.094404,175.205673,-16.438371,-178.334248,-0.955471,0.075323,-0.284303,0.080138,0.996769,-0.00532,0.282984,-0.027872,-0.95842,0.434429,-0.182361,-0.124206,155.24835,-39.786334,-7.726404,-0.697362,-0.492825,0.519615,0.321513,-0.86346,-0.387527,0.639926,-0.103301,0.761386
0.276151,0.140531,-0.097864,179.981933,-35.815766,-97.569919,-0.810555,-0.580025,-0.077512,0.000256,0.132243,-0.991081,0.585181,-0.803625,-0.106797,0.338658,0.127025,-0.093622,-173.756798,-12.466181,-81.25369,-0.97018,-0.195592,0.14002,-0.106135,-0.173871,-0.978762,0.215863,-0.964875,0.148445,0.430411,0.15147,-0.108021,-145.282995,-48.587925,136.418763,-0.543391,0.012465,-0.83908,-0.376501,0.890001,0.257117,0.749972,0.455748,-0.478897,0.283629,-0.181803,-0.099873,179.907508,-41.222194,-146.846062,-0.751808,-0.358978,-0.552623,0.001214,0.837869,-0.545825,0.658981,-0.411171,-0.629438,0.349262,-0.155572,-0.094404,175.209803,-16.439518,-178.363086,-0.955463,0.075393,-0.284284,0.080068,0.996777,-0.004838,0.283003,-0.027389,-0.95842,0.433536,-0.182249,-0.125881,155.012414,-40.29008,-7.451883,-0.691189,-0.494793,0.526412,0.322124,-0.863153,-0.388384,0.646658,-0.098924,0.756307
0.276151,0.140531,-0.097864,179.97843,-35.811774,-97.546853,-0.810206,-0.579975,-0.077456,0.000305,0.132243,-0.990928,0.585124,-0.803472,-0.106448,0.338547,0.127248,-0.093622,-173.677086,-12.472783,-81.267803,-0.97018,-0.195479,0.141386,-0.107502,-0.174101,-0.978675,0.215976,-0.964961,0.148215,0.430411,0.15147,-0.108021,-145.268157,-48.583508,136.414741,-0.543391,0.012256,-0.839131,-0.376709,0.889949,0.257003,0.749921,0.455862,-0.478949,0.283629,-0.181691,-0.09965,179.922997,-41.16361,-146.839983,-0.752377,-0.358825,-0.551805,0.001011,0.837739,-0.546012,0.658211,-0.411552,-0.629877,0.349151,-0.155572,-0.094404,175.195418,-16.466722,-178.373595,-0.954976,0.075656,-0.284724,0.080269,0.996762,-0.00454,0.283458,-0.0272,-0.957957,0.434541,-0.182249,-0.125434,155.191118,-40.132079,-7.484871,-0.693594,-0.492069,0.525461,0.320616,-0.864405,-0.386335,0.644552,-0.099587,0.757983
0.276151,0.140531,-0.097752,179.981933,-35.815766,-97.569919,-0.810555,-0.580025,-0.077512,0.000256,0.132243,-0.991081,0.585181,-0.803625,-0.106797,0.338435,0.127248,-0.093511,-173.642285,-12.443919,-81.287003,-0.970124,-0.194946,0.141821,-0.108092,-0.173732,-0.978617,0.215484,-0.965075,0.147901,0.430411,0.151581,-0.10791,-145.23093,-48.534197,136.405986,-0.543391,0.011529,-0.838867,-0.377232,0.889792,0.256714,0.749351,0.456151,-0.479106,0.283518,-0.181468,-0.099538,179.974413,-41.144589,-146.879473,-0.752685,-0.359075,-0.551343,0.000336,0.837772,-0.545974,0.657961,-0.411282,-0.630412,0.349039,-0.155795,-0.094404,175.112949,-16.510459,-178.388305,-0.954969,0.077169,-0.28544,0.081652,0.996653,-0.003817,0.28419,-0.026957,-0.958073,0.435099,-0.182584,-0.125546,155.17345,-40.17579,-7.654384,-0.693047,-0.493958,0.524408,0.320623,-0.863072,-0.389296,0.645135,-0.101763,0.757197
0.276151,0.140531,-0.097864,179.979965,-35.834934,-97.554768,-0.810206,-0.580303,-0.077477,0.000283,0.132144,-0.991034,0.585452,-0.803366,-0.106546,0.338435,0.127471,-0.093511,-173.57092,-12.400881,-81.273395,-0.97018,-0.193972,0.142981,-0.109322,-0.174159,-0.978423,0.21475,-0.965213,0.148157,0.430411,0.15147,-0.10791,-145.272365,-48.545179,136.40494,-0.543493,0.012268,-0.83874,-0.376721,0.889847,0.257264,0.749478,0.456018,-0.478949,0.283518,-0.181133,-0.099538,-179.914298,-41.155775,-146.935568,-0.752554,-0.360242,-0.550758,-0.001126,0.837608,-0.546224,0.658108,-0.410594,-0.630706,0.348816,-0.156465,-0.094292,174.940832,-16.4844,-178.463586,-0.954944,0.080556,-0.284911,0.084541,0.996418,-0.001691,0.283754,-0.025704,-0.958333,0.435099,-0.182584,-0.125881,155.158462,-40.250252,-7.711299,-0.692044,-0.494763,0.524722,0.320378,-0.862367,-0.390683,0.646127,-0.102399,0.756239
0.276151,0.140531,-0.097864,179.969143,-35.847284,-97.555228,-0.810206,-0.580456,-0.077652,0.000436,0.132144,-0.991084,0.585627,-0.803317,-0.106546,0.338324,0.127583,-0.093399,-173.466438,-12.349029,-81.282028,-0.97018,-0.192807,0.144605,-0.111114,-0.174275,-0.978205,0.213866,-0.965431,0.148042,0.430299,0.151581,-0.108021,-145.253902,-48.558795,136.399292,-0.543493,0.012111,-0.839,-0.37698,0.889795,0.257124,0.749635,0.456158,-0.479001,0.283406,-0.181022,-0.09965,-179.912017,-41.206936,-146.898799,-0.751939,-0.36099,-0.551071,-0.001155,0.837249,-0.54677,0.658781,-0.410664,-0.629928,0.348928,-0.156911,-0.094292,174.846671,-16.469661,-178.506774,-0.954448,0.082377,-0.284605,0.086078,0.996287,-0.000489,0.283508,-0.024973,-0.957995,0.435434,-0.182249,-0.126104,155.321014,-40.30555,-7.89631,-0.692642,-0.494204,0.524874,0.318272,-0.862681,-0.39232,0.646864,-0.104761,0.755326
0.276151,0.140643,-0.097864,179.992321,-35.84575,-97.56223,-0.810206,-0.580478,-0.077324,0.000109,0.132045,-0.991091,0.585605,-0.80331,-0.106645,0.338212,0.127695,-0.093176,-173.38313,-12.277207,-81.285475,-0.97055,-0.191335,0.145887,-0.112586,-0.174644,-0.978131,0.212642,-0.965819,0.148042,0.430411,0.151581,-0.108021,-145.282347,-48.555114,136.448755,-0.543706,0.011806,-0.838853,-0.376728,0.889998,0.256784,0.749593,0.455766,-0.479418,0.283294,-0.180798,-0.09965,-179.867767,-41.2199,-146.85795,-0.751454,-0.362064,-0.550571,-0.001734,0.83666,-0.547626,0.658951,-0.410861,-0.62925,0.348816,-0.157358,-0.094515,174.749874,-16.527957,-178.518638,-0.954442,0.084131,-0.28556,0.087703,0.996146,0.000282,0.284483,-0.024778,-0.958142,0.435211,-0.182249,-0.126216,155.332743,-40.333359,-8.002696,-0.692666,-0.495144,0.524346,0.318111,-0.862237,-0.393998,0.647234,-0.106125,0.754858
0.276151,0.140643,-0.097864,179.979965,-35.834934,-97.554768,-0.810206,-0.580303,-0.077477,0.000283,0.132144,-0.991034,0.585452,-0.803366,-0.106546,0.3381,0.127918,-0.092952,-173.294115,-12.202015,-81.286137,-0.97018,-0.18985,0.147112,-0.114071,-0.174275,-0.977743,0.211359,-0.965893,0.148042,0.430299,0.151693,-0.10791,-145.233978,-48.536461,136.419057,-0.543289,0.011416,-0.838841,-0.377118,0.889894,0.256506,0.749377,0.455942,-0.479106,0.283183,-0.180575,-0.099761,-179.8177,-41.283564,-146.877934,-0.751016,-0.363111,-0.550885,-0.00239,0.836462,-0.547965,0.659786,-0.410392,-0.629011,0.348928,-0.157693,-0.094627,174.680086,-16.54111,-178.535836,-0.953953,0.085395,-0.285752,0.08883,0.996045,0.000953,0.284703,-0.024481,-0.957766,0.435434,-0.182138,-0.125769,155.364553,-40.2526,-8.014211,-0.693488,-0.494562,0.523515,0.318023,-0.86234,-0.393414,0.646159,-0.106399,0.75571
0.276151,0.140643,-0.097864,179.979965,-35.834934,-97.554768,-0.810206,-0.580303,-0.077477,0.000283,0.132144,-0.991034,0.585452,-0.803366,-0.106546,0.337989,0.128029,-0.092952,-173.221249,-12.196427,-81.315484,-0.970124,-0.189604,0.148258,-0.115315,-0.174079,-0.977673,0.211264,-0.966019,0.147555,0.430299,0.151693,-0.10791,-145.219155,-48.532051,136.415054,-0.543289,0.011207,-0.838892,-0.377327,0.889842,0.256393,0.749326,0.456056,-0.479158,0.283071,-0.180352,-0.099761,-179.762618,-41.281793,-146.898367,-0.751016,-0.363702,-0.55047,-0.003112,0.836312,-0.548187,0.659763,-0.41017,-0.62916,0.348928,-0.157804,-0.094738,174.638894,-16.570346,-178.542746,-0.95395,0.086152,-0.286228,0.089522,0.995983,0.001322,0.285192,-0.024367,-0.957831,0.435546,-0.182026,-0.125881,155.450218,-40.23621,-8.139804,-0.693891,-0.494299,0.522844,0.316953,-0.862026,-0.394402,0.64594,-0.108076,0.755621
0.276151,0.140643,-0.097864,179.975976,-35.83843,-97.553145,-0.810512,-0.580359,-0.077428,0.00034,0.131838,-0.991209,0.585502,-0.803541,-0.106546,0.337989,0.128141,-0.092729,-173.182991,-12.146487,-81.369842,-0.970325,-0.188783,0.148625,-0.115996,-0.173282,-0.977792,0.210412,-0.966382,0.146672,0.430411,0.151805,-0.107798,-145.226677,-48.519446,136.434372,-0.543706,0.010922,-0.838848,-0.37751,0.889789,0.256356,0.749181,0.456194,-0.479627,0.283071,-0.180352,-0.09965,-179.779319,-41.276819,-146.891023,-0.751016,-0.363483,-0.550536,-0.002893,0.836362,-0.548104,0.659698,-0.410252,-0.62911,0.348928,-0.158028,-0.09485,174.593559,-16.59683,-178.534557,-0.953468,0.086862,-0.28668,0.090237,0.995918,0.001451,0.285635,-0.024493,-0.957414,0.435992,-0.182138,-0.125881,155.45899,-40.164632,-8.156689,-0.69478,-0.494239,0.52189,0.31723,-0.862132,-0.394197,0.644986,-0.108416,0.756404
0.276151,0.140643,-0.097752,179.974444,-35.815267,-97.545231,-0.810512,-0.580032,-0.077406,0.000362,0.131936,-0.991103,0.585174,-0.803647,-0.106448,0.337765,0.128141,-0.092618,-173.139976,-12.109726,-81.37086,-0.970325,-0.188044,0.149252,-0.116735,-0.173282,-0.977676,0.209785,-0.966498,0.146672,0.430411,0.151581,-0.107798,-145.242075,-48.503569,136.426945,-0.543808,0.011193,-0.838615,-0.377364,0.88974,0.256704,0.748997,0.456263,-0.479575,0.282959,-0.18024,-0.099426,-179.789268,-41.212684,-146.898137,-0.751892,-0.362834,-0.549955,-0.002765,0.836462,-0.547971,0.658856,-0.410647,-0.629886,0.349151,-0.158139,-0.095073,174.597576,-16.626991,-178.562109,-0.953462,0.08693,-0.287141,0.090169,0.995924,0.001955,0.28614,-0.024032,-0.957414,0.435992,-0.182361,-0.125881,155.456146,-40.193877,-8.134724,-0.694712,-0.494229,0.522389,0.317241,-0.862445,-0.394084,0.645376,-0.108085,0.756158
0.276151,0.140643,-0.097752,179.986795,-35.826082,-97.552685,-0.810512,-0.580206,-0.077253,0.000187,0.131838,-0.991159,0.585327,-0.80359,-0.106546,0.337542,0.128364,-0.092506,-173.012372,-12.03843,-81.418238,-0.970583,-0.186563,0.15115,-0.11896,-0.173028,-0.97761,0.208568,-0.966989,0.145928,0.430411,0.151581,-0.107798,-145.278066,-48.540354,136.477105,-0.544021,0.011199,-0.838834,-0.377006,0.889996,0.256426,0.749422,0.45581,-0.479939,0.282848,-0.180129,-0.099426,-179.781645,-41.176843,-146.929661,-0.752069,-0.362345,-0.549714,-0.002866,0.836772,-0.547466,0.658385,-0.410406,-0.630275,0.349151,-0.158474,-0.095297,174.525334,-16.697271,-178.562157,-0.952977,0.088154,-0.288307,0.091336,0.995816,0.00243,0.287315,-0.024022,-0.957041,0.436662,-0.182361,-0.125992,155.509098,-40.190374,-8.169384,-0.69478,-0.49364,0.522436,0.316496,-0.862445,-0.394071,0.645329,-0.108542,0.756091
0.276151,0.140643,-0.097864,179.986795,-35.826082,-97.552685,-0.810512,-0.580206,-0.077253,0.000187,0.131838,-0.991159,0.585327,-0.80359,-0.106546,0.337207,0.128476,-0.092171,-172.914153,-11.992948,-81.463494,-0.970472,-0.185631,0.152549,-0.120635,-0.172406,-0.977473,0.207791,-0.967237,0.145185,0.430523,0.151693,-0.107686,-145.266865,-48.517919,136.474741,-0.544021,0.01094,-0.838676,-0.377164,0.889944,0.256338,0.749163,0.455897,-0.479991,0.282625,-0.179905,-0.099203,-179.767335,-41.130603,-146.973633,-0.752685,-0.361816,-0.549336,-0.003056,0.837082,-0.547001,0.657778,-0.410255,-0.631101,0.349374,-0.158921,-0.09552,174.459788,-16.698888,-178.594987,-0.952969,0.089467,-0.28828,0.092436,0.995712,0.003332,0.287342,-0.023476,-0.957153,0.437778,-0.182138,-0.125657,155.729994,-40.046135,-8.397412,-0.697544,-0.492164,0.520252,0.314514,-0.862948,-0.394719,0.643404,-0.111789,0.757269
0.276151,0.140643,-0.097864,179.960112,-35.823618,-97.52262,-0.810162,-0.580135,-0.077524,0.000564,0.131936,-0.990999,0.585292,-0.803444,-0.106098,0.336872,0.128587,-0.091948,-172.792148,-11.927608,-81.527703,-0.970306,-0.184356,0.154228,-0.122713,-0.171414,-0.977304,0.206676,-0.967572,0.144126,0.430411,0.151693,-0.107798,-145.243976,-48.546415,136.462878,-0.543502,0.010954,-0.838953,-0.377126,0.890045,0.256027,0.749492,0.45569,-0.479575,0.282513,-0.179459,-0.099092,-179.693188,-41.065901,-147.036265,-0.753301,-0.361814,-0.548324,-0.004034,0.837243,-0.546733,0.656927,-0.409907,-0.632077,0.349486,-0.159255,-0.095743,174.406281,-16.741794,-178.627247,-0.952479,0.090524,-0.288939,0.093286,0.995629,0.004233,0.288059,-0.022927,-0.956761,0.438336,-0.182249,-0.126439,155.772627,-40.236569,-8.514714,-0.695934,-0.492972,0.52182,0.313165,-0.862445,-0.397144,0.645945,-0.113024,0.754936
0.276151,0.140643,-0.097864,179.960112,-35.823618,-97.52262,-0.810162,-0.580135,-0.077524,0.000564,0.131936,-0.990999,0.585292,-0.803444,-0.106098,0.336649,0.128699,-0.091725,-172.682402,-11.853077,-81.589944,-0.970511,-0.18293,0.155754,-0.124628,-0.170735,-0.977286,0.205403,-0.968069,0.143126,0.430411,0.151693,-0.108021,-145.235902,-48.579322,136.455014,-0.542984,0.011177,-0.839179,-0.376879,0.890199,0.255829,0.749872,0.45537,-0.479106,0.282625,-0.179236,-0.098868,-179.565445,-41.033273,-147.101589,-0.753609,-0.362812,-0.547164,-0.005716,0.837074,-0.546971,0.656497,-0.409361,-0.632815,0.349486,-0.15959,-0.095966,174.322034,-16.770937,-178.627701,-0.952477,0.092004,-0.289417,0.0947,0.995494,0.004711,0.288546,-0.022923,-0.956898,0.438001,-0.182696,-0.126662,155.526139,-40.349144,-8.375638,-0.693576,-0.495671,0.522647,0.315699,-0.861321,-0.397928,0.647444,-0.11101,0.753975
0.276151,0.140531,-0.097864,179.945308,-35.839458,-97.521461,-0.810469,-0.580345,-0.07765,0.000774,0.13163,-0.991223,0.585516,-0.80357,-0.106098,0.336872,0.128922,-0.091836,-172.668522,-11.861011,-81.630162,-0.970401,-0.183136,0.15587,-0.124853,-0.170055,-0.977345,0.205538,-0.968119,0.142439,0.430411,0.151805,-0.10791,-145.169625,-48.553993,136.40822,-0.542669,0.010692,-0.839244,-0.377592,0.88994,0.255645,0.74958,0.455868,-0.478846,0.282736,-0.179124,-0.09898,-179.428819,-40.992745,-147.144562,-0.754177,-0.364128,-0.545669,-0.007519,0.836592,-0.547701,0.655963,-0.409199,-0.633606,0.349597,-0.159925,-0.096078,174.249986,-16.798031,-178.629596,-0.951992,0.093232,-0.289858,0.095861,0.99538,0.005155,0.288999,-0.022883,-0.956532,0.437666,-0.183142,-0.127443,155.244574,-40.554337,-8.128474,-0.689549,-0.497856,0.52532,0.317966,-0.860133,-0.397866,0.650169,-0.10742,0.752089
0.276151,0.140643,-0.097864,179.932958,-35.828639,-97.514011,-0.810469,-0.58017,-0.077803,0.000948,0.131729,-0.991167,0.585363,-0.803626,-0.105999,0.336984,0.129034,-0.091725,-172.649906,-11.808942,-81.661117,-0.970293,-0.182317,0.155905,-0.12516,-0.169201,-0.977303,0.204649,-0.96827,0.141926,0.430411,0.151805,-0.10791,-145.169054,-48.574299,136.419648,-0.542567,0.010629,-0.839426,-0.377529,0.890042,0.255411,0.749814,0.455686,-0.478846,0.282959,-0.179012,-0.09898,-179.310076,-40.981262,-147.162831,-0.754438,-0.365631,-0.544506,-0.009085,0.835976,-0.548635,0.655812,-0.409142,-0.633961,0.349374,-0.160037,-0.096413,174.177528,-16.911772,-178.627204,-0.951508,0.094454,-0.291745,0.097028,0.995265,0.005671,0.290899,-0.022914,-0.956167,0.436997,-0.183142,-0.127443,155.123646,-40.660662,-8.033868,-0.688082,-0.499101,0.526541,0.319052,-0.859909,-0.39818,0.651578,-0.106016,0.751118
0.276151,0.140531,-0.097864,179.932958,-35.828639,-97.514011,-0.810469,-0.58017,-0.077803,0.000948,0.131729,-0.991167,0.585363,-0.803626,-0.105999,0.337096,0.129034,-0.091725,-172.639864,-11.800007,-81.681145,-0.970607,-0.182162,0.156058,-0.125373,-0.169201,-0.977458,0.204496,-0.968483,0.141612,0.430299,0.151916,-0.107798,-145.139425,-48.565489,136.411654,-0.542567,0.010212,-0.839528,-0.377945,0.889937,0.255183,0.749713,0.455913,-0.478951,0.283183,-0.179012,-0.099092,-179.234684,-41.001725,-147.171506,-0.75413,-0.366783,-0.544073,-0.010074,0.83559,-0.549197,0.656082,-0.408888,-0.633778,0.349262,-0.159925,-0.096413,174.15866,-16.937724,-178.608583,-0.951028,0.094645,-0.292204,0.097295,0.995239,0.005491,0.291332,-0.023214,-0.955708,0.436885,-0.182696,-0.127555,155.283595,-40.645961,-8.155387,-0.688798,-0.497665,0.526451,0.31705,-0.860194,-0.398413,0.651383,-0.107625,0.751005
0.276151,0.140531,-0.097864,179.918607,-35.836986,-97.491393,-0.810119,-0.580274,-0.077921,0.001151,0.131729,-0.991063,0.585481,-0.803424,-0.10565,0.337319,0.129034,-0.091725,-172.669749,-11.807353,-81.657535,-0.970293,-0.182344,0.155564,-0.124818,-0.169143,-0.977327,0.204622,-0.968245,0.141985,0.430188,0.151916,-0.107798,-145.164842,-48.559575,136.448065,-0.542882,0.010021,-0.839407,-0.377807,0.890039,0.255052,0.749644,0.45573,-0.479368,0.283183,-0.179124,-0.099203,-179.252425,-41.030755,-147.146886,-0.753822,-0.366969,-0.544404,-0.009836,0.83546,-0.549402,0.656464,-0.408991,-0.633339,0.349039,-0.159702,-0.096301,174.154318,-16.950746,-178.578978,-0.951032,0.094571,-0.292469,0.097368,0.995234,0.00502,0.29155,-0.023708,-0.955708,0.436662,-0.182584,-0.127332,155.363405,-40.580714,-8.227274,-0.690264,-0.497152,0.525572,0.316561,-0.860735,-0.398448,0.650519,-0.108681,0.751659
0.276151,0.140531,-0.097864,179.929434,-35.824642,-97.490938,-0.810119,-0.580121,-0.077746,0.000998,0.131729,-0.991014,0.585306,-0.803473,-0.10565,0.337654,0.129034,-0.092059,-172.74711,-11.873207,-81.637354,-0.970347,-0.183611,0.154497,-0.123493,-0.169511,-0.977504,0.205747,-0.968014,0.142299,0.430411,0.151805,-0.107798,-145.196368,-48.558211,136.510645,-0.542994,0.009603,-0.839234,-0.377442,0.890344,0.254504,0.749629,0.455129,-0.479785,0.283294,-0.179124,-0.099315,-179.228068,-41.070398,-147.116349,-0.753206,-0.367869,-0.544432,-0.010148,0.835045,-0.550007,0.656986,-0.409002,-0.632617,0.348704,-0.159255,-0.095966,174.176586,-16.963208,-178.539183,-0.95104,0.09398,-0.292743,0.096996,0.995275,0.004236,0.291758,-0.024371,-0.955661,0.436327,-0.182696,-0.127109,155.254925,-40.549471,-8.102336,-0.689857,-0.497531,0.525542,0.317956,-0.860577,-0.397378,0.650104,-0.107089,0.752225
0.276151,0.140643,-0.097864,179.925462,-35.828133,-97.489328,-0.810425,-0.580177,-0.077697,0.001054,0.131423,-0.991188,0.585356,-0.803648,-0.10565,0.3381,0.129146,-0.092283,-172.772676,-11.894161,-81.58018,-0.970142,-0.183902,0.154256,-0.123027,-0.170249,-0.977323,0.206104,-0.967717,0.143242,0.430299,0.151805,-0.107798,-145.171508,-48.543821,136.462799,-0.542781,0.009857,-0.839173,-0.377643,0.890141,0.25487,0.749462,0.455495,-0.479368,0.283518,-0.179236,-0.099426,-179.150135,-41.093628,-147.090619,-0.752721,-0.369377,-0.543799,-0.011166,0.834344,-0.551024,0.657291,-0.409039,-0.632051,0.348369,-0.158809,-0.095743,174.188826,-16.962577,-178.526863,-0.951042,0.093702,-0.292754,0.096791,0.995296,0.003959,0.291747,-0.024576,-0.955638,0.434876,-0.182696,-0.127667,154.994391,-40.766867,-7.905163,-0.686039,-0.499943,0.528048,0.319987,-0.859405,-0.397995,0.652983,-0.104157,0.75012
0.276151,0.140643,-0.097864,179.937811,-35.838954,-97.496776,-0.810425,-0.580352,-0.077544,0.00088,0.131324,-0.991245,0.585509,-0.803591,-0.105749,0.338435,0.129146,-0.092394,-172.818745,-11.913779,-81.539226,-0.970251,-0.18425,0.153668,-0.122249,-0.170929,-0.977351,0.206439,-0.96758,0.143929,0.430299,0.151805,-0.107686,-145.179047,-48.531228,136.482121,-0.543197,0.009571,-0.839129,-0.377827,0.890088,0.254834,0.749317,0.455633,-0.479837,0.283741,-0.179236,-0.09965,-179.07714,-41.133603,-147.066647,-0.752238,-0.370949,-0.543385,-0.012117,0.83364,-0.552066,0.657817,-0.409048,-0.631486,0.348146,-0.158474,-0.095408,174.222082,-16.936705,-178.54763,-0.951522,0.09327,-0.292293,0.096282,0.995345,0.004103,0.291315,-0.02424,-0.956073,0.434206,-0.182807,-0.128448,154.876674,-41.044515,-7.838759,-0.68263,-0.501598,0.531084,0.320106,-0.85873,-0.39964,0.656645,-0.102857,0.747116
0.276151,0.140531,-0.097864,179.923458,-35.8473,-97.474156,-0.810076,-0.580456,-0.077662,0.001082,0.131324,-0.991141,0.585627,-0.803389,-0.105399,0.338658,0.129146,-0.092506,-172.843972,-11.915277,-81.518574,-0.970676,-0.184259,0.153389,-0.121868,-0.171609,-0.977504,0.206465,-0.967685,0.144301,0.430411,0.151693,-0.107575,-145.234073,-48.534095,136.526508,-0.543512,0.009797,-0.838906,-0.377272,0.890295,0.25493,0.74935,0.455222,-0.480149,0.283852,-0.179236,-0.099761,-179.025793,-41.185352,-147.037061,-0.751755,-0.372368,-0.543253,-0.012783,0.832986,-0.553053,0.658497,-0.409113,-0.630872,0.348035,-0.158474,-0.095408,174.191038,-16.948838,-178.542016,-0.95104,0.09374,-0.292501,0.096753,0.995298,0.004189,0.291518,-0.024323,-0.955638,0.433536,-0.182919,-0.128783,154.79229,-41.20208,-7.854069,-0.680756,-0.503354,0.532195,0.320451,-0.857958,-0.401556,0.658717,-0.102815,0.745336
0.276151,0.140531,-0.097864,179.912628,-35.859646,-97.47461,-0.810076,-0.580609,-0.077836,0.001235,0.131324,-0.991191,0.585802,-0.803339,-0.105399,0.33877,0.129146,-0.092506,-172.846355,-11.916684,-81.500148,-0.970731,-0.184235,0.153424,-0.121834,-0.171978,-0.977477,0.206489,-0.967658,0.144615,0.430523,0.151805,-0.107686,-145.193305,-48.555933,136.497552,-0.543096,0.009717,-0.83926,-0.377555,0.890242,0.254713,0.749602,0.455337,-0.479785,0.283964,-0.179236,-0.099761,-179.001399,-41.216763,-147.005023,-0.75171,-0.373309,-0.543115,-0.013103,0.832435,-0.553916,0.65891,-0.409433,-0.630592,0.348035,-0.158362,-0.095297,174.205574,-16.935927,-178.531063,-0.951524,0.093476,-0.292306,0.096559,0.995319,0.003898,0.291302,-0.024518,-0.956096,0.433313,-0.183142,-0.128783,154.710967,-41.196301,-7.84117,-0.680382,-0.504451,0.531668,0.321456,-0.857355,-0.402088,0.658641,-0.102657,0.745428
0.276151,0.140531,-0.097864,179.923458,-35.8473,-97.474156,-0.810076,-0.580456,-0.077662,0.001082,0.131324,-0.991141,0.585627,-0.803389,-0.105399,0.33877,0.129146,-0.092618,-172.876342,-11.923961,-81.476539,-0.970417,-0.184418,0.15293,-0.121279,-0.17192,-0.977345,0.206613,-0.96742,0.144987,0.430523,0.151693,-0.107686,-145.237785,-48.569123,136.509581,-0.543096,0.010342,-0.839108,-0.37693,0.8904,0.255054,0.749755,0.454997,-0.479627,0.283964,-0.179236,-0.099873,-179.012824,-41.243872,-146.994408,-0.751272,-0.373414,-0.543471,-0.012945,0.832435,-0.553903,0.659265,-0.409314,-0.630154,0.347923,-0.158251,-0.095297,174.222008,-16.951149,-178.546928,-0.951522,0.093269,-0.292534,0.096283,0.995345,0.004115,0.291556,-0.024252,-0.956073,0.432755,-0.183031,-0.129118,154.653008,-41.274217,-7.820006,-0.679123,-0.505197,0.532375,0.321702,-0.856831,-0.402727,0.659664,-0.102257,0.744557
