Sensor #1 X,Sensor #1 Y,Sensor #1 Z,"Sensor #1 Euler Angles (Z Y'X"") Z","Sensor #1 Euler Angles (Z Y'X"") Y'","Sensor #1 Euler Angles (Z Y'X"") X""","Sensor #1 Rotation Matrix M0,0","Sensor #1 Rotation Matrix M0,1","Sensor #1 Rotation Matrix M0,2","Sensor #1 Rotation Matrix M1,0","Sensor #1 Rotation Matrix M1,1","Sensor #1 Rotation Matrix M1,2","Sensor #1 Rotation Matrix M2,0","Sensor #1 Rotation Matrix M2,1","Sensor #1 Rotation Matrix M2,2",Sensor #2 X,Sensor #2 Y,Sensor #2 Z,"Sensor #2 Euler Angles (Z Y'X"") Z","Sensor #2 Euler Angles (Z Y'X"") Y'","Sensor #2 Euler Angles (Z Y'X"") X""","Sensor #2 Rotation Matrix M0,0","Sensor #2 Rotation Matrix M0,1","Sensor #2 Rotation Matrix M0,2","Sensor #2 Rotation Matrix M1,0","Sensor #2 Rotation Matrix M1,1","Sensor #2 Rotation Matrix M1,2","Sensor #2 Rotation Matrix M2,0","Sensor #2 Rotation Matrix M2,1","Sensor #2 Rotation Matrix M2,2",Sensor #3 X,Sensor #3 Y,Sensor #3 Z,"Sensor #3 Euler Angles (Z Y'X"") Z","Sensor #3 Euler Angles (Z Y'X"") Y'","Sensor #3 Euler Angles (Z Y'X"") X""","Sensor #3 Rotation Matrix M0,0","Sensor #3 Rotation Matrix M0,1","Sensor #3 Rotation Matrix M0,2","Sensor #3 Rotation Matrix M1,0","Sensor #3 Rotation Matrix M1,1","Sensor #3 Rotation Matrix M1,2","Sensor #3 Rotation Matrix M2,0","Sensor #3 Rotation Matrix M2,1","Sensor #3 Rotation Matrix M2,2",Sensor #4 X,Sensor #4 Y,Sensor #4 Z,"Sensor #4 Euler Angles (Z Y'X"") Z","Sensor #4 Euler Angles (Z Y'X"") Y'","Sensor #4 Euler Angles (Z Y'X"") X""","Sensor #4 Rotation Matrix M0,0","Sensor #4 Rotation Matrix M0,1","Sensor #4 Rotation Matrix M0,2","Sensor #4 Rotation Matrix M1,0","Sensor #4 Rotation Matrix M1,1","Sensor #4 Rotation Matrix M1,2","Sensor #4 Rotation Matrix M2,0","Sensor #4 Rotation Matrix M2,1","Sensor #4 Rotation Matrix M2,2",Sensor #5 X,Sensor #5 Y,Sensor #5 Z,"Sensor #5 Euler Angles (Z Y'X"") Z","Sensor #5 Euler Angles (Z Y'X"") Y'","Sensor #5 Euler Angles (Z Y'X"") X""","Sensor #5 Rotation Matrix M0,0","Sensor #5 Rotation Matrix M0,1","Sensor #5 Rotation Matrix M0,2","Sensor #5 Rotation Matrix M1,0","Sensor #5 Rotation Matrix M1,1","Sensor #5 Rotation Matrix M1,2","Sensor #5 Rotation Matrix M2,0","Sensor #5 Rotation Matrix M2,1","Sensor #5 Rotation Matrix M2,2",Sensor #6 X,Sensor #6 Y,Sensor #6 Z,"Sensor #6 Euler Angles (Z Y'X"") Z","Sensor #6 Euler Angles (Z Y'X"") Y'","Sensor #6 Euler Angles (Z Y'X"") X""","Sensor #6 Rotation Matrix M0,0","Sensor #6 Rotation Matrix M0,1","Sensor #6 Rotation Matrix M0,2","Sensor #6 Rotation Matrix M1,0","Sensor #6 Rotation Matrix M1,1","Sensor #6 Rotation Matrix M1,2","Sensor #6 Rotation Matrix M2,0","Sensor #6 Rotation Matrix M2,1","Sensor #6 Rotation Matrix M2,2"
0.0,0.0,0.0,0.0,0.0,0.0,0.0,0.0,0.0,0.0,0.0,0.0,0.0,0.0,0.0,0.0,0.0,0.0,0.0,0.0,0.0,0.0,0.0,0.0,0.0,0.0,0.0,0.0,0.0,0.0,0.0,0.0,0.0,0.0,0.0,0.0,0.0,0.0,0.0,0.0,0.0,0.0,0.0,0.0,0.0,0.0,0.0,0.0,0.0,0.0,0.0,0.0,0.0,0.0,0.0,0.0,0.0,0.0,0.0,0.0,0.0,0.0,0.0,0.0,0.0,0.0,0.0,0.0,0.0,0.0,0.0,0.0,0.0,0.0,0.0,0.0,0.0,0.0,0.0,0.0,0.0,0.0,0.0,0.0,0.0,0.0,0.0,0.0,0.0,0.0
0.0,0.0,0.0,0.0,0.0,0.0,0.0,0.0,0.0,0.0,0.0,0.0,0.0,0.0,0.0,0.0,0.0,0.0,0.0,0.0,0.0,0.0,0.0,0.0,0.0,0.0,0.0,0.0,0.0,0.0,0.0,0.0,0.0,0.0,0.0,0.0,0.0,0.0,0.0,0.0,0.0,0.0,0.0,0.0,0.0,0.0,0.0,0.0,0.0,0.0,0.0,0.0,0.0,0.0,0.0,0.0,0.0,0.0,0.0,0.0,0.0,0.0,0.0,0.0,0.0,0.0,0.0,0.0,0.0,0.0,0.0,0.0,0.0,0.0,0.0,0.0,0.0,0.0,0.0,0.0,0.0,0.0,0.0,0.0,0.0,0.0,0.0,0.0,0.0,0.0
0.282959,0.163525,-0.108356,-175.247052,-38.440382,-154.031067,-0.780037,-0.345683,-0.520788,-0.064856,0.873478,-0.482463,0.6217,-0.342754,-0.703718,0.327943,0.132829,-0.094738,171.125724,-21.586837,-58.997969,-0.918472,-0.391024,0.054991,0.143406,-0.459969,-0.876067,0.367911,-0.796969,0.478906,0.416458,0.144773,-0.113379,-171.429223,-38.722185,174.543802,-0.770995,-0.089484,-0.629922,-0.1162,0.993224,0.001199,0.625545,0.074138,-0.776169,0.307181,-0.177003,-0.098757,161.683473,-46.394728,139.005523,-0.653857,0.68783,-0.313168,0.216452,0.56778,0.794001,0.724108,0.451862,-0.519909,0.353169,-0.152112,-0.088041,-177.179898,-16.805686,178.1258,-0.955647,-0.039708,-0.29023,-0.047075,0.998721,0.018436,0.289127,0.031292,-0.956293,0.44414,-0.171645,-0.106459,173.462937,-37.464199,-45.712832,-0.788084,-0.512118,0.340407,0.090307,-0.64364,-0.759509,0.608266,-0.568106,0.554143
0.282959,0.163637,-0.108245,-175.217292,-38.502468,-153.983232,-0.779583,-0.346993,-0.520977,-0.065226,0.872819,-0.483635,0.622548,-0.343152,-0.703043,0.328054,0.132494,-0.094404,170.993928,-21.505694,-58.858484,-0.918433,-0.390826,0.053249,0.145565,-0.461133,-0.874918,0.366594,-0.796194,0.481082,0.41657,0.144773,-0.113156,-171.418748,-38.742275,174.598487,-0.770957,-0.090265,-0.630107,-0.116338,0.993209,0.000104,0.625818,0.073395,-0.776222,0.307404,-0.177003,-0.098757,161.756724,-46.410952,138.964973,-0.654041,0.687484,-0.313781,0.215585,0.567996,0.794107,0.724304,0.452161,-0.51951,0.353058,-0.151888,-0.087706,-177.138988,-16.706152,178.122487,-0.956129,-0.040459,-0.288585,-0.047783,0.998689,0.01837,0.287463,0.031365,-0.956809,0.44414,-0.171199,-0.10657,173.586636,-37.389509,-45.844003,-0.789211,-0.510762,0.340177,0.088711,-0.643239,-0.760178,0.60723,-0.569967,0.553418
0.265881,0.172343,-0.091278,171.707742,-20.274026,-130.345225,-0.927898,-0.167954,-0.331889,0.135238,0.678866,-0.721626,0.34651,-0.71472,-0.607097,0.320799,0.149684,-0.087371,-179.011376,-11.144321,-46.436058,-0.980738,-0.128158,0.145669,-0.016924,-0.691192,-0.722172,0.193281,-0.710911,0.676139,0.409873,0.170222,-0.11003,-172.676519,-37.310335,-167.390683,-0.788622,-0.255588,-0.558877,-0.101353,0.951071,-0.291857,0.606132,-0.173574,-0.775933,0.263426,-0.194193,-0.092059,173.851085,-20.639992,129.696531,-0.93012,0.33804,-0.141502,0.100204,0.606154,0.788934,0.352495,0.719852,-0.597559,0.314213,-0.178677,-0.086255,-166.134224,-17.355059,175.192166,-0.926086,-0.214398,-0.308655,-0.228596,0.973461,0.010112,0.298292,0.079948,-0.950518,0.40351,-0.189281,-0.117621,-179.875848,-32.887064,-56.605044,-0.839692,-0.452149,0.300661,-0.001819,-0.551336,-0.83424,0.542985,-0.701086,0.462193
0.265881,0.172343,-0.091278,171.713656,-20.26066,-130.345137,-0.927898,-0.167856,-0.33167,0.13514,0.678866,-0.721624,0.346292,-0.714722,-0.607097,0.320687,0.149796,-0.087371,-178.970974,-11.158778,-46.471437,-0.980674,-0.12794,0.14627,-0.017615,-0.690836,-0.722493,0.193529,-0.711293,0.675666,0.409761,0.170111,-0.11003,-172.679955,-37.306545,-167.369509,-0.788224,-0.255641,-0.558778,-0.101254,0.95101,-0.292056,0.606079,-0.173773,-0.775475,0.263314,-0.194193,-0.092059,173.847645,-20.638142,129.704985,-0.929912,0.338006,-0.141532,0.100238,0.606362,0.788718,0.352465,0.719636,-0.597559,0.314213,-0.178677,-0.086367,-166.131199,-17.396543,175.172881,-0.926097,-0.214344,-0.309401,-0.228651,0.97345,0.010269,0.298983,0.08027,-0.950518,0.40351,-0.189281,-0.117956,-179.842888,-32.98455,-56.597962,-0.838836,-0.452977,0.301998,-0.0023,-0.551779,-0.834006,0.544413,-0.700274,0.461781
0.265881,0.172343,-0.091278,171.707742,-20.274026,-130.345225,-0.927898,-0.167954,-0.331889,0.135238,0.678866,-0.721626,0.34651,-0.71472,-0.607097,0.320799,0.149907,-0.087483,-178.958674,-11.185294,-46.491777,-0.980865,-0.128154,0.146709,-0.017829,-0.690926,-0.722731,0.193983,-0.711502,0.675384,0.409873,0.170111,-0.11003,-172.673974,-37.304871,-167.38561,-0.788164,-0.255565,-0.558801,-0.10133,0.951071,-0.291827,0.606056,-0.173544,-0.775475,0.263203,-0.194193,-0.092059,173.828149,-20.631279,129.707984,-0.929912,0.338118,-0.141212,0.100559,0.606302,0.788722,0.352353,0.719633,-0.59762,0.314102,-0.178789,-0.086702,-166.164132,-17.465547,175.154192,-0.925629,-0.213532,-0.310571,-0.227971,0.973603,0.010479,0.300132,0.080528,-0.949874,0.403845,-0.189728,-0.117844,-179.908088,-32.980596,-56.473587,-0.838331,-0.452977,0.301888,-0.001345,-0.552481,-0.83308,0.544355,-0.699169,0.463233
0.265993,0.172343,-0.091278,171.706673,-20.274162,-130.336571,-0.928094,-0.168,-0.331887,0.135284,0.67867,-0.721845,0.346513,-0.714939,-0.607097,0.320799,0.149907,-0.087483,-178.931112,-11.236094,-46.541896,-0.980547,-0.128591,0.147535,-0.018295,-0.690216,-0.723239,0.194852,-0.711951,0.674627,0.409873,0.170111,-0.109919,-172.657609,-37.307054,-167.391679,-0.788164,-0.255794,-0.558771,-0.101559,0.951024,-0.291903,0.606086,-0.173468,-0.775521,0.263091,-0.193858,-0.092059,173.876417,-20.625167,129.67187,-0.929688,0.337577,-0.141676,0.099742,0.606275,0.788762,0.352253,0.719817,-0.597006,0.314213,-0.178789,-0.087037,-166.172331,-17.534529,175.119286,-0.925652,-0.213188,-0.311818,-0.227836,0.973636,0.010859,0.30128,0.081106,-0.949819,0.404515,-0.189393,-0.117509,-179.826646,-32.868378,-56.562959,-0.839439,-0.451285,0.30147,-0.00254,-0.55187,-0.833521,0.542711,-0.70079,0.462736
0.265993,0.172343,-0.091278,171.712588,-20.260796,-130.336483,-0.928094,-0.167902,-0.331668,0.135186,0.67867,-0.721843,0.346294,-0.714941,-0.607097,0.320687,0.150019,-0.087483,-178.909304,-11.243061,-46.574803,-0.980483,-0.128502,0.147816,-0.018667,-0.689815,-0.723574,0.194972,-0.712317,0.674198,0.409761,0.169999,-0.11003,-172.708876,-37.316992,-167.375105,-0.788164,-0.255137,-0.55909,-0.100842,0.951164,-0.291698,0.606224,-0.173672,-0.775382,0.262868,-0.193858,-0.092059,173.856427,-20.651136,129.681412,-0.929688,0.338113,-0.141684,0.10007,0.606154,0.78886,0.352677,0.719718,-0.597127,0.314213,-0.178901,-0.087148,-166.181511,-17.560362,175.089322,-0.925675,-0.21286,-0.312346,-0.227684,0.973667,0.011321,0.30171,0.081602,-0.949764,0.404738,-0.189616,-0.117621,-179.829796,-32.921555,-56.571399,-0.839027,-0.451997,0.301805,-0.002492,-0.551824,-0.83363,0.54349,-0.70046,0.46237
0.265993,0.172343,-0.091278,171.712588,-20.260796,-130.336483,-0.928094,-0.167902,-0.331668,0.135186,0.67867,-0.721843,0.346294,-0.714941,-0.607097,0.320687,0.150019,-0.087595,-178.881888,-11.263058,-46.609375,-0.98042,-0.128509,0.148321,-0.019135,-0.68946,-0.723916,0.195314,-0.712676,0.673723,0.409873,0.169999,-0.11003,-172.741549,-37.351126,-167.340091,-0.788285,-0.255121,-0.559532,-0.100401,0.951089,-0.292127,0.606698,-0.174159,-0.775336,0.262756,-0.193858,-0.092171,173.855941,-20.683969,129.687964,-0.929688,0.338538,-0.142012,0.100078,0.606094,0.788955,0.353213,0.719624,-0.597188,0.314213,-0.178901,-0.087371,-166.185064,-17.598298,175.055593,-0.925219,-0.212499,-0.313075,-0.227511,0.973699,0.01175,0.302342,0.082119,-0.949231,0.405073,-0.18984,-0.118179,-179.773716,-32.970023,-56.659319,-0.838265,-0.452555,0.302255,-0.003311,-0.550664,-0.834141,0.5442,-0.70071,0.460993
0.265993,0.172343,-0.091278,171.712588,-20.260796,-130.336483,-0.928094,-0.167902,-0.331668,0.135186,0.67867,-0.721843,0.346294,-0.714941,-0.607097,0.320576,0.150019,-0.087595,-178.865432,-11.287732,-46.656306,-0.980103,-0.128755,0.148699,-0.01941,-0.688659,-0.724409,0.195736,-0.713139,0.673055,0.409761,0.169887,-0.110142,-172.764152,-37.370936,-167.358306,-0.787706,-0.254549,-0.560021,-0.100011,0.951302,-0.291533,0.606973,-0.173777,-0.774786,0.262756,-0.193858,-0.092171,173.826654,-20.662023,129.69824,-0.92948,0.338511,-0.141506,0.100536,0.606241,0.788713,0.352855,0.719434,-0.597248,0.314213,-0.179012,-0.087595,-166.18024,-17.623796,175.023621,-0.925243,-0.212411,-0.313609,-0.2276,0.973675,0.012174,0.302766,0.082653,-0.949231,0.405073,-0.189616,-0.118179,-179.715203,-33.011169,-56.687025,-0.838265,-0.452587,0.303302,-0.004167,-0.551154,-0.834148,0.544803,-0.700703,0.460503
0.265993,0.172231,-0.091278,171.695364,-20.252001,-130.317934,-0.927656,-0.167681,-0.331719,0.135407,0.678675,-0.721699,0.34615,-0.71489,-0.606655,0.320576,0.150019,-0.087483,-178.862493,-11.256474,-46.671014,-0.980295,-0.128363,0.148342,-0.019465,-0.688567,-0.724594,0.195201,-0.713399,0.672955,0.409761,0.169999,-0.110142,-172.709025,-37.375819,-167.39266,-0.787646,-0.255159,-0.559953,-0.100774,0.951224,-0.291532,0.607041,-0.17332,-0.774924,0.262644,-0.193858,-0.092171,173.81694,-20.670248,129.693975,-0.929688,0.338762,-0.141372,0.100718,0.605972,0.788963,0.352989,0.719616,-0.597309,0.314213,-0.179124,-0.087706,-166.221851,-17.639257,175.028024,-0.925243,-0.211687,-0.31383,-0.226887,0.973839,0.012262,0.303023,0.082565,-0.949067,0.405296,-0.189728,-0.117956,-179.740752,-32.927748,-56.699639,-0.839121,-0.45187,0.302173,-0.003797,-0.550832,-0.834415,0.543581,-0.701482,0.460794
0.265881,0.172343,-0.091278,171.702681,-20.27134,-130.320054,-0.927656,-0.167998,-0.33184,0.135286,0.67867,-0.721747,0.346466,-0.714841,-0.60666,0.320576,0.150019,-0.087483,-178.858001,-11.269086,-46.655567,-0.980103,-0.128436,0.148572,-0.019538,-0.688613,-0.724378,0.195417,-0.713169,0.673101,0.409761,0.169999,-0.110254,-172.700811,-37.396176,-167.384264,-0.787706,-0.255494,-0.560128,-0.100896,0.951117,-0.29186,0.607323,-0.17345,-0.774971,0.262533,-0.193858,-0.092171,173.819827,-20.681624,129.703617,-0.92948,0.338832,-0.141618,0.100648,0.606181,0.788777,0.353175,0.71937,-0.597309,0.314102,-0.179459,-0.087818,-166.289388,-17.653796,175.02213,-0.925255,-0.210445,-0.314067,-0.225734,0.9741,0.012666,0.303265,0.08264,-0.948794,0.405296,-0.189393,-0.117732,-179.6698,-32.880194,-56.746106,-0.839566,-0.450851,0.302457,-0.004839,-0.550709,-0.83449,0.542884,-0.702232,0.460472
0.265881,0.172231,-0.091278,171.695696,-20.284841,-130.311491,-0.927852,-0.168142,-0.332057,0.13543,0.678475,-0.721968,0.346688,-0.715058,-0.60666,0.320464,0.150019,-0.087595,-178.841173,-11.3082,-46.66056,-0.980103,-0.128724,0.149242,-0.019826,-0.688751,-0.7244,0.196086,-0.713147,0.672963,0.409873,0.169999,-0.110142,-172.709025,-37.375819,-167.39266,-0.787646,-0.255159,-0.559953,-0.100774,0.951224,-0.291532,0.607041,-0.17332,-0.774924,0.262533,-0.193858,-0.092171,173.796955,-20.696224,129.703552,-0.929688,0.339298,-0.14138,0.101046,0.605851,0.789061,0.353413,0.719517,-0.59743,0.314102,-0.179459,-0.08793,-166.271925,-17.709407,174.999247,-0.925267,-0.210622,-0.315058,-0.226036,0.974034,0.012759,0.304189,0.083026,-0.948849,0.405296,-0.189951,-0.117509,-179.828281,-32.811156,-56.719202,-0.84001,-0.451415,0.29976,-0.002518,-0.549612,-0.835038,0.541872,-0.702509,0.461125
0.265881,0.172343,-0.091278,171.701613,-20.271476,-130.311403,-0.927852,-0.168044,-0.331838,0.135332,0.678475,-0.721966,0.346469,-0.71506,-0.60666,0.320464,0.15013,-0.087595,-178.803875,-11.32306,-46.665756,-0.980103,-0.12847,0.14988,-0.020464,-0.688844,-0.724369,0.196341,-0.713179,0.672871,0.409873,0.169999,-0.110254,-172.700811,-37.396176,-167.384264,-0.787706,-0.255494,-0.560128,-0.100896,0.951117,-0.29186,0.607323,-0.17345,-0.774971,0.262421,-0.193858,-0.092283,173.801799,-20.740208,129.695022,-0.929256,0.339796,-0.14189,0.10092,0.60579,0.789083,0.354131,0.719288,-0.597059,0.314213,-0.17957,-0.088041,-166.282109,-17.692099,174.974198,-0.92529,-0.210312,-0.314867,-0.225868,0.974064,0.013303,0.303902,0.083439,-0.948794,0.405743,-0.189728,-0.117174,-179.760578,-32.673106,-56.701635,-0.841437,-0.448961,0.299798,-0.003516,-0.550532,-0.834535,0.539845,-0.703488,0.462076
0.265881,0.172343,-0.091278,171.700547,-20.271612,-130.302756,-0.928048,-0.16809,-0.331836,0.135378,0.678279,-0.722185,0.346471,-0.715279,-0.60666,0.320353,0.15013,-0.087595,-178.780212,-11.29829,-46.696302,-0.980041,-0.127966,0.149811,-0.020868,-0.688351,-0.724665,0.195917,-0.713582,0.672533,0.409873,0.170111,-0.11003,-172.652132,-37.353171,-167.4288,-0.788043,-0.255733,-0.559504,-0.10162,0.951145,-0.291515,0.606726,-0.17294,-0.775521,0.26231,-0.193858,-0.092171,173.762194,-20.735989,129.71917,-0.92884,0.340055,-0.141527,0.101524,0.606085,0.788689,0.354062,0.718818,-0.597181,0.314102,-0.179682,-0.088153,-166.291948,-17.6892,174.947519,-0.925315,-0.209995,-0.314915,-0.225705,0.974094,0.013821,0.303853,0.08388,-0.94874,0.405631,-0.18984,-0.117286,-179.742719,-32.726734,-56.783225,-0.84109,-0.449853,0.299883,-0.003777,-0.549659,-0.835245,0.540633,-0.703761,0.460823
0.265881,0.172343,-0.09139,171.695486,-20.268927,-130.277587,-0.927806,-0.168134,-0.331787,0.135427,0.678083,-0.722306,0.346427,-0.7154,-0.606222,0.320353,0.15013,-0.087595,-178.752747,-11.318232,-46.730966,-0.979979,-0.127975,0.150316,-0.021336,-0.687997,-0.725007,0.196258,-0.713941,0.672056,0.409984,0.169887,-0.11003,-172.70939,-37.364799,-167.396102,-0.788103,-0.255152,-0.5598,-0.100827,0.951224,-0.291539,0.606888,-0.173374,-0.775382,0.262198,-0.193746,-0.092394,173.783181,-20.808318,129.704587,-0.928616,0.340795,-0.142438,0.101156,0.605816,0.788987,0.355243,0.718743,-0.596809,0.314102,-0.179794,-0.088264,-166.344791,-17.732247,174.936398,-0.925327,-0.208981,-0.315637,-0.224804,0.974298,0.014133,0.304569,0.084046,-0.948524,0.406301,-0.189616,-0.117286,-179.611572,-32.666775,-56.758843,-0.841247,-0.447785,0.30142,-0.005703,-0.550605,-0.834273,0.539752,-0.703941,0.461368
0.265881,0.172231,-0.09139,171.695486,-20.268927,-130.277587,-0.927806,-0.168134,-0.331787,0.135427,0.678083,-0.722306,0.346427,-0.7154,-0.606222,0.320241,0.15013,-0.087706,-178.720756,-11.350781,-46.75023,-0.979725,-0.128056,0.151051,-0.021878,-0.68769,-0.725132,0.196815,-0.71407,0.671725,0.409873,0.169999,-0.110142,-172.684436,-37.398361,-167.390349,-0.787706,-0.255723,-0.560098,-0.101125,0.951071,-0.291936,0.607353,-0.173374,-0.775017,0.262086,-0.193858,-0.092283,173.751395,-20.786574,129.739655,-0.928632,0.340765,-0.141997,0.101679,0.606171,0.788632,0.354888,0.718442,-0.597302,0.314102,-0.179794,-0.088711,-166.297528,-17.822816,174.873546,-0.924406,-0.209246,-0.317329,-0.225388,0.974153,0.014573,0.306074,0.085019,-0.947674,0.406524,-0.189728,-0.117397,-179.586608,-32.649731,-56.832645,-0.841725,-0.447679,0.301136,-0.006073,-0.550071,-0.834894,0.539502,-0.704747,0.4606
0.265993,0.172343,-0.09139,171.695486,-20.268927,-130.277587,-0.927806,-0.168134,-0.331787,0.135427,0.678083,-0.722306,0.346427,-0.7154,-0.606222,0.320129,0.150354,-0.087706,-178.676717,-11.379063,-46.774313,-0.979918,-0.127922,0.151906,-0.022636,-0.68783,-0.725329,0.197299,-0.714319,0.671393,0.409984,0.170111,-0.11003,-172.657732,-37.365869,-167.409268,-0.787646,-0.255816,-0.559633,-0.10149,0.951085,-0.291737,0.606903,-0.173116,-0.775064,0.262086,-0.193746,-0.092283,173.754872,-20.788445,129.731187,-0.92884,0.340799,-0.141967,0.101645,0.605963,0.788848,0.354918,0.718658,-0.597302,0.31399,-0.180129,-0.088822,-166.378404,-17.866668,174.866573,-0.924419,-0.207752,-0.318036,-0.224009,0.974464,0.014964,0.306803,0.085106,-0.947351,0.406747,-0.18984,-0.117174,-179.572201,-32.671759,-56.909279,-0.841791,-0.448175,0.300982,-0.006285,-0.549368,-0.835588,0.539825,-0.705256,0.459588
0.265993,0.172343,-0.09139,171.700344,-20.255701,-130.268859,-0.928002,-0.168083,-0.331566,0.135375,0.677887,-0.722522,0.34621,-0.715621,-0.606222,0.320241,0.150242,-0.087818,-178.672394,-11.378933,-46.821831,-0.980049,-0.127985,0.151861,-0.022713,-0.687384,-0.725902,0.197297,-0.714892,0.670816,0.409984,0.169999,-0.11003,-172.690482,-37.361505,-167.397108,-0.787646,-0.255358,-0.559694,-0.101033,0.951178,-0.291585,0.606842,-0.173268,-0.774971,0.261975,-0.193746,-0.092283,173.764566,-20.780204,129.735435,-0.928632,0.340549,-0.142101,0.101463,0.606232,0.788598,0.354784,0.718476,-0.597241,0.31399,-0.18024,-0.088822,-166.423559,-17.868521,174.860549,-0.92491,-0.207022,-0.318083,-0.223357,0.974613,0.015326,0.306834,0.085235,-0.947668,0.406524,-0.18917,-0.117397,-179.432255,-32.755777,-56.878716,-0.840677,-0.447747,0.30387,-0.008331,-0.550587,-0.834511,0.541059,-0.704272,0.459482
0.265993,0.172343,-0.091278,171.701407,-20.255565,-130.277499,-0.927806,-0.168036,-0.331569,0.135329,0.678083,-0.722303,0.346208,-0.715402,-0.606222,0.320241,0.150354,-0.087706,-178.670276,-11.377981,-46.835107,-0.979795,-0.128001,0.151831,-0.022743,-0.686938,-0.726029,0.197281,-0.715018,0.670623,0.409984,0.169887,-0.11003,-172.735216,-37.360478,-167.352728,-0.787767,-0.255052,-0.559708,-0.100423,0.951149,-0.291891,0.606828,-0.173877,-0.774878,0.262086,-0.193635,-0.092283,173.805092,-20.763194,129.739092,-0.929064,0.339931,-0.142447,0.100845,0.606414,0.788599,0.354506,0.718683,-0.597491,0.31399,-0.180129,-0.089046,-166.375205,-17.90829,174.847373,-0.924431,-0.207695,-0.318781,-0.224067,0.974452,0.015123,0.307494,0.085426,-0.947351,0.406524,-0.189728,-0.118067,-179.490213,-32.822943,-57.004569,-0.839987,-0.449804,0.302563,-0.007474,-0.548237,-0.836011,0.542045,-0.704732,0.457578
0.265993,0.172231,-0.091278,171.688179,-20.249585,-130.275469,-0.927806,-0.167818,-0.331667,0.135548,0.678087,-0.722257,0.34611,-0.715448,-0.606218,0.320353,0.150354,-0.087818,-178.663546,-11.391426,-46.853944,-0.979988,-0.12812,0.152047,-0.022863,-0.686985,-0.726259,0.197511,-0.715234,0.670384,0.409873,0.169999,-0.109919,-172.678308,-37.337848,-167.38888,-0.788164,-0.255625,-0.559259,-0.101269,0.951071,-0.291873,0.606514,-0.173497,-0.775475,0.261975,-0.193635,-0.092283,173.795883,-20.73858,129.728243,-0.929272,0.339758,-0.141985,0.101019,0.606206,0.788755,0.354105,0.71896,-0.597491,0.314102,-0.180129,-0.089157,-166.353123,-17.932774,174.825513,-0.923965,-0.207856,-0.319254,-0.224331,0.974386,0.015263,0.307901,0.085752,-0.946926,0.406524,-0.189505,-0.117732,-179.471499,-32.803936,-56.942232,-0.840332,-0.449038,0.303209,-0.007752,-0.549473,-0.835338,0.541766,-0.704425,0.45847
0.265993,0.172231,-0.091278,171.682258,-20.262946,-130.275556,-0.927806,-0.167916,-0.331885,0.135646,0.678087,-0.722259,0.346329,-0.715446,-0.606218,0.320353,0.150465,-0.087818,-178.66772,-11.409549,-46.885133,-0.979927,-0.128479,0.152136,-0.02279,-0.686585,-0.726639,0.197821,-0.715554,0.669952,0.409984,0.170111,-0.109919,-172.676141,-37.321358,-167.387245,-0.788164,-0.255595,-0.55903,-0.1013,0.951071,-0.29185,0.606285,-0.17352,-0.775475,0.261975,-0.193635,-0.092283,173.779251,-20.743086,129.740917,-0.929064,0.339939,-0.141911,0.101269,0.606353,0.788573,0.354178,0.71871,-0.597552,0.314102,-0.180129,-0.089269,-166.338001,-17.975647,174.818614,-0.923965,-0.208076,-0.319979,-0.224589,0.974332,0.015143,0.308613,0.085872,-0.946979,0.406859,-0.190174,-0.117397,-179.623088,-32.684155,-56.926959,-0.841412,-0.448946,0.300144,-0.005535,-0.548423,-0.835989,0.540008,-0.705234,0.459264
0.265881,0.172231,-0.09139,171.6774,-20.276175,-130.284286,-0.92761,-0.167967,-0.332106,0.135697,0.678283,-0.722043,0.346546,-0.715225,-0.606218,0.320353,0.150465,-0.087818,-178.661066,-11.421213,-46.882997,-0.979481,-0.128569,0.152336,-0.022893,-0.686186,-0.72655,0.19802,-0.71545,0.669905,0.409873,0.170111,-0.109919,-172.627048,-37.327907,-167.405459,-0.788164,-0.256282,-0.558939,-0.101986,0.950931,-0.292078,0.606376,-0.173293,-0.775615,0.261975,-0.193523,-0.092283,173.805092,-20.763194,129.739092,-0.929064,0.339931,-0.142447,0.100845,0.606414,0.788599,0.354506,0.718683,-0.597491,0.314102,-0.180017,-0.089269,-166.338001,-17.975647,174.818614,-0.923965,-0.208076,-0.319979,-0.224589,0.974332,0.015143,0.308613,0.085872,-0.946979,0.406859,-0.18984,-0.117621,-179.555835,-32.699331,-56.946844,-0.841,-0.44863,0.301036,-0.00652,-0.548375,-0.835791,0.54023,-0.705209,0.458899
0.265993,0.172343,-0.09139,171.68332,-20.262812,-130.284199,-0.92761,-0.167869,-0.331888,0.135599,0.678283,-0.722041,0.346327,-0.715227,-0.606218,0.320353,0.150354,-0.087818,-178.678628,-11.41423,-46.897481,-0.979674,-0.128719,0.152009,-0.022598,-0.686139,-0.726789,0.197901,-0.715657,0.669759,0.409873,0.170222,-0.109919,-172.627048,-37.327907,-167.405459,-0.788164,-0.256282,-0.558939,-0.101986,0.950931,-0.292078,0.606376,-0.173293,-0.775615,0.261863,-0.193635,-0.092283,173.78121,-20.7757,129.72275,-0.92884,0.340367,-0.142175,0.101213,0.606085,0.78878,0.35471,0.718727,-0.597181,0.314102,-0.180017,-0.089269,-166.324723,-17.946433,174.819795,-0.923965,-0.208328,-0.319506,-0.224816,0.974278,0.015158,0.308128,0.085857,-0.947033,0.406859,-0.189951,-0.117397,-179.602577,-32.635308,-56.906027,-0.841601,-0.448076,0.300159,-0.005838,-0.548592,-0.835648,0.53929,-0.705386,0.459729
0.265993,0.172343,-0.09139,171.68332,-20.262812,-130.284199,-0.92761,-0.167869,-0.331888,0.135599,0.678283,-0.722041,0.346327,-0.715227,-0.606218,0.320353,0.150354,-0.087818,-178.724474,-11.417684,-46.875837,-0.979481,-0.129268,0.151504,-0.021809,-0.686093,-0.726629,0.19796,-0.715371,0.669998,0.409761,0.170222,-0.11003,-172.614614,-37.3741,-167.411402,-0.787706,-0.256578,-0.559519,-0.102101,0.950884,-0.292193,0.607017,-0.173117,-0.775204,0.261863,-0.193523,-0.092394,173.783668,-20.775466,129.69798,-0.928616,0.340371,-0.14211,0.101148,0.605877,0.788892,0.354707,0.718839,-0.596748,0.314213,-0.179794,-0.089269,-166.253257,-17.959867,174.834418,-0.923461,-0.20957,-0.319684,-0.225914,0.974032,0.014451,0.308351,0.085594,-0.946825,0.406859,-0.190174,-0.117397,-179.645105,-32.648062,-56.84457,-0.841345,-0.448338,0.300093,-0.005211,-0.549004,-0.835262,0.539477,-0.704757,0.460398
0.265993,0.172343,-0.09139,171.68732,-20.265633,-130.300724,-0.928048,-0.167872,-0.331934,0.135597,0.678283,-0.722138,0.346373,-0.715325,-0.606655,0.320576,0.150242,-0.087818,-178.808653,-11.40769,-46.8528,-0.979735,-0.130077,0.150384,-0.020374,-0.686399,-0.726597,0.197789,-0.715149,0.670331,0.409761,0.170222,-0.11003,-172.614614,-37.3741,-167.411402,-0.787706,-0.256578,-0.559519,-0.102101,0.950884,-0.292193,0.607017,-0.173117,-0.775204,0.261863,-0.193523,-0.092506,173.812586,-20.785822,129.653271,-0.928808,0.340331,-0.142304,0.100694,0.605313,0.789432,0.354876,0.719386,-0.596256,0.314325,-0.17957,-0.089157,-166.188162,-17.932446,174.856157,-0.923436,-0.210857,-0.319182,-0.22702,0.973785,0.013831,0.307895,0.085257,-0.947097,0.407194,-0.190398,-0.117174,-179.720447,-32.5956,-56.653732,-0.842421,-0.447337,0.300185,-0.00411,-0.551818,-0.833901,0.538706,-0.703773,0.463107
0.265881,0.172343,-0.09139,171.68332,-20.262812,-130.284199,-0.92761,-0.167869,-0.331888,0.135599,0.678283,-0.722041,0.346327,-0.715227,-0.606218,0.320687,0.150019,-0.087818,-178.90939,-11.389349,-46.840503,-0.979735,-0.13103,0.148914,-0.018651,-0.686213,-0.726707,0.197475,-0.71504,0.670517,0.409761,0.170111,-0.11003,-172.653349,-37.371411,-167.38313,-0.787767,-0.256196,-0.559556,-0.101567,0.950917,-0.29227,0.606979,-0.173497,-0.77511,0.261863,-0.193411,-0.092506,173.834282,-20.804175,129.579589,-0.928986,0.340546,-0.1423,0.100358,0.604272,0.790334,0.355175,0.720227,-0.595392,0.314437,-0.179236,-0.089269,-166.086595,-17.943561,174.852324,-0.922945,-0.212538,-0.319398,-0.228635,0.973415,0.013285,0.30808,0.085312,-0.947001,0.407194,-0.190509,-0.116839,-179.780795,-32.574363,-56.530626,-0.842328,-0.447054,0.300035,-0.003223,-0.552815,-0.832992,0.538394,-0.702871,0.46468
0.265881,0.172343,-0.09139,171.68332,-20.262812,-130.284199,-0.92761,-0.167869,-0.331888,0.135599,0.678283,-0.722041,0.346327,-0.715227,-0.606218,0.320799,0.149907,-0.08793,-178.982262,-11.405378,-46.820929,-0.979988,-0.132033,0.14824,-0.017409,-0.686613,-0.726688,0.197749,-0.714805,0.670756,0.409761,0.170111,-0.11003,-172.671743,-37.326894,-167.361115,-0.788285,-0.255976,-0.558953,-0.101377,0.950903,-0.292384,0.606362,-0.173902,-0.775521,0.261975,-0.1933,-0.092506,173.876812,-20.775251,129.524138,-0.92918,0.339867,-0.142271,0.099681,0.603828,0.790744,0.354703,0.720904,-0.594778,0.314548,-0.179012,-0.089157,-166.023303,-17.93229,174.886825,-0.922909,-0.213858,-0.319106,-0.229708,0.973176,0.012399,0.307893,0.084762,-0.947277,0.407082,-0.190733,-0.116839,-179.911168,-32.571062,-56.376775,-0.842429,-0.447459,0.299328,-0.001306,-0.554104,-0.832195,0.538345,-0.701663,0.466594
0.265993,0.172343,-0.09139,171.680011,-20.246291,-130.29861,-0.928048,-0.167555,-0.331813,0.135718,0.678288,-0.72209,0.346056,-0.715373,-0.606651,0.320911,0.149907,-0.08793,-179.046819,-11.401374,-46.796786,-0.979795,-0.132709,0.147417,-0.016302,-0.68652,-0.726542,0.197681,-0.714505,0.67104,0.409761,0.170111,-0.109919,-172.688107,-37.324706,-167.355044,-0.788285,-0.255747,-0.558983,-0.101148,0.95095,-0.292308,0.606331,-0.173978,-0.775475,0.262086,-0.193188,-0.092618,173.915866,-20.74445,129.477156,-0.929166,0.339153,-0.142273,0.099039,0.603592,0.790938,0.3542,0.721365,-0.594164,0.314548,-0.178789,-0.089157,-165.971567,-17.934173,174.907359,-0.922885,-0.214893,-0.319075,-0.230587,0.972978,0.011764,0.307924,0.084439,-0.947498,0.406971,-0.190733,-0.116839,-179.932198,-32.59017,-56.323374,-0.842179,-0.447627,0.299581,-0.000997,-0.554638,-0.831779,0.538626,-0.701061,0.467137
0.265993,0.172231,-0.09139,171.67009,-20.256833,-130.282171,-0.92761,-0.167651,-0.331985,0.135818,0.678288,-0.721994,0.346229,-0.715273,-0.606213,0.320911,0.149796,-0.08793,-179.08173,-11.400026,-46.762889,-0.979856,-0.133021,0.14704,-0.015705,-0.68692,-0.726231,0.197658,-0.714117,0.671472,0.409761,0.170111,-0.11003,-172.685936,-37.308219,-167.35341,-0.788285,-0.255716,-0.558754,-0.101178,0.95095,-0.292285,0.606103,-0.174001,-0.775475,0.262086,-0.193188,-0.092618,173.935913,-20.741757,129.456139,-0.929583,0.339006,-0.142317,0.098755,0.603235,0.791336,0.354156,0.721831,-0.594104,0.31466,-0.178677,-0.089157,-165.935764,-17.943837,174.885038,-0.922418,-0.215299,-0.319315,-0.231083,0.972855,0.011892,0.308085,0.084778,-0.947131,0.406859,-0.190844,-0.116616,-179.96396,-32.56372,-56.259569,-0.842342,-0.44729,0.299386,-0.00053,-0.555222,-0.831316,0.538237,-0.700727,0.468042
0.265881,0.172231,-0.09139,171.669031,-20.256966,-130.273528,-0.927806,-0.167697,-0.331983,0.135864,0.678092,-0.722213,0.346231,-0.715492,-0.606213,0.320911,0.149796,-0.08793,-179.113433,-11.398239,-46.759401,-0.979856,-0.133371,0.146624,-0.015163,-0.686874,-0.726269,0.197627,-0.714079,0.671518,0.409873,0.170111,-0.109919,-172.702662,-37.295009,-167.350799,-0.788743,-0.25548,-0.558632,-0.101003,0.950996,-0.292216,0.605919,-0.174131,-0.775886,0.262086,-0.193188,-0.092618,173.921799,-20.746057,129.443971,-0.929152,0.339192,-0.142179,0.09894,0.603175,0.791265,0.354227,0.721692,-0.593733,0.31466,-0.178566,-0.089046,-165.912708,-17.917648,174.913008,-0.922394,-0.215867,-0.318793,-0.231472,0.972768,0.011391,0.30765,0.084322,-0.947242,0.406859,-0.190844,-0.116616,-179.974892,-32.537818,-56.268644,-0.842563,-0.447129,0.29894,-0.000369,-0.554981,-0.831458,0.537856,-0.700998,0.468062
0.265881,0.172231,-0.09139,171.669031,-20.256966,-130.273528,-0.927806,-0.167697,-0.331983,0.135864,0.678092,-0.722213,0.346231,-0.715492,-0.606213,0.321022,0.149684,-0.08793,-179.171447,-11.376878,-46.738462,-0.98011,-0.133736,0.145698,-0.014174,-0.687183,-0.726187,0.197262,-0.713907,0.671848,0.409873,0.169999,-0.109919,-172.749571,-37.271968,-167.330988,-0.788743,-0.254763,-0.558494,-0.100347,0.951135,-0.291965,0.605599,-0.174381,-0.775747,0.262198,-0.193077,-0.092618,173.971089,-20.741928,129.424156,-0.929361,0.338683,-0.142678,0.098154,0.603147,0.791409,0.354159,0.72198,-0.593551,0.314771,-0.178454,-0.088822,-165.895386,-17.879414,174.944852,-0.922849,-0.21647,-0.31807,-0.231883,0.97268,0.010924,0.307015,0.083844,-0.947832,0.406636,-0.190956,-0.116616,179.972801,-32.540412,-56.205957,-0.842727,-0.447315,0.29873,0.0004,-0.555687,-0.831147,0.537894,-0.700511,0.468845
0.265993,0.172231,-0.091278,171.648498,-20.231645,-130.269398,-0.927806,-0.167161,-0.33196,0.136204,0.6781,-0.722119,0.345816,-0.715587,-0.606205,0.321022,0.149684,-0.08793,-179.180262,-11.364246,-46.706443,-0.980171,-0.133602,0.145513,-0.014024,-0.687583,-0.725829,0.197046,-0.713565,0.672278,0.409873,0.169999,-0.109919,-172.768436,-37.275239,-167.33003,-0.789201,-0.254558,-0.5586,-0.100141,0.951181,-0.29192,0.605645,-0.174488,-0.776159,0.26231,-0.193077,-0.092618,173.991038,-20.715904,129.414607,-0.929361,0.338147,-0.142671,0.097827,0.603267,0.79131,0.353734,0.722079,-0.593431,0.314771,-0.178343,-0.088711,-165.858689,-17.838502,174.972482,-0.922825,-0.217283,-0.317314,-0.232505,0.972536,0.010413,0.306335,0.083398,-0.948,0.406412,-0.190844,-0.116616,179.965796,-32.551982,-56.154862,-0.842478,-0.447277,0.299094,0.000503,-0.556221,-0.83067,0.538065,-0.699968,0.469387
0.265993,0.172231,-0.091278,171.658424,-20.221103,-130.285839,-0.928244,-0.167065,-0.331788,0.136104,0.6781,-0.722215,0.345644,-0.715687,-0.606642,0.321134,0.149572,-0.08793,-179.242414,-11.373597,-46.653652,-0.980041,-0.134338,0.144953,-0.012959,-0.687984,-0.725339,0.197206,-0.712908,0.672901,0.409761,0.169999,-0.109919,-172.729408,-37.288969,-167.354768,-0.788682,-0.254947,-0.558716,-0.100621,0.951149,-0.291835,0.605835,-0.174054,-0.775793,0.262421,-0.193188,-0.092506,173.985604,-20.704781,129.429807,-0.929792,0.338072,-0.142489,0.097961,0.603267,0.791384,0.353553,0.722214,-0.593862,0.314771,-0.178008,-0.088599,-165.785516,-17.836102,174.974495,-0.922335,-0.21849,-0.317276,-0.233635,0.972267,0.009973,0.306295,0.083347,-0.947802,0.406412,-0.190844,-0.116505,179.9535,-32.536155,-56.103249,-0.843057,-0.446876,0.299275,0.000684,-0.557341,-0.830288,0.537832,-0.699772,0.470169
0.265993,0.172231,-0.091278,171.654418,-20.218286,-130.269314,-0.927806,-0.167063,-0.331742,0.136106,0.6781,-0.722117,0.345598,-0.715589,-0.606205,0.321246,0.149572,-0.08793,-179.299747,-11.320001,-46.613407,-0.980103,-0.134267,0.143684,-0.011979,-0.688202,-0.724994,0.196288,-0.712553,0.673512,0.409761,0.169887,-0.109919,-172.772527,-37.280756,-167.352681,-0.788622,-0.254184,-0.55883,-0.10001,0.951349,-0.291379,0.605721,-0.174052,-0.775655,0.262533,-0.193077,-0.092506,174.018246,-20.660727,129.381771,-0.929779,0.337254,-0.142277,0.097424,0.60303,0.791549,0.352834,0.722704,-0.59325,0.314771,-0.177673,-0.088488,-165.70802,-17.83912,175.005359,-0.922301,-0.220042,-0.317226,-0.234954,0.971962,0.009022,0.306345,0.082862,-0.948141,0.406189,-0.190956,-0.116616,179.871739,-32.602633,-56.039829,-0.842396,-0.448156,0.299124,0.001886,-0.557582,-0.830094,0.538809,-0.698724,0.470589
0.265993,0.172231,-0.091278,171.654418,-20.218286,-130.269314,-0.927806,-0.167063,-0.331742,0.136106,0.6781,-0.722117,0.345598,-0.715589,-0.606205,0.32158,0.149461,-0.08793,-179.384966,-11.309279,-46.573714,-0.980166,-0.135057,0.142574,-0.010522,-0.688513,-0.724732,0.196105,-0.712114,0.674032,0.409873,0.169887,-0.109919,-172.797353,-37.285692,-167.335627,-0.78914,-0.254054,-0.558913,-0.099729,0.951334,-0.291562,0.60579,-0.174387,-0.776067,0.262756,-0.193077,-0.092506,174.078998,-20.608042,129.358239,-0.930629,0.336064,-0.142342,0.096516,0.602911,0.791854,0.351973,0.72347,-0.593383,0.314883,-0.177338,-0.088376,-165.606616,-17.85049,175.001615,-0.921811,-0.221722,-0.317438,-0.236567,0.971576,0.008477,0.306534,0.082918,-0.948061,0.405631,-0.191179,-0.116505,179.71115,-32.652682,-55.831163,-0.841437,-0.449305,0.298751,0.004242,-0.558824,-0.828838,0.539545,-0.696503,0.472789
0.265993,0.172343,-0.091278,171.667644,-20.224265,-130.271334,-0.927806,-0.167282,-0.331644,0.135887,0.678096,-0.722163,0.345696,-0.715542,-0.606209,0.321692,0.149237,-0.088041,-179.511255,-11.316133,-46.518123,-0.980483,-0.136505,0.141208,-0.008364,-0.68927,-0.72441,0.196222,-0.711481,0.674743,0.409984,0.169887,-0.109807,-172.815338,-37.252202,-167.310252,-0.789201,-0.253841,-0.558462,-0.099485,0.951319,-0.29167,0.605325,-0.174738,-0.77602,0.262868,-0.192965,-0.092506,174.123846,-20.578738,129.278362,-0.930603,0.335389,-0.142253,0.095777,0.602252,0.792376,0.351494,0.724257,-0.592341,0.314995,-0.177003,-0.088376,-165.537316,-17.866019,175.030623,-0.921298,-0.223,-0.31758,-0.237624,0.971323,0.007531,0.306792,0.082417,-0.947868,0.405743,-0.191291,-0.116728,179.69024,-32.652008,-55.758452,-0.841386,-0.449129,0.299002,0.004549,-0.559651,-0.82823,0.539535,-0.695895,0.473668
0.265993,0.172343,-0.091278,171.666785,-20.240313,-130.296586,-0.928048,-0.167336,-0.331911,0.135937,0.678292,-0.722044,0.345958,-0.715419,-0.606647,0.321804,0.149126,-0.088041,-179.595743,-11.303985,-46.474723,-0.9801,-0.137288,0.140076,-0.006915,-0.689135,-0.72405,0.196014,-0.710948,0.675261,0.409984,0.169776,-0.109807,-172.864709,-37.234621,-167.29561,-0.789659,-0.253146,-0.5584,-0.098851,0.951457,-0.29145,0.60508,-0.175018,-0.776341,0.262979,-0.192853,-0.092506,174.131004,-20.549557,129.25519,-0.931022,0.335031,-0.141867,0.095703,0.601893,0.792714,0.351017,0.724782,-0.592281,0.314995,-0.17678,-0.088153,-165.486699,-17.824941,175.056374,-0.921276,-0.224052,-0.316828,-0.238486,0.971116,0.006983,0.30611,0.082008,-0.948098,0.405854,-0.191291,-0.115612,179.625288,-32.301858,-55.72028,-0.844725,-0.445295,0.295473,0.005525,-0.559789,-0.828184,0.53438,-0.698306,0.47599
0.265993,0.172343,-0.091278,171.659477,-20.220975,-130.294481,-0.928048,-0.167019,-0.33179,0.136058,0.678296,-0.721996,0.345642,-0.715468,-0.606642,0.321915,0.149014,-0.088041,-179.671006,-11.275501,-46.468804,-0.980547,-0.137807,0.138822,-0.00563,-0.689403,-0.7242,0.195527,-0.71099,0.67544,0.409984,0.169776,-0.109807,-172.878896,-37.215963,-167.287959,-0.789659,-0.252887,-0.558202,-0.098653,0.951503,-0.291351,0.604821,-0.175117,-0.776295,0.262979,-0.192965,-0.092506,174.126741,-20.568912,129.235723,-0.9308,0.335356,-0.141914,0.09575,0.601624,0.792889,0.351334,0.724829,-0.591909,0.315106,-0.17678,-0.088041,-165.477906,-17.784891,175.088234,-0.921254,-0.224385,-0.316058,-0.238632,0.97108,0.006552,0.305444,0.081482,-0.948156,0.405854,-0.191402,-0.115277,179.6055,-32.156029,-55.761957,-0.846432,-0.443878,0.29372,0.005828,-0.559427,-0.82873,0.532227,-0.699857,0.476302
0.265993,0.172343,-0.091278,171.665394,-20.207615,-130.294398,-0.928048,-0.166921,-0.331571,0.13596,0.678296,-0.721994,0.345423,-0.71547,-0.606642,0.321915,0.148903,-0.088041,-179.702695,-11.273649,-46.465476,-0.980547,-0.138158,0.138407,-0.005088,-0.689358,-0.724236,0.195495,-0.710954,0.675485,0.409873,0.169664,-0.109807,-172.899591,-37.246728,-167.285128,-0.789659,-0.252719,-0.55869,-0.098363,0.951549,-0.291321,0.605249,-0.175147,-0.776249,0.262979,-0.192965,-0.092729,174.122115,-20.621099,129.222719,-0.930578,0.336107,-0.142287,0.095803,0.601295,0.793157,0.352186,0.724782,-0.591597,0.315218,-0.176668,-0.088041,-165.454522,-17.773315,175.114616,-0.921232,-0.224946,-0.315772,-0.239027,0.970986,0.006025,0.305252,0.081052,-0.948272,0.406189,-0.191402,-0.115277,179.66426,-32.142202,-55.875095,-0.846509,-0.443723,0.293568,0.00496,-0.558184,-0.829524,0.532022,-0.700889,0.474982
0.265993,0.172231,-0.091278,171.663139,-20.190966,-130.317461,-0.92829,-0.166561,-0.331498,0.136033,0.678496,-0.721824,0.34515,-0.715397,-0.607076,0.321804,0.148903,-0.08793,-179.702695,-11.273649,-46.465476,-0.980547,-0.138158,0.138407,-0.005088,-0.689358,-0.724236,0.195495,-0.710954,0.675485,0.409984,0.169664,-0.109919,-172.907829,-37.226424,-167.293561,-0.789598,-0.252384,-0.558514,-0.09824,0.951655,-0.290994,0.604966,-0.175017,-0.776203,0.262868,-0.192965,-0.092841,174.129406,-20.69762,129.195632,-0.929925,0.337037,-0.143058,0.095616,0.600966,0.793381,0.353436,0.72457,-0.590853,0.315218,-0.176668,-0.08793,-165.415742,-17.730905,175.128109,-0.921221,-0.225719,-0.315041,-0.23969,0.970823,0.005757,0.304547,0.080842,-0.948445,0.406524,-0.191291,-0.115723,179.7622,-32.229557,-55.930874,-0.845487,-0.444153,0.295234,0.003509,-0.557893,-0.82954,0.533313,-0.700627,0.473809
0.265993,0.172231,-0.091278,171.663139,-20.190966,-130.317461,-0.92829,-0.166561,-0.331498,0.136033,0.678496,-0.721824,0.34515,-0.715397,-0.607076,0.321804,0.148903,-0.08793,-179.688407,-11.26857,-46.483472,-0.980738,-0.137957,0.138494,-0.005334,-0.689358,-0.724437,0.195408,-0.711199,0.675293,0.409984,0.169664,-0.109807,-172.92797,-37.20941,-167.269837,-0.789659,-0.2522,-0.558293,-0.097966,0.95164,-0.291124,0.60473,-0.175344,-0.776158,0.262868,-0.192965,-0.092952,174.108254,-20.754425,129.195208,-0.929493,0.337969,-0.143356,0.095918,0.600786,0.793469,0.354363,0.724273,-0.590602,0.31533,-0.176668,-0.088041,-165.415742,-17.730905,175.128109,-0.921221,-0.225719,-0.315041,-0.23969,0.970823,0.005757,0.304547,0.080842,-0.948445,0.406301,-0.191291,-0.11617,179.731167,-32.413406,-55.835969,-0.843946,-0.446187,0.297078,0.00396,-0.559209,-0.828805,0.536024,-0.698463,0.474034
