Sensor #1 X,Sensor #1 Y,Sensor #1 Z,"Sensor #1 Euler Angles (Z Y'X"") Z","Sensor #1 Euler Angles (Z Y'X"") Y'","Sensor #1 Euler Angles (Z Y'X"") X""","Sensor #1 Rotation Matrix M0,0","Sensor #1 Rotation Matrix M0,1","Sensor #1 Rotation Matrix M0,2","Sensor #1 Rotation Matrix M1,0","Sensor #1 Rotation Matrix M1,1","Sensor #1 Rotation Matrix M1,2","Sensor #1 Rotation Matrix M2,0","Sensor #1 Rotation Matrix M2,1","Sensor #1 Rotation Matrix M2,2",Sensor #2 X,Sensor #2 Y,Sensor #2 Z,"Sensor #2 Euler Angles (Z Y'X"") Z","Sensor #2 Euler Angles (Z Y'X"") Y'","Sensor #2 Euler Angles (Z Y'X"") X""","Sensor #2 Rotation Matrix M0,0","Sensor #2 Rotation Matrix M0,1","Sensor #2 Rotation Matrix M0,2","Sensor #2 Rotation Matrix M1,0","Sensor #2 Rotation Matrix M1,1","Sensor #2 Rotation Matrix M1,2","Sensor #2 Rotation Matrix M2,0","Sensor #2 Rotation Matrix M2,1","Sensor #2 Rotation Matrix M2,2",Sensor #3 X,Sensor #3 Y,Sensor #3 Z,"Sensor #3 Euler Angles (Z Y'X"") Z","Sensor #3 Euler Angles (Z Y'X"") Y'","Sensor #3 Euler Angles (Z Y'X"") X""","Sensor #3 Rotation Matrix M0,0","Sensor #3 Rotation Matrix M0,1","Sensor #3 Rotation Matrix M0,2","Sensor #3 Rotation Matrix M1,0","Sensor #3 Rotation Matrix M1,1","Sensor #3 Rotation Matrix M1,2","Sensor #3 Rotation Matrix M2,0","Sensor #3 Rotation Matrix M2,1","Sensor #3 Rotation Matrix M2,2",Sensor #4 X,Sensor #4 Y,Sensor #4 Z,"Sensor #4 Euler Angles (Z Y'X"") Z","Sensor #4 Euler Angles (Z Y'X"") Y'","Sensor #4 Euler Angles (Z Y'X"") X""","Sensor #4 Rotation Matrix M0,0","Sensor #4 Rotation Matrix M0,1","Sensor #4 Rotation Matrix M0,2","Sensor #4 Rotation Matrix M1,0","Sensor #4 Rotation Matrix M1,1","Sensor #4 Rotation Matrix M1,2","Sensor #4 Rotation Matrix M2,0","Sensor #4 Rotation Matrix M2,1","Sensor #4 Rotation Matrix M2,2",Sensor #5 X,Sensor #5 Y,Sensor #5 Z,"Sensor #5 Euler Angles (Z Y'X"") Z","Sensor #5 Euler Angles (Z Y'X"") Y'","Sensor #5 Euler Angles (Z Y'X"") X""","Sensor #5 Rotation Matrix M0,0","Sensor #5 Rotation Matrix M0,1","Sensor #5 Rotation Matrix M0,2","Sensor #5 Rotation Matrix M1,0","Sensor #5 Rotation Matrix M1,1","Sensor #5 Rotation Matrix M1,2","Sensor #5 Rotation Matrix M2,0","Sensor #5 Rotation Matrix M2,1","Sensor #5 Rotation Matrix M2,2",Sensor #6 X,Sensor #6 Y,Sensor #6 Z,"Sensor #6 Euler Angles (Z Y'X"") Z","Sensor #6 Euler Angles (Z Y'X"") Y'","Sensor #6 Euler Angles (Z Y'X"") X""","Sensor #6 Rotation Matrix M0,0","Sensor #6 Rotation Matrix M0,1","Sensor #6 Rotation Matrix M0,2","Sensor #6 Rotation Matrix M1,0","Sensor #6 Rotation Matrix M1,1","Sensor #6 Rotation Matrix M1,2","Sensor #6 Rotation Matrix M2,0","Sensor #6 Rotation Matrix M2,1","Sensor #6 Rotation Matrix M2,2"
0.0,0.0,0.0,0.0,0.0,0.0,0.0,0.0,0.0,0.0,0.0,0.0,0.0,0.0,0.0,0.0,0.0,0.0,0.0,0.0,0.0,0.0,0.0,0.0,0.0,0.0,0.0,0.0,0.0,0.0,0.0,0.0,0.0,0.0,0.0,0.0,0.0,0.0,0.0,0.0,0.0,0.0,0.0,0.0,0.0,0.0,0.0,0.0,0.0,0.0,0.0,0.0,0.0,0.0,0.0,0.0,0.0,0.0,0.0,0.0,0.0,0.0,0.0,0.0,0.0,0.0,0.0,0.0,0.0,0.0,0.0,0.0,0.0,0.0,0.0,0.0,0.0,0.0,0.0,0.0,0.0,0.0,0.0,0.0,0.0,0.0,0.0,0.0,0.0,0.0
0.285304,0.16799,-0.232032,-60.861708,-26.238957,62.256559,0.436666,0.215888,-0.873167,-0.783302,0.568521,-0.250991,0.442116,0.793694,0.417467,0.308856,0.192323,-0.252236,-128.310731,-25.049641,-146.237392,-0.561504,-0.798114,0.217713,-0.710714,0.330901,-0.620685,0.423403,-0.503367,-0.752983,0.39179,0.230944,-0.24219,-136.076502,0.301855,59.51249,-0.720026,0.348468,-0.599576,-0.693466,-0.368269,0.618849,-0.005268,0.861649,0.507297,0.295126,0.137852,-0.152,137.656087,-37.465515,-75.534119,-0.586349,-0.603469,-0.539791,0.534359,0.212444,-0.817929,0.608284,-0.768357,0.198223,0.352611,0.128141,-0.164055,114.441689,-37.382986,-141.808739,-0.328653,0.560034,-0.760179,0.723112,0.667159,0.178574,0.60714,-0.491062,-0.624224,0.407975,0.059271,-0.17611,134.365555,-10.023009,-14.012179,-0.688425,-0.722953,-0.054996,0.703843,-0.648162,-0.290028,0.174044,-0.238432,0.955431
0.285638,0.169106,-0.232702,-60.509253,-25.394541,62.54255,0.444653,0.213864,-0.869662,-0.786218,0.558287,-0.264558,0.428849,0.801493,0.416475,0.308409,0.193439,-0.252794,-127.534807,-24.631628,-146.919707,-0.55364,-0.802909,0.219828,-0.720611,0.330344,-0.609409,0.416783,-0.49598,-0.761404,0.390562,0.233065,-0.242971,-135.467223,0.581523,59.126766,-0.712553,0.353421,-0.605502,-0.701025,-0.371552,0.608218,-0.010149,0.858171,0.513061,0.290996,0.151805,-0.146084,136.95675,-36.821955,-76.002728,-0.584589,-0.589898,-0.556141,0.545964,0.220667,-0.807927,0.59933,-0.77643,0.193546,0.347588,0.140196,-0.161153,112.688196,-39.027558,-141.252418,-0.299483,0.567323,-0.766693,0.716351,0.66474,0.211654,0.629694,-0.485902,-0.605474,0.400385,0.071214,-0.175552,133.283207,-11.247624,-12.990673,-0.672175,-0.739137,-0.033291,0.713713,-0.635873,-0.29248,0.19505,-0.220473,0.955682
0.246125,0.142763,-0.12856,-138.531354,-45.545063,110.843243,-0.524273,0.264184,-0.808944,-0.463326,0.708743,0.531817,0.713801,0.653993,-0.248994,0.294456,0.138633,-0.12443,-159.147934,-29.714075,-87.878988,-0.811463,-0.449759,0.372752,-0.30909,-0.210713,-0.927288,0.495672,-0.867822,0.03214,0.382302,0.176138,-0.129341,-135.446473,-20.041458,83.71845,-0.669129,0.319337,-0.670417,-0.658781,0.161421,0.734529,0.3427,0.933568,0.102763,0.270235,-0.136261,-0.102887,136.924793,-67.205811,-76.058954,-0.282502,-0.817983,-0.500574,0.264132,0.435475,-0.860445,0.921902,-0.375547,0.093224,0.317897,-0.118737,-0.101771,171.304561,-31.451084,-166.541518,-0.84268,0.02694,-0.536776,0.128879,0.979744,-0.153236,0.52177,-0.198407,-0.829072,0.397929,-0.145749,-0.113044,169.444852,-15.388748,-30.681306,-0.947676,-0.290636,0.130891,0.176585,-0.820498,-0.543427,0.265367,-0.491961,0.829173
0.246125,0.142763,-0.12856,-138.531354,-45.545063,110.843243,-0.524273,0.264184,-0.808944,-0.463326,0.708743,0.531817,0.713801,0.653993,-0.248994,0.294568,0.138745,-0.12443,-159.143996,-29.684558,-87.8092,-0.811596,-0.448895,0.373293,-0.309204,-0.211615,-0.926987,0.495225,-0.86799,0.033205,0.382414,0.176138,-0.129229,-135.468773,-20.045067,83.75816,-0.669461,0.319025,-0.670413,-0.658595,0.161731,0.73471,0.342759,0.933686,0.102121,0.270123,-0.136261,-0.102998,136.707687,-67.199695,-75.845184,-0.281258,-0.818089,-0.500769,0.264973,0.435581,-0.860047,0.921861,-0.374998,0.094574,0.317785,-0.118514,-0.101659,171.376143,-31.446652,-166.57967,-0.843101,0.026107,-0.536511,0.127866,0.979868,-0.153306,0.521704,-0.197916,-0.82946,0.397929,-0.145303,-0.112933,169.553758,-15.356556,-30.666796,-0.948336,-0.288792,0.131535,0.174844,-0.821424,-0.542893,0.264825,-0.491835,0.829439
0.246125,0.142763,-0.12856,-138.54588,-45.551321,110.838719,-0.524456,0.264495,-0.808867,-0.463252,0.70859,0.532128,0.713878,0.654068,-0.248963,0.29468,0.138745,-0.124653,-159.1966,-29.713326,-87.798737,-0.811596,-0.449443,0.372507,-0.308351,-0.211467,-0.927271,0.495661,-0.867706,0.033353,0.382302,0.176138,-0.129341,-135.482739,-20.063961,83.749272,-0.669461,0.319346,-0.670104,-0.658274,0.161857,0.734898,0.343069,0.933498,0.102247,0.270011,-0.136261,-0.10311,136.503807,-67.241785,-75.645311,-0.280251,-0.818605,-0.500948,0.265913,0.435345,-0.859994,0.922146,-0.374415,0.095818,0.317785,-0.118514,-0.101659,171.362137,-31.429479,-166.576204,-0.843101,0.026363,-0.5363,0.128077,0.979848,-0.153248,0.521449,-0.197974,-0.829479,0.397594,-0.14508,-0.112598,169.513326,-15.298116,-30.58951,-0.948134,-0.288661,0.130717,0.175498,-0.821684,-0.541707,0.263841,-0.490838,0.830308
0.246125,0.142875,-0.12856,-138.54588,-45.551321,110.838719,-0.524456,0.264495,-0.808867,-0.463252,0.70859,0.532128,0.713878,0.654068,-0.248963,0.29468,0.138745,-0.124764,-159.235356,-29.747649,-87.777966,-0.81164,-0.449906,0.372134,-0.30774,-0.211817,-0.927471,0.496181,-0.867462,0.033659,0.382414,0.176138,-0.129453,-135.512613,-20.071149,83.741254,-0.66977,0.319606,-0.669665,-0.657892,0.161673,0.735278,0.343187,0.933439,0.102372,0.270011,-0.13615,-0.10311,136.462328,-67.236425,-75.567732,-0.27963,-0.818809,-0.500438,0.265709,0.435132,-0.860031,0.922109,-0.373905,0.096227,0.317785,-0.118514,-0.101436,171.353676,-31.40118,-166.579201,-0.843568,0.026651,-0.535923,0.128275,0.979828,-0.153223,0.521027,-0.198044,-0.829966,0.397371,-0.144968,-0.112933,169.517934,-15.428348,-30.583628,-0.947671,-0.289692,0.132643,0.175334,-0.82168,-0.541961,0.266033,-0.490451,0.829849
0.246125,0.142875,-0.12856,-138.566048,-45.541849,110.834648,-0.52464,0.264713,-0.808598,-0.463085,0.708437,0.532453,0.713762,0.654127,-0.248932,0.294791,0.138745,-0.124764,-159.284766,-29.749576,-87.758554,-0.811991,-0.449963,0.371552,-0.307072,-0.211872,-0.927747,0.49621,-0.867491,0.033954,0.382302,0.175915,-0.129453,-135.555666,-20.083842,83.771922,-0.670103,0.31946,-0.669191,-0.65723,0.162108,0.735678,0.343395,0.933337,0.101856,0.2699,-0.136261,-0.103222,136.298779,-67.267743,-75.412739,-0.278699,-0.819124,-0.500649,0.266342,0.435132,-0.859888,0.922321,-0.373337,0.097158,0.317674,-0.118402,-0.101436,171.369166,-31.402686,-166.583302,-0.843568,0.026417,-0.535901,0.128042,0.979848,-0.15329,0.52105,-0.197977,-0.829946,0.397371,-0.145191,-0.112598,169.460419,-15.359771,-30.492571,-0.947801,-0.28973,0.131583,0.176342,-0.822351,-0.540605,0.264879,-0.489293,0.830901
0.246125,0.142875,-0.12856,-138.560405,-45.557583,110.8342,-0.52464,0.264805,-0.808791,-0.463177,0.708437,0.532438,0.713955,0.654142,-0.248932,0.294791,0.138633,-0.124876,-159.377579,-29.807928,-87.626244,-0.81191,-0.450304,0.371056,-0.30554,-0.213476,-0.927816,0.497094,-0.866847,0.035934,0.382302,0.175915,-0.129453,-135.582026,-20.108474,83.783589,-0.670424,0.31975,-0.668975,-0.65694,0.162233,0.736021,0.343799,0.933304,0.10166,0.2699,-0.136485,-0.103222,136.060365,-67.232062,-75.186018,-0.278168,-0.819175,-0.501038,0.268058,0.434846,-0.859545,0.92208,-0.373664,0.098824,0.317562,-0.118179,-0.101324,171.386147,-31.38853,-166.588047,-0.843568,0.026206,-0.535645,0.127786,0.979868,-0.153368,0.520839,-0.197899,-0.829926,0.397371,-0.144968,-0.112263,169.474663,-15.251096,-30.471562,-0.948463,-0.28858,0.130271,0.176221,-0.822922,-0.539989,0.26305,-0.489248,0.831521
0.246125,0.142875,-0.12856,-138.592325,-45.561533,110.873701,-0.524657,0.264654,-0.808594,-0.462672,0.708836,0.532278,0.714003,0.653716,-0.249286,0.295015,0.138522,-0.125099,-159.490784,-29.930799,-87.532033,-0.811437,-0.451878,0.36999,-0.303533,-0.214676,-0.928148,0.498954,-0.865677,0.037311,0.382302,0.175803,-0.129564,-135.590636,-20.175428,83.784752,-0.670126,0.320483,-0.668708,-0.65645,0.163103,0.736168,0.344896,0.932824,0.101588,0.269788,-0.13682,-0.103222,135.733507,-67.159053,-74.944249,-0.277475,-0.818469,-0.502571,0.27046,0.435559,-0.85843,0.921586,-0.374378,0.100705,0.31745,-0.117956,-0.101101,171.445578,-31.3075,-166.600525,-0.844546,0.025593,-0.534322,0.127038,0.979881,-0.153907,0.519631,-0.197917,-0.830801,0.397483,-0.144633,-0.111593,169.568067,-15.012477,-30.420203,-0.949656,-0.285099,0.128002,0.174842,-0.824074,-0.538402,0.259029,-0.489045,0.832885
0.246125,0.142763,-0.12856,-138.618641,-45.581214,110.912796,-0.524674,0.264595,-0.808589,-0.462259,0.709234,0.532104,0.714243,0.653305,-0.24964,0.294903,0.13841,-0.125099,-159.527342,-29.957067,-87.451016,-0.811621,-0.451809,0.370184,-0.303011,-0.216079,-0.928129,0.499351,-0.865511,0.03853,0.382191,0.175915,-0.129564,-135.548864,-20.201004,83.763781,-0.669495,0.320885,-0.669065,-0.65679,0.163412,0.735759,0.345315,0.932602,0.10191,0.269677,-0.136708,-0.103222,135.699512,-67.136904,-74.897634,-0.277639,-0.818535,-0.502448,0.270941,0.435191,-0.858484,0.921436,-0.374706,0.10112,0.31745,-0.117844,-0.100989,171.54843,-31.258454,-166.633352,-0.845013,0.024292,-0.533321,0.125558,0.979997,-0.154371,0.518899,-0.197497,-0.831152,0.397036,-0.14508,-0.111816,169.473789,-15.108024,-30.272088,-0.948934,-0.286922,0.129224,0.176324,-0.824837,-0.536734,0.26064,-0.486672,0.833771
0.246125,0.142763,-0.12856,-138.644997,-45.600893,110.951933,-0.524692,0.264536,-0.808585,-0.461846,0.709631,0.531929,0.714484,0.652894,-0.249994,0.294903,0.138522,-0.125211,-159.505524,-29.976643,-87.389015,-0.811105,-0.451668,0.370885,-0.303171,-0.217077,-0.927683,0.499647,-0.865162,0.039453,0.382191,0.176026,-0.129564,-135.496335,-20.215332,83.771097,-0.668876,0.32084,-0.669794,-0.657387,0.163906,0.735156,0.345549,0.932563,0.101785,0.269677,-0.13682,-0.10311,135.677714,-67.054688,-74.905725,-0.278186,-0.817831,-0.50297,0.271682,0.435479,-0.858021,0.920877,-0.375717,0.101336,0.317339,-0.117732,-0.100878,171.607315,-31.221176,-166.668464,-0.845435,0.023736,-0.532611,0.124733,0.980099,-0.15439,0.518343,-0.197056,-0.831562,0.397259,-0.144633,-0.111035,169.576732,-14.852951,-30.3283,-0.950588,-0.283457,0.126253,0.174865,-0.825434,-0.536649,0.256339,-0.48808,0.834302
0.246125,0.142763,-0.128448,-138.662216,-45.611805,110.984334,-0.524893,0.264403,-0.808688,-0.461744,0.709815,0.531828,0.714617,0.652793,-0.250379,0.294903,0.138522,-0.125099,-159.490208,-29.960568,-87.369278,-0.811152,-0.451255,0.371276,-0.303435,-0.217428,-0.927512,0.499404,-0.865286,0.039757,0.382302,0.176138,-0.129453,-135.492327,-20.194292,83.799191,-0.668888,0.320238,-0.670005,-0.65749,0.164091,0.734993,0.345205,0.932714,0.101339,0.269565,-0.136708,-0.103333,135.57182,-67.08752,-74.748079,-0.277421,-0.818597,-0.502271,0.271938,0.434689,-0.858372,0.921101,-0.375036,0.10226,0.317562,-0.117732,-0.100766,171.611146,-31.151103,-166.694199,-0.846324,0.024168,-0.531591,0.124806,0.980125,-0.154182,0.517297,-0.196887,-0.832515,0.397036,-0.144633,-0.111147,169.591691,-14.839076,-30.37365,-0.95052,-0.283203,0.125974,0.174595,-0.824921,-0.537225,0.256105,-0.488764,0.833956
0.246013,0.142763,-0.128448,-138.662216,-45.611805,110.984334,-0.524893,0.264403,-0.808688,-0.461744,0.709815,0.531828,0.714617,0.652793,-0.250379,0.295015,0.138633,-0.125099,-159.499669,-29.941838,-87.320124,-0.811597,-0.450642,0.371652,-0.303449,-0.218334,-0.927457,0.499121,-0.865552,0.040514,0.382302,0.176138,-0.129453,-135.50284,-20.230649,83.810034,-0.6689,0.320589,-0.66992,-0.657261,0.164525,0.735144,0.3458,0.932551,0.101142,0.269342,-0.136596,-0.103333,135.531803,-67.140181,-74.708598,-0.276874,-0.818954,-0.502259,0.271782,0.434716,-0.858478,0.921458,-0.374384,0.102359,0.317674,-0.117844,-0.100543,171.626482,-31.078075,-166.718245,-0.846746,0.024356,-0.53048,0.124637,0.98017,-0.154018,0.516206,-0.196628,-0.832982,0.397036,-0.144745,-0.110923,169.591665,-14.769933,-30.406699,-0.950783,-0.28269,0.124821,0.174644,-0.824677,-0.537517,0.254938,-0.489399,0.833937
0.246013,0.142763,-0.128448,-138.663079,-45.637585,110.996315,-0.524527,0.264451,-0.808758,-0.461407,0.710212,0.531546,0.714931,0.652306,-0.250349,0.295126,0.138633,-0.124988,-159.512606,-29.89095,-87.271284,-0.811644,-0.449773,0.371515,-0.303258,-0.218242,-0.927249,0.498351,-0.865713,0.041261,0.382302,0.176026,-0.129564,-135.494222,-20.271068,83.800565,-0.66859,0.321125,-0.6699,-0.657154,0.164959,0.73511,0.346462,0.932265,0.101267,0.269453,-0.136373,-0.103333,135.745056,-67.144127,-74.861138,-0.277731,-0.819223,-0.501231,0.2706,0.434057,-0.859154,0.921485,-0.374492,0.101318,0.317562,-0.117956,-0.100543,171.534725,-31.100991,-166.707863,-0.846702,0.025779,-0.531072,0.126016,0.980099,-0.153365,0.516548,-0.196815,-0.833097,0.396925,-0.14441,-0.110812,169.668782,-14.767591,-30.444527,-0.951047,-0.281646,0.125325,0.17337,-0.824725,-0.537888,0.254899,-0.489956,0.833624
0.246013,0.142763,-0.128448,-138.663079,-45.637585,110.996315,-0.524527,0.264451,-0.808758,-0.461407,0.710212,0.531546,0.714931,0.652306,-0.250349,0.295126,0.138745,-0.124876,-159.439388,-29.863921,-87.291857,-0.811644,-0.449198,0.372627,-0.30444,-0.218537,-0.926904,0.497942,-0.866058,0.040966,0.382302,0.176026,-0.129676,-135.497756,-20.297991,83.815846,-0.668602,0.321315,-0.66997,-0.657085,0.165331,0.735167,0.346903,0.932195,0.101008,0.269453,-0.136261,-0.103333,135.835892,-67.168455,-74.904419,-0.277731,-0.819605,-0.500447,0.269743,0.433635,-0.859596,0.92165,-0.37405,0.100895,0.31745,-0.117956,-0.100543,171.514287,-31.115584,-166.744758,-0.846568,0.026425,-0.531321,0.126305,0.980194,-0.152521,0.516766,-0.196258,-0.833136,0.396478,-0.144633,-0.111258,169.600436,-14.939252,-30.499853,-0.949854,-0.284167,0.126869,0.174323,-0.823362,-0.539273,0.257795,-0.49036,0.832471
0.246013,0.142763,-0.128448,-138.648562,-45.631325,111.00084,-0.524343,0.264141,-0.808834,-0.461482,0.710365,0.531235,0.714855,0.652231,-0.250379,0.295015,0.138857,-0.124876,-159.356839,-29.848503,-87.322148,-0.811644,-0.448776,0.373914,-0.305775,-0.21898,-0.926571,0.497708,-0.866391,0.040522,0.382191,0.176026,-0.129564,-135.497756,-20.297991,83.815846,-0.668602,0.321315,-0.66997,-0.657085,0.165331,0.735167,0.346903,0.932195,0.101008,0.269453,-0.136038,-0.103445,135.866022,-67.242987,-74.869793,-0.276874,-0.820446,-0.499396,0.268628,0.43313,-0.860161,0.922154,-0.3727,0.100773,0.31745,-0.118179,-0.100654,171.422563,-31.134756,-166.743841,-0.846012,0.027905,-0.531835,0.127606,0.980165,-0.15161,0.517053,-0.19619,-0.832787,0.396143,-0.144745,-0.111258,169.505928,-15.014245,-30.530394,-0.949324,-0.286235,0.126896,0.175845,-0.822584,-0.540123,0.259059,-0.490636,0.831925
0.246013,0.142763,-0.128448,-138.640253,-45.648347,111.006048,-0.52416,0.264115,-0.809011,-0.461455,0.710548,0.531028,0.715063,0.652054,-0.250379,0.294903,0.13908,-0.124653,-159.231077,-29.733955,-87.344782,-0.811597,-0.446906,0.375501,-0.307793,-0.218629,-0.925782,0.495973,-0.867227,0.040218,0.382191,0.176026,-0.129676,-135.471601,-20.2926,83.799916,-0.668281,0.32134,-0.670191,-0.657369,0.165269,0.734887,0.346815,0.932166,0.101267,0.269342,-0.135815,-0.103556,135.894394,-67.293066,-74.860548,-0.276564,-0.821013,-0.498784,0.268062,0.432705,-0.860589,0.922491,-0.372034,0.100657,0.317562,-0.118737,-0.100766,171.292399,-31.150891,-166.761181,-0.845368,0.03022,-0.532394,0.129474,0.980161,-0.150031,0.517294,-0.195856,-0.832501,0.39592,-0.145191,-0.111482,169.4014,-15.073192,-30.635521,-0.948996,-0.288496,0.126217,0.177576,-0.821243,-0.542031,0.260053,-0.492037,0.830813
0.246125,0.142763,-0.128448,-138.52931,-45.73416,111.006686,-0.522677,0.263485,-0.810423,-0.461949,0.711555,0.52932,0.716109,0.65127,-0.250086,0.294791,0.139303,-0.124541,-159.136164,-29.644425,-87.36739,-0.811901,-0.445399,0.376859,-0.309448,-0.218629,-0.925292,0.494616,-0.868068,0.039914,0.382191,0.176138,-0.129564,-135.464338,-20.263898,83.808534,-0.668281,0.320864,-0.670339,-0.657536,0.165144,0.734729,0.346345,0.932324,0.101142,0.26923,-0.135592,-0.103668,136.002626,-67.335187,-74.914713,-0.276564,-0.82155,-0.497882,0.267051,0.432172,-0.861167,0.922775,-0.371457,0.100125,0.317562,-0.118849,-0.100766,171.242522,-31.14705,-166.790641,-0.845236,0.031355,-0.532451,0.130207,0.980212,-0.149063,0.517236,-0.195424,-0.832583,0.396032,-0.145303,-0.111705,169.401205,-15.086963,-30.750892,-0.948673,-0.288836,0.125836,0.177519,-0.819854,-0.543708,0.260285,-0.493665,0.829747
0.246236,0.142763,-0.128336,-138.267288,-45.886811,110.954181,-0.518948,0.262249,-0.813004,-0.462898,0.713559,0.52572,0.717966,0.649524,-0.248733,0.29468,0.139526,-0.12443,-159.089131,-29.600946,-87.408957,-0.812159,-0.444833,0.377371,-0.31031,-0.218278,-0.925195,0.493956,-0.868563,0.039305,0.382079,0.176138,-0.129564,-135.464601,-20.283155,83.804326,-0.668281,0.321179,-0.670345,-0.65753,0.165206,0.734792,0.34666,0.932261,0.101205,0.26923,-0.13548,-0.103668,136.18291,-67.377357,-75.05962,-0.277184,-0.82192,-0.497216,0.265969,0.431744,-0.86179,0.923058,-0.371308,0.099078,0.317674,-0.119072,-0.101101,171.198773,-31.23343,-166.772754,-0.844769,0.03168,-0.533829,0.130796,0.98017,-0.148845,0.518526,-0.195598,-0.832157,0.396032,-0.145749,-0.111705,169.311389,-15.071301,-30.759253,-0.948807,-0.29005,0.12471,0.179084,-0.819705,-0.543998,0.260021,-0.493838,0.829762
0.246236,0.142763,-0.128225,-138.203972,-45.891427,110.898344,-0.518179,0.26227,-0.813242,-0.463241,0.713528,0.525388,0.718022,0.649491,-0.247995,0.29468,0.139526,-0.124318,-159.059725,-29.555172,-87.420027,-0.812112,-0.444216,0.377566,-0.31077,-0.217779,-0.924986,0.493261,-0.86882,0.039149,0.382079,0.17625,-0.129564,-135.450606,-20.264267,83.813156,-0.668281,0.320858,-0.670654,-0.657851,0.165081,0.734604,0.346351,0.932449,0.10108,0.26923,-0.135368,-0.103556,136.307942,-67.343557,-75.197163,-0.277876,-0.821433,-0.497333,0.265471,0.432088,-0.861694,0.922831,-0.371806,0.098255,0.317674,-0.119183,-0.101101,171.181747,-31.243793,-166.777518,-0.844258,0.031948,-0.534007,0.130973,0.980193,-0.148512,0.518681,-0.19542,-0.831711,0.396032,-0.145749,-0.11204,169.338819,-15.146014,-30.831617,-0.948549,-0.290448,0.125667,0.178565,-0.819027,-0.545173,0.26128,-0.494711,0.828845
0.246236,0.142763,-0.128225,-138.21583,-45.918314,110.93046,-0.518381,0.262226,-0.813537,-0.463229,0.71371,0.525271,0.718349,0.649406,-0.24838,0.294568,0.139526,-0.124206,-159.005276,-29.528401,-87.470589,-0.812019,-0.443967,0.378028,-0.311619,-0.217224,-0.924822,0.492855,-0.869077,0.038392,0.382079,0.176138,-0.129453,-135.48536,-20.229235,83.838542,-0.668912,0.320296,-0.670453,-0.657674,0.16471,0.734919,0.345777,0.932765,0.100696,0.26923,-0.135257,-0.103556,136.436835,-67.350412,-75.342825,-0.278569,-0.82122,-0.497486,0.264936,0.432326,-0.861788,0.922877,-0.372114,0.097325,0.317785,-0.119295,-0.101212,171.148271,-31.224509,-166.754831,-0.844302,0.03237,-0.533827,0.131485,0.980108,-0.148621,0.518393,-0.195778,-0.831753,0.396255,-0.145749,-0.11204,169.382257,-15.135882,-30.851297,-0.948683,-0.289779,0.125838,0.177845,-0.819027,-0.54533,0.261109,-0.495017,0.828712
0.246236,0.142763,-0.128225,-138.212548,-45.899839,110.966969,-0.518402,0.261498,-0.813615,-0.463301,0.714012,0.524756,0.718124,0.649334,-0.248827,0.294345,0.139638,-0.123983,-158.92255,-29.500746,-87.591192,-0.811788,-0.444059,0.378411,-0.312876,-0.215766,-0.924738,0.492435,-0.869392,0.036572,0.382079,0.176138,-0.129341,-135.488318,-20.173259,83.827296,-0.6689,0.319637,-0.670217,-0.657594,0.164275,0.73483,0.34486,0.932865,0.100892,0.26923,-0.135257,-0.103556,136.574522,-67.349112,-75.461991,-0.278952,-0.821145,-0.49711,0.264027,0.432349,-0.861983,0.922869,-0.372083,0.096491,0.317897,-0.119407,-0.101212,171.148271,-31.224509,-166.754831,-0.844302,0.03237,-0.533827,0.131485,0.980108,-0.148621,0.518393,-0.195778,-0.831753,0.396255,-0.145861,-0.11204,169.377958,-15.122452,-30.863775,-0.948354,-0.289706,0.125552,0.177857,-0.818514,-0.545465,0.260883,-0.495212,0.828627
0.246236,0.142763,-0.128336,-138.23829,-45.893778,110.99433,-0.518786,0.261391,-0.813541,-0.463225,0.714012,0.524862,0.718051,0.649409,-0.249211,0.294122,0.13975,-0.123872,-158.820283,-29.451179,-87.672176,-0.811651,-0.443501,0.379421,-0.314488,-0.21501,-0.924384,0.491682,-0.869882,0.035361,0.382191,0.17625,-0.129341,-135.474585,-20.173625,83.831927,-0.6689,0.319631,-0.670532,-0.657909,0.164212,0.734705,0.344866,0.932991,0.100829,0.269342,-0.135034,-0.103333,136.839399,-67.312007,-75.719771,-0.280504,-0.820701,-0.49686,0.263048,0.432349,-0.862254,0.922619,-0.372997,0.094939,0.318008,-0.11963,-0.101436,171.097368,-31.263214,-166.750074,-0.843791,0.033061,-0.534516,0.132174,0.980089,-0.148133,0.51897,-0.195756,-0.831349,0.396813,-0.145972,-0.112375,169.404474,-15.1511,-31.015733,-0.948771,-0.289962,0.125432,0.177481,-0.817638,-0.547675,0.261365,-0.497362,0.827235
0.246236,0.142763,-0.128336,-138.246575,-45.876662,110.989117,-0.518968,0.261419,-0.813364,-0.463253,0.71383,0.52507,0.717843,0.649586,-0.249211,0.29401,0.139861,-0.123648,-158.710634,-29.368954,-87.724277,-0.81191,-0.442214,0.380874,-0.316377,-0.214807,-0.923926,0.490432,-0.870736,0.034603,0.382079,0.176138,-0.129341,-135.471341,-20.165961,83.812463,-0.668888,0.319756,-0.67047,-0.657972,0.163903,0.734711,0.344741,0.932997,0.101151,0.269342,-0.13481,-0.103222,137.132557,-67.342637,-76.001258,-0.281821,-0.820706,-0.496462,0.261586,0.432265,-0.862832,0.922825,-0.373294,0.093064,0.318232,-0.119853,-0.101547,171.072986,-31.277337,-166.771727,-0.843703,0.03364,-0.534772,0.132528,0.980134,-0.147521,0.519181,-0.195434,-0.831391,0.396701,-0.146419,-0.112933,169.376375,-15.265826,-31.167111,-0.947942,-0.291648,0.126026,0.177807,-0.815625,-0.550188,0.263298,-0.499263,0.825451
0.246236,0.142763,-0.128336,-138.263154,-45.842444,110.978699,-0.519333,0.261474,-0.813011,-0.463308,0.713466,0.525486,0.717427,0.649939,-0.249211,0.293898,0.139973,-0.123313,-158.5953,-29.266165,-87.78631,-0.811775,-0.440827,0.381993,-0.318208,-0.213756,-0.923327,0.488867,-0.871471,0.033687,0.382079,0.17625,-0.129341,-135.464091,-20.137274,83.821119,-0.668888,0.31928,-0.670618,-0.658139,0.163777,0.734554,0.344271,0.933154,0.101025,0.269453,-0.134476,-0.103222,137.48312,-67.377071,-76.280921,-0.282828,-0.821044,-0.495142,0.259317,0.43175,-0.863727,0.923056,-0.373036,0.091068,0.318343,-0.120076,-0.101659,171.040603,-31.290048,-166.762895,-0.843703,0.034085,-0.535049,0.133017,0.980091,-0.147376,0.519371,-0.195579,-0.831434,0.396925,-0.146531,-0.113602,169.361551,-15.433838,-31.302843,-0.946985,-0.293582,0.12757,0.177881,-0.813818,-0.55259,0.266125,-0.500807,0.823591
0.246236,0.142763,-0.128336,-138.296962,-45.813173,110.958059,-0.520062,0.261958,-0.812598,-0.463408,0.712768,0.526405,0.717071,0.650559,-0.24918,0.293787,0.139973,-0.123313,-158.522744,-29.219832,-87.857622,-0.811991,-0.440306,0.382753,-0.319479,-0.213204,-0.923187,0.488162,-0.872051,0.032623,0.382079,0.17625,-0.129229,-135.453867,-20.120168,83.8061,-0.668876,0.319245,-0.67071,-0.658362,0.163405,0.734466,0.34399,0.933254,0.101283,0.269565,-0.134476,-0.103333,137.581276,-67.443803,-76.336915,-0.282354,-0.821587,-0.494384,0.257994,0.431577,-0.864177,0.923504,-0.371964,0.090421,0.318343,-0.1203,-0.101882,171.005148,-31.330263,-166.762157,-0.843193,0.034543,-0.535715,0.133471,0.980092,-0.146954,0.51997,-0.195491,-0.83101,0.396478,-0.146642,-0.113937,169.315621,-15.582332,-31.320293,-0.946333,-0.29557,0.12913,0.178544,-0.813353,-0.553344,0.268623,-0.500706,0.822859
0.246236,0.142763,-0.128336,-138.290604,-45.783782,110.914712,-0.520225,0.262238,-0.812334,-0.463656,0.71222,0.526906,0.716713,0.651029,-0.248795,0.293898,0.139973,-0.123313,-158.496591,-29.174734,-87.88904,-0.812252,-0.439766,0.382941,-0.32001,-0.212705,-0.923152,0.487475,-0.872481,0.03216,0.382079,0.176361,-0.129229,-135.413545,-20.076662,83.803375,-0.668555,0.318634,-0.671235,-0.658973,0.163153,0.733934,0.343277,0.933476,0.101352,0.269565,-0.134476,-0.103445,137.559072,-67.512386,-76.252074,-0.281421,-0.822476,-0.493421,0.257341,0.430928,-0.864691,0.923962,-0.37074,0.090705,0.318343,-0.120411,-0.101882,170.951641,-31.352645,-166.742772,-0.842726,0.035188,-0.53618,0.134204,0.980028,-0.146708,0.520304,-0.195693,-0.830608,0.396478,-0.146531,-0.113937,169.330318,-15.623897,-31.229538,-0.94598,-0.295487,0.130331,0.178226,-0.814021,-0.552122,0.269322,-0.499291,0.823468
0.246125,0.142875,-0.128336,-138.30164,-45.765422,110.903889,-0.52059,0.262384,-0.812173,-0.463802,0.711855,0.527307,0.71649,0.651398,-0.248795,0.29401,0.140084,-0.123202,-158.429248,-29.13705,-87.919177,-0.811857,-0.439272,0.38357,-0.320958,-0.212153,-0.922735,0.4869,-0.872636,0.031706,0.382079,0.176473,-0.129118,-135.392918,-20.023212,83.777666,-0.668532,0.318249,-0.671414,-0.659425,0.162344,0.733695,0.342401,0.933738,0.101805,0.269677,-0.134587,-0.103556,137.501143,-67.56189,-76.176499,-0.281036,-0.823051,-0.493169,0.257512,0.430474,-0.864989,0.924292,-0.370278,0.09111,0.318232,-0.120523,-0.101994,170.906348,-31.380287,-166.74437,-0.842682,0.035912,-0.536701,0.13488,0.980006,-0.14625,0.520716,-0.195684,-0.830673,0.396478,-0.146307,-0.113714,169.378997,-15.603588,-31.177933,-0.946363,-0.29452,0.130775,0.177466,-0.814945,-0.55123,0.26898,-0.498605,0.82401
0.246125,0.142875,-0.128448,-138.292628,-45.737345,110.866241,-0.520571,0.262545,-0.811893,-0.463932,0.71149,0.527615,0.716148,0.651675,-0.248411,0.294122,0.140196,-0.123425,-158.402873,-29.17666,-87.947748,-0.811507,-0.439896,0.383868,-0.321251,-0.212248,-0.922687,0.487504,-0.872379,0.031261,0.382191,0.176361,-0.129118,-135.382502,-19.986876,83.766965,-0.66852,0.317899,-0.671501,-0.659653,0.161908,0.733544,0.341805,0.9339,0.101999,0.269565,-0.134587,-0.103668,137.421874,-67.552541,-76.080957,-0.280651,-0.823197,-0.492998,0.257875,0.430237,-0.864962,0.92423,-0.370142,0.091731,0.31812,-0.120411,-0.101882,170.910675,-31.407808,-166.726015,-0.84226,0.035556,-0.537089,0.134747,0.979984,-0.146507,0.521126,-0.195849,-0.830185,0.396367,-0.145972,-0.113602,169.474214,-15.574877,-31.162138,-0.947017,-0.292911,0.131361,0.17596,-0.81587,-0.550723,0.268497,-0.498458,0.824281
0.246125,0.142875,-0.128448,-138.303697,-45.719003,110.855451,-0.520937,0.26269,-0.811732,-0.464077,0.711124,0.528016,0.715924,0.652044,-0.248411,0.294456,0.140196,-0.123648,-158.474975,-29.20385,-87.927456,-0.811507,-0.440465,0.382753,-0.320071,-0.211952,-0.923037,0.487918,-0.872028,0.031557,0.382191,0.176473,-0.129006,-135.381047,-19.929387,83.761616,-0.668819,0.317328,-0.671614,-0.659981,0.161097,0.733492,0.340862,0.934285,0.102129,0.269565,-0.134587,-0.10378,137.305679,-67.579021,-75.916856,-0.279646,-0.823819,-0.492355,0.257999,0.429674,-0.86516,0.924406,-0.369307,0.092648,0.317785,-0.120188,-0.101771,170.914695,-31.408539,-166.741268,-0.842216,0.035624,-0.537078,0.13468,0.980028,-0.146274,0.521137,-0.195616,-0.830185,0.396032,-0.145749,-0.113268,169.478118,-15.553249,-31.119061,-0.947074,-0.292566,0.131314,0.175904,-0.816281,-0.550041,0.268134,-0.497888,0.824738
0.246125,0.142875,-0.128448,-138.289125,-45.706725,110.817391,-0.520918,0.262943,-0.811645,-0.464298,0.710758,0.528308,0.715775,0.652337,-0.248026,0.294791,0.140196,-0.123872,-158.503948,-29.249637,-87.916521,-0.811551,-0.441079,0.382554,-0.319614,-0.21245,-0.923248,0.488616,-0.871774,0.031715,0.382302,0.176585,-0.128894,-135.344632,-19.887668,83.735199,-0.668487,0.317005,-0.671922,-0.660493,0.160596,0.73306,0.340177,0.934418,0.10258,0.269453,-0.134587,-0.104003,137.16104,-67.649593,-75.689286,-0.278259,-0.825051,-0.491184,0.258022,0.428547,-0.865738,0.924876,-0.367926,0.093856,0.31745,-0.119965,-0.101659,170.888896,-31.438403,-166.762179,-0.842129,0.036182,-0.537567,0.135055,0.980072,-0.145651,0.521582,-0.195307,-0.830228,0.395808,-0.145526,-0.113268,169.532495,-15.606386,-31.091412,-0.946804,-0.292158,0.132733,0.174924,-0.816539,-0.549652,0.269027,-0.497352,0.82475
0.246125,0.142875,-0.128448,-138.271822,-45.695731,110.784952,-0.520717,0.263077,-0.811542,-0.464401,0.710575,0.528409,0.715641,0.652438,-0.247642,0.295015,0.140196,-0.123983,-158.501123,-29.248958,-87.896039,-0.811246,-0.441005,0.382565,-0.31954,-0.21245,-0.923073,0.488605,-0.871599,0.03202,0.382302,0.176585,-0.129006,-135.341706,-19.899207,83.711522,-0.668476,0.317446,-0.671866,-0.66055,0.16035,0.733128,0.340367,0.934361,0.102964,0.269342,-0.134587,-0.104338,136.987654,-67.768571,-75.455948,-0.2764,-0.826401,-0.490311,0.257858,0.427783,-0.866253,0.925663,-0.365988,0.094951,0.317227,-0.119965,-0.101436,170.847942,-31.419091,-166.765898,-0.842085,0.036971,-0.537388,0.135665,0.980049,-0.145225,0.521294,-0.195265,-0.830294,0.395474,-0.145303,-0.113156,169.542331,-15.657834,-31.0598,-0.946534,-0.292376,0.133718,0.174706,-0.816746,-0.54931,0.269892,-0.496769,0.824812
0.246236,0.142875,-0.128448,-138.280186,-45.678687,110.779809,-0.5209,0.263104,-0.811366,-0.464428,0.710392,0.528617,0.715433,0.652615,-0.247642,0.295126,0.140308,-0.124095,-158.513289,-29.238144,-87.906811,-0.811551,-0.440926,0.382379,-0.319461,-0.212302,-0.923238,0.488441,-0.871784,0.031863,0.382302,0.176585,-0.129229,-135.326649,-19.924226,83.663108,-0.668144,0.318234,-0.67172,-0.660569,0.160168,0.733103,0.340777,0.934087,0.103733,0.269342,-0.134587,-0.104338,136.894415,-67.766019,-75.325665,-0.275471,-0.826665,-0.48982,0.257831,0.427564,-0.866225,0.925646,-0.365305,0.095661,0.317116,-0.119965,-0.101436,170.850522,-31.435496,-166.780433,-0.842042,0.037017,-0.53761,0.135619,0.980093,-0.144981,0.521538,-0.195043,-0.830294,0.39525,-0.14508,-0.112933,169.572629,-15.651359,-31.065888,-0.946997,-0.291943,0.133879,0.174274,-0.817209,-0.549325,0.269783,-0.496889,0.824812
0.246236,0.142875,-0.128448,-138.265658,-45.666421,110.741794,-0.520882,0.263356,-0.811278,-0.464649,0.710025,0.52891,0.715283,0.652907,-0.247258,0.295238,0.140308,-0.124206,-158.522529,-29.269027,-87.895681,-0.811246,-0.441355,0.382259,-0.31919,-0.21245,-0.923221,0.488911,-0.87145,0.03202,0.382302,0.176585,-0.129229,-135.345501,-19.900976,83.687638,-0.668465,0.317732,-0.671648,-0.660452,0.160104,0.733227,0.340396,0.934272,0.103349,0.269342,-0.134587,-0.104338,136.873634,-67.779791,-75.318679,-0.275708,-0.826765,-0.490039,0.258241,0.427436,-0.866298,0.925737,-0.365542,0.095771,0.317004,-0.119853,-0.101324,170.867436,-31.42129,-166.785238,-0.842042,0.036806,-0.537355,0.135364,0.980115,-0.14506,0.521327,-0.194964,-0.830272,0.395027,-0.144856,-0.113044,169.598968,-15.700609,-31.05157,-0.946862,-0.291955,0.134901,0.173799,-0.817417,-0.549188,0.270611,-0.496564,0.824738
0.246236,0.142987,-0.128448,-138.244896,-45.650112,110.734133,-0.521065,0.26309,-0.811477,-0.465152,0.709779,0.528865,0.715084,0.653336,-0.24732,0.295349,0.140196,-0.12443,-158.560898,-29.303323,-87.875022,-0.81129,-0.441816,0.381885,-0.31858,-0.2128,-0.923421,0.489433,-0.871205,0.032326,0.382302,0.176585,-0.129341,-135.32981,-19.931901,83.682501,-0.668155,0.318108,-0.671782,-0.660507,0.160478,0.733097,0.340903,0.934082,0.103412,0.269342,-0.134587,-0.104449,136.823946,-67.764757,-75.235533,-0.275326,-0.826946,-0.489593,0.258332,0.427089,-0.866352,0.925638,-0.365323,0.09628,0.316892,-0.119742,-0.101212,170.877139,-31.410903,-166.806953,-0.842465,0.036906,-0.537178,0.135286,0.980158,-0.144859,0.521172,-0.194742,-0.830739,0.395027,-0.144745,-0.112933,169.6221,-15.678826,-31.054158,-0.946862,-0.291426,0.134805,0.173404,-0.817365,-0.549106,0.270245,-0.496646,0.82479
0.246236,0.142987,-0.12856,-138.265039,-45.640594,110.730043,-0.521249,0.263309,-0.811209,-0.464986,0.709627,0.529191,0.714968,0.653394,-0.247289,0.295461,0.140196,-0.12443,-158.590006,-29.30673,-87.8655,-0.81164,-0.441849,0.381632,-0.318242,-0.213002,-0.923638,0.489485,-0.871295,0.032474,0.382302,0.176585,-0.129341,-135.345966,-19.939407,83.679091,-0.668465,0.318363,-0.671659,-0.660441,0.160231,0.733352,0.341026,0.934148,0.103476,0.26923,-0.134699,-0.104449,136.686972,-67.791047,-75.089975,-0.274398,-0.827292,-0.489529,0.258698,0.42698,-0.866297,0.925812,-0.364666,0.097099,0.316781,-0.11963,-0.101212,170.89663,-31.413096,-166.826291,-0.842421,0.03674,-0.537146,0.134985,0.980223,-0.144693,0.521205,-0.194441,-0.830717,0.395027,-0.144633,-0.112821,169.653075,-15.649256,-31.013733,-0.94692,-0.290616,0.134891,0.172886,-0.817776,-0.548371,0.269748,-0.496127,0.825247
0.246236,0.142987,-0.12856,-138.239391,-45.646642,110.702766,-0.520864,0.263416,-0.811283,-0.465062,0.709627,0.529084,0.715042,0.653318,-0.246904,0.295573,0.140308,-0.124653,-158.585788,-29.326887,-87.83404,-0.811029,-0.442029,0.381675,-0.318071,-0.21315,-0.923372,0.489792,-0.87086,0.032937,0.382302,0.176585,-0.129341,-135.345734,-19.920191,83.683363,-0.668465,0.318048,-0.671654,-0.660446,0.160168,0.73329,0.340711,0.93421,0.103412,0.269118,-0.134699,-0.104673,136.473564,-67.849088,-74.856528,-0.27309,-0.828057,-0.489327,0.259393,0.426523,-0.866405,0.926194,-0.363681,0.098425,0.316669,-0.119518,-0.100989,170.944135,-31.375015,-166.872829,-0.842802,0.036485,-0.536448,0.134329,0.980354,-0.144416,0.520637,-0.193828,-0.83114,0.394469,-0.144298,-0.112486,169.653479,-15.682997,-30.925306,-0.947039,-0.290721,0.135817,0.172901,-0.818858,-0.547207,0.270315,-0.494784,0.825896
0.246236,0.142987,-0.12856,-138.242169,-45.64536,110.697196,-0.521048,0.263535,-0.811299,-0.465181,0.709444,0.529276,0.715026,0.65351,-0.246904,0.295796,0.140419,-0.124876,-158.609042,-29.345283,-87.793617,-0.811119,-0.442076,0.381692,-0.317726,-0.213851,-0.923402,0.490072,-0.870741,0.033548,0.382525,0.176473,-0.129341,-135.394651,-19.923331,83.695515,-0.669096,0.318121,-0.671149,-0.659941,0.159985,0.733857,0.340762,0.934274,0.103219,0.269007,-0.134699,-0.104896,136.302198,-67.935081,-74.617152,-0.271475,-0.829265,-0.488358,0.259407,0.425626,-0.866887,0.926759,-0.362083,0.099618,0.316446,-0.119295,-0.100766,170.941182,-31.331854,-166.891847,-0.843225,0.036861,-0.535826,0.134441,0.980375,-0.14417,0.519994,-0.193651,-0.831628,0.394134,-0.144187,-0.112486,169.633182,-15.740723,-30.875186,-0.946637,-0.291373,0.136698,0.173174,-0.819067,-0.546685,0.271285,-0.493918,0.826089
0.246236,0.142987,-0.12856,-138.242169,-45.64536,110.697196,-0.521048,0.263535,-0.811299,-0.465181,0.709444,0.529276,0.715026,0.65351,-0.246904,0.296131,0.140419,-0.125099,-158.661,-29.390302,-87.793253,-0.811469,-0.442788,0.381155,-0.317015,-0.214201,-0.923851,0.490756,-0.870597,0.033548,0.382525,0.176585,-0.129341,-135.391032,-19.877233,83.68466,-0.669085,0.317616,-0.671076,-0.660014,0.159548,0.733737,0.340006,0.934403,0.103412,0.269118,-0.134922,-0.105008,135.9993,-67.899978,-74.269426,-0.269792,-0.829628,-0.487908,0.260541,0.425151,-0.866584,0.926528,-0.36134,0.101776,0.316334,-0.119183,-0.100654,170.951015,-31.344432,-166.889513,-0.842758,0.036595,-0.53597,0.134219,0.980397,-0.144205,0.520182,-0.193573,-0.83114,0.394134,-0.143852,-0.112598,169.687779,-15.827896,-30.759434,-0.946492,-0.291063,0.139041,0.172215,-0.820415,-0.545128,0.272749,-0.492041,0.826737
0.246236,0.142875,-0.12856,-138.259544,-45.637132,110.698682,-0.521048,0.263635,-0.811015,-0.464897,0.709475,0.52941,0.714926,0.653376,-0.246873,0.296242,0.140308,-0.125211,-158.708713,-29.41994,-87.802335,-0.811074,-0.443563,0.380058,-0.316083,-0.213352,-0.924081,0.491207,-0.870106,0.033391,0.382525,0.176585,-0.129341,-135.404952,-19.896125,83.675695,-0.669085,0.317936,-0.670766,-0.659694,0.159675,0.733925,0.340316,0.934215,0.103539,0.269118,-0.135034,-0.105119,135.941159,-67.935793,-74.218769,-0.269246,-0.829828,-0.488015,0.260543,0.425279,-0.866558,0.926763,-0.360821,0.101974,0.316111,-0.119183,-0.100766,170.925607,-31.401089,-166.876872,-0.842292,0.036731,-0.536858,0.134527,0.980375,-0.144072,0.521026,-0.193662,-0.830695,0.394692,-0.144075,-0.113156,169.703238,-15.883218,-30.772299,-0.946163,-0.291327,0.13991,0.171892,-0.820165,-0.545411,0.273678,-0.492087,0.826391
0.246236,0.142875,-0.12856,-138.262321,-45.635853,110.693113,-0.521231,0.263753,-0.81103,-0.465015,0.709292,0.529602,0.71491,0.653569,-0.246873,0.296354,0.140196,-0.125211,-158.753044,-29.439271,-87.812575,-0.81138,-0.44401,0.379414,-0.315479,-0.213204,-0.924467,0.491501,-0.87007,0.033233,0.382637,0.176473,-0.129453,-135.437965,-19.910973,83.687002,-0.669406,0.31807,-0.67039,-0.65925,0.159802,0.7343,0.34056,0.934151,0.103346,0.269453,-0.135145,-0.104896,136.169483,-67.888922,-74.520072,-0.271167,-0.82883,-0.489005,0.260317,0.426066,-0.866331,0.926456,-0.362402,0.100366,0.316111,-0.119183,-0.100878,170.914692,-31.43095,-166.844919,-0.842378,0.036553,-0.537346,0.134706,0.980289,-0.144517,0.521471,-0.194151,-0.830695,0.395808,-0.144521,-0.113714,169.719561,-15.847156,-30.877953,-0.946174,-0.291021,0.139021,0.171615,-0.81908,-0.546781,0.273072,-0.493688,0.825614
0.246236,0.142987,-0.12856,-138.262321,-45.635853,110.693113,-0.521231,0.263753,-0.81103,-0.465015,0.709292,0.529602,0.71491,0.653569,-0.246873,0.296466,0.140308,-0.125211,-158.741859,-29.410113,-87.863846,-0.811596,-0.443883,0.37921,-0.315745,-0.212355,-0.924602,0.491058,-0.870375,0.032465,0.382637,0.176473,-0.129453,-135.44738,-19.928263,83.68382,-0.669716,0.31848,-0.670427,-0.659338,0.159555,0.734523,0.340843,0.934249,0.103409,0.269677,-0.135145,-0.104673,136.502537,-67.804731,-74.920628,-0.273471,-0.827448,-0.489857,0.259491,0.427089,-0.866023,0.925902,-0.364228,0.098136,0.315999,-0.119183,-0.100878,170.876638,-31.454838,-166.829581,-0.841912,0.036965,-0.537789,0.135205,0.980245,-0.144338,0.521826,-0.194286,-0.830272,0.394581,-0.144521,-0.113714,169.623692,-16.003522,-30.962934,-0.945264,-0.293938,0.139884,0.173084,-0.817657,-0.548638,0.275696,-0.494532,0.824247
