Sensor #1 X,Sensor #1 Y,Sensor #1 Z,"Sensor #1 Euler Angles (Z Y'X"") Z","Sensor #1 Euler Angles (Z Y'X"") Y'","Sensor #1 Euler Angles (Z Y'X"") X""","Sensor #1 Rotation Matrix M0,0","Sensor #1 Rotation Matrix M0,1","Sensor #1 Rotation Matrix M0,2","Sensor #1 Rotation Matrix M1,0","Sensor #1 Rotation Matrix M1,1","Sensor #1 Rotation Matrix M1,2","Sensor #1 Rotation Matrix M2,0","Sensor #1 Rotation Matrix M2,1","Sensor #1 Rotation Matrix M2,2",Sensor #2 X,Sensor #2 Y,Sensor #2 Z,"Sensor #2 Euler Angles (Z Y'X"") Z","Sensor #2 Euler Angles (Z Y'X"") Y'","Sensor #2 Euler Angles (Z Y'X"") X""","Sensor #2 Rotation Matrix M0,0","Sensor #2 Rotation Matrix M0,1","Sensor #2 Rotation Matrix M0,2","Sensor #2 Rotation Matrix M1,0","Sensor #2 Rotation Matrix M1,1","Sensor #2 Rotation Matrix M1,2","Sensor #2 Rotation Matrix M2,0","Sensor #2 Rotation Matrix M2,1","Sensor #2 Rotation Matrix M2,2",Sensor #3 X,Sensor #3 Y,Sensor #3 Z,"Sensor #3 Euler Angles (Z Y'X"") Z","Sensor #3 Euler Angles (Z Y'X"") Y'","Sensor #3 Euler Angles (Z Y'X"") X""","Sensor #3 Rotation Matrix M0,0","Sensor #3 Rotation Matrix M0,1","Sensor #3 Rotation Matrix M0,2","Sensor #3 Rotation Matrix M1,0","Sensor #3 Rotation Matrix M1,1","Sensor #3 Rotation Matrix M1,2","Sensor #3 Rotation Matrix M2,0","Sensor #3 Rotation Matrix M2,1","Sensor #3 Rotation Matrix M2,2",Sensor #4 X,Sensor #4 Y,Sensor #4 Z,"Sensor #4 Euler Angles (Z Y'X"") Z","Sensor #4 Euler Angles (Z Y'X"") Y'","Sensor #4 Euler Angles (Z Y'X"") X""","Sensor #4 Rotation Matrix M0,0","Sensor #4 Rotation Matrix M0,1","Sensor #4 Rotation Matrix M0,2","Sensor #4 Rotation Matrix M1,0","Sensor #4 Rotation Matrix M1,1","Sensor #4 Rotation Matrix M1,2","Sensor #4 Rotation Matrix M2,0","Sensor #4 Rotation Matrix M2,1","Sensor #4 Rotation Matrix M2,2",Sensor #5 X,Sensor #5 Y,Sensor #5 Z,"Sensor #5 Euler Angles (Z Y'X"") Z","Sensor #5 Euler Angles (Z Y'X"") Y'","Sensor #5 Euler Angles (Z Y'X"") X""","Sensor #5 Rotation Matrix M0,0","Sensor #5 Rotation Matrix M0,1","Sensor #5 Rotation Matrix M0,2","Sensor #5 Rotation Matrix M1,0","Sensor #5 Rotation Matrix M1,1","Sensor #5 Rotation Matrix M1,2","Sensor #5 Rotation Matrix M2,0","Sensor #5 Rotation Matrix M2,1","Sensor #5 Rotation Matrix M2,2",Sensor #6 X,Sensor #6 Y,Sensor #6 Z,"Sensor #6 Euler Angles (Z Y'X"") Z","Sensor #6 Euler Angles (Z Y'X"") Y'","Sensor #6 Euler Angles (Z Y'X"") X""","Sensor #6 Rotation Matrix M0,0","Sensor #6 Rotation Matrix M0,1","Sensor #6 Rotation Matrix M0,2","Sensor #6 Rotation Matrix M1,0","Sensor #6 Rotation Matrix M1,1","Sensor #6 Rotation Matrix M1,2","Sensor #6 Rotation Matrix M2,0","Sensor #6 Rotation Matrix M2,1","Sensor #6 Rotation Matrix M2,2"
0.0,0.0,0.0,0.0,0.0,0.0,0.0,0.0,0.0,0.0,0.0,0.0,0.0,0.0,0.0,0.0,0.0,0.0,0.0,0.0,0.0,0.0,0.0,0.0,0.0,0.0,0.0,0.0,0.0,0.0,0.0,0.0,0.0,0.0,0.0,0.0,0.0,0.0,0.0,0.0,0.0,0.0,0.0,0.0,0.0,0.0,0.0,0.0,0.0,0.0,0.0,0.0,0.0,0.0,0.0,0.0,0.0,0.0,0.0,0.0,0.0,0.0,0.0,0.0,0.0,0.0,0.0,0.0,0.0,0.0,0.0,0.0,0.0,0.0,0.0,0.0,0.0,0.0,0.0,0.0,0.0,0.0,0.0,0.0,0.0,0.0,0.0,0.0,0.0,0.0
0.0,0.0,0.0,0.0,0.0,0.0,0.0,0.0,0.0,0.0,0.0,0.0,0.0,0.0,0.0,0.0,0.0,0.0,0.0,0.0,0.0,0.0,0.0,0.0,0.0,0.0,0.0,0.0,0.0,0.0,0.0,0.0,0.0,0.0,0.0,0.0,0.0,0.0,0.0,0.0,0.0,0.0,0.0,0.0,0.0,0.0,0.0,0.0,0.0,0.0,0.0,0.0,0.0,0.0,0.0,0.0,0.0,0.0,0.0,0.0,0.0,0.0,0.0,0.0,0.0,0.0,0.0,0.0,0.0,0.0,0.0,0.0,0.0,0.0,0.0,0.0,0.0,0.0,0.0,0.0,0.0,0.0,0.0,0.0,0.0,0.0,0.0,0.0,0.0,0.0
0.234962,0.188082,-0.205355,-61.412384,33.572078,62.24411,0.39863,0.642883,-0.653918,-0.731515,-0.206951,-0.64937,-0.552986,0.737222,0.387968,0.267333,0.215429,-0.21261,-111.987485,14.325987,-161.244138,-0.362648,-0.847987,0.385767,-0.898149,0.428604,0.09685,-0.247438,-0.3114,-0.917047,0.336649,0.249808,-0.185263,-149.059536,10.767161,47.272177,-0.842166,0.230866,-0.486271,-0.504834,-0.652013,0.564913,-0.186818,0.721585,0.666508,0.318008,-0.199216,-0.092059,-38.395108,-85.209165,148.757641,0.063778,-0.936076,0.345457,-0.050541,-0.348546,-0.935656,0.996506,0.042046,-0.06931,0.356853,-0.147982,-0.098868,-145.520258,-66.511444,160.447574,-0.327881,-0.280179,-0.901859,-0.225176,0.950662,-0.21334,0.91714,0.133107,-0.374793,0.426951,-0.136596,-0.161711,178.534479,-25.001035,-36.681951,-0.905999,-0.272899,0.323548,0.023179,-0.795239,-0.605845,0.422635,-0.541398,0.726819
0.234628,0.189198,-0.205578,-60.848484,33.727485,62.647419,0.405043,0.64116,-0.651574,-0.726181,-0.207037,-0.655116,-0.555243,0.738532,0.382044,0.266998,0.216768,-0.212387,-111.630823,14.640698,-161.183556,-0.356589,-0.849698,0.387954,-0.899227,0.424891,0.103491,-0.252757,-0.311982,-0.91558,0.335979,0.251706,-0.184705,-148.74321,11.027485,47.047229,-0.838811,0.233709,-0.491111,-0.509139,-0.654835,0.558069,-0.19128,0.718362,0.668777,0.319906,-0.198434,-0.089157,-22.886236,-85.398812,133.255637,0.071466,-0.934907,0.347022,-0.030168,-0.349542,-0.936111,0.996777,0.056233,-0.052909,0.35875,-0.147982,-0.099985,-141.886659,-69.211553,157.488231,-0.278457,-0.288215,-0.915796,-0.218443,0.947916,-0.23175,0.934897,0.13549,-0.326912,0.42829,-0.136261,-0.165283,178.869118,-25.261238,-35.546997,-0.9039,-0.264133,0.335655,0.017843,-0.808277,-0.5881,0.426746,-0.525751,0.735798
0.282178,0.165311,-0.103556,-133.189277,-64.257565,114.158298,-0.29666,0.264059,-0.917337,-0.316029,0.87962,0.35542,0.900756,0.395564,-0.177427,0.325934,0.160176,-0.111593,-165.816609,-37.538052,-82.395132,-0.7684,-0.553183,0.320833,-0.194198,-0.275853,-0.941141,0.609288,-0.785779,0.104913,0.406747,0.18797,-0.133024,-145.869692,-32.81962,98.543869,-0.695379,0.360252,-0.621404,-0.471344,0.423943,0.773259,0.541996,0.830851,-0.124822,0.275927,-0.163609,-0.101436,173.517906,-54.274676,-99.61734,-0.579232,-0.776317,-0.246421,0.065812,0.257164,-0.963856,0.811826,-0.575049,-0.097441,0.325375,-0.145303,-0.095966,176.694628,-34.33972,-174.101571,-0.823919,-0.000532,-0.566102,0.047584,0.996396,-0.070207,0.564099,-0.084811,-0.820924,0.40898,-0.165283,-0.113268,168.660306,-18.725805,-30.474521,-0.928487,-0.32909,0.17157,0.186199,-0.812922,-0.551655,0.32104,-0.480305,0.816226
0.281843,0.165422,-0.103668,-133.607385,-64.095421,114.479703,-0.300871,0.26457,-0.915923,-0.315864,0.878799,0.357617,0.899523,0.397068,-0.180784,0.32571,0.160065,-0.111705,-165.838539,-37.597729,-82.390104,-0.767754,-0.554079,0.320568,-0.193722,-0.275805,-0.941188,0.610114,-0.785087,0.104891,0.406636,0.188082,-0.133136,-145.851305,-32.85532,98.548989,-0.694595,0.360412,-0.621612,-0.471138,0.424745,0.772787,0.54252,0.830225,-0.124804,0.275816,-0.163609,-0.101436,173.56417,-54.051054,-99.609429,-0.582754,-0.774362,-0.245033,0.065735,0.255873,-0.964297,0.80954,-0.578407,-0.097928,0.325487,-0.145414,-0.096078,176.64755,-34.337705,-174.043422,-0.823979,-0.000283,-0.566131,0.048267,0.996324,-0.070761,0.56407,-0.085655,-0.820936,0.409203,-0.165506,-0.113379,168.607895,-18.708143,-30.46563,-0.928027,-0.329614,0.170878,0.18699,-0.812334,-0.551617,0.320748,-0.480209,0.816353
0.281843,0.165422,-0.103668,-133.694221,-64.059466,114.56344,-0.301621,0.264382,-0.915648,-0.315693,0.878799,0.357749,0.899249,0.397176,-0.181535,0.325599,0.159953,-0.111593,-165.824691,-37.603711,-82.380726,-0.767825,-0.553996,0.320998,-0.193937,-0.276318,-0.941106,0.610196,-0.785099,0.105023,0.406636,0.18797,-0.133136,-145.883789,-32.901613,98.573373,-0.6947,0.360987,-0.621489,-0.470634,0.42506,0.773011,0.543198,0.829897,-0.125116,0.275927,-0.163609,-0.101547,173.625272,-53.955167,-99.608297,-0.584177,-0.773676,-0.243823,0.065265,0.254914,-0.964585,0.808557,-0.579749,-0.098144,0.32571,-0.145638,-0.096189,176.54895,-34.360872,-173.96731,-0.823574,0.000642,-0.566584,0.049666,0.996233,-0.071082,0.564403,-0.086712,-0.820501,0.409315,-0.165506,-0.113379,168.603972,-18.694118,-30.452804,-0.928354,-0.329548,0.170713,0.187122,-0.812731,-0.55142,0.320516,-0.480079,0.81655
0.281843,0.165422,-0.103556,-133.768918,-64.069481,114.618968,-0.301997,0.264694,-0.915485,-0.315261,0.878815,0.358102,0.899325,0.396943,-0.181894,0.325487,0.159953,-0.111593,-165.869971,-37.598617,-82.357585,-0.767825,-0.554066,0.320353,-0.193292,-0.276008,-0.941201,0.610126,-0.785004,0.105333,0.406636,0.187858,-0.133136,-145.962316,-32.925846,98.621234,-0.69517,0.361345,-0.620782,-0.469564,0.425392,0.773486,0.543553,0.829579,-0.125776,0.275927,-0.16372,-0.101436,173.575527,-53.890699,-99.601072,-0.584857,-0.772815,-0.244514,0.065855,0.255535,-0.964332,0.807894,-0.580543,-0.098203,0.32571,-0.145526,-0.096189,176.512434,-34.343079,-173.941554,-0.823594,0.001045,-0.566375,0.050194,0.996199,-0.071173,0.564147,-0.087086,-0.820514,0.409426,-0.165618,-0.113491,168.573179,-18.700168,-30.43339,-0.92822,-0.329977,0.170613,0.187614,-0.812731,-0.551253,0.320616,-0.479785,0.816684
0.281955,0.165422,-0.103556,-133.811282,-64.064302,114.670934,-0.302252,0.264486,-0.915437,-0.315061,0.878935,0.357978,0.899285,0.396811,-0.182269,0.325264,0.159841,-0.111482,-165.878398,-37.60422,-82.358968,-0.768183,-0.554096,0.320431,-0.193262,-0.276366,-0.941345,0.610204,-0.785148,0.105333,0.406636,0.187747,-0.133248,-146.011161,-32.96673,98.671101,-0.69538,0.361687,-0.620562,-0.468843,0.425967,0.773666,0.544152,0.829189,-0.126456,0.276039,-0.16372,-0.101324,173.586424,-53.800414,-99.625459,-0.58669,-0.77192,-0.244297,0.065949,0.255217,-0.96457,0.806965,-0.582138,-0.098727,0.325822,-0.145638,-0.096301,176.501168,-34.374954,-173.908939,-0.823634,0.00088,-0.566847,0.050359,0.996159,-0.071632,0.564606,-0.087558,-0.820514,0.409538,-0.165729,-0.113491,168.534942,-18.690254,-30.397686,-0.927953,-0.330307,0.170316,0.188205,-0.812668,-0.550823,0.320452,-0.479295,0.817014
0.281955,0.165311,-0.103556,-133.830088,-64.072677,114.688162,-0.302132,0.264529,-0.915373,-0.31473,0.879063,0.357934,0.899349,0.39648,-0.182261,0.325152,0.159841,-0.11137,-165.857413,-37.588224,-82.35833,-0.767825,-0.553887,0.320497,-0.193471,-0.276008,-0.941123,0.609982,-0.785081,0.105333,0.406747,0.187635,-0.133136,-146.059903,-32.974278,98.723319,-0.69533,0.36149,-0.620099,-0.467949,0.426785,0.773584,0.544262,0.828694,-0.127153,0.276151,-0.16372,-0.101212,173.621331,-53.671563,-99.674145,-0.58805,-0.770503,-0.244322,0.065739,0.255835,-0.964281,0.805634,-0.583511,-0.09947,0.325934,-0.145638,-0.096301,176.45726,-34.368052,-173.864134,-0.82321,0.001198,-0.566802,0.050966,0.996105,-0.071943,0.564507,-0.088159,-0.820062,0.409649,-0.165953,-0.113602,168.499729,-18.670467,-30.393995,-0.927953,-0.330635,0.169722,0.188799,-0.812541,-0.550819,0.320125,-0.479299,0.817141
0.281955,0.165311,-0.103556,-133.904884,-64.082665,114.743798,-0.302508,0.264841,-0.91521,-0.314298,0.879078,0.358287,0.899426,0.396247,-0.182621,0.324929,0.159841,-0.111258,-165.834774,-37.59077,-82.369898,-0.767825,-0.553852,0.320819,-0.193794,-0.276163,-0.941076,0.610018,-0.785129,0.105178,0.406971,0.187635,-0.133024,-146.102985,-32.948451,98.797716,-0.695907,0.360701,-0.619947,-0.467577,0.427289,0.773541,0.543884,0.828787,-0.128269,0.276151,-0.16372,-0.101101,173.615351,-53.583065,-99.672111,-0.589273,-0.769587,-0.244244,0.065938,0.255786,-0.964279,0.804718,-0.584737,-0.099658,0.325934,-0.145749,-0.096524,176.43054,-34.383039,-173.826785,-0.823251,0.001276,-0.567051,0.051354,0.996057,-0.072333,0.564723,-0.0887,-0.820069,0.409873,-0.165953,-0.113602,168.505084,-18.626578,-30.39857,-0.928414,-0.330238,0.16913,0.188802,-0.812811,-0.550753,0.319399,-0.479498,0.817331
0.281955,0.165311,-0.103445,-133.923781,-64.09103,114.761112,-0.302388,0.264884,-0.915146,-0.313967,0.879206,0.358243,0.899489,0.395916,-0.182613,0.324594,0.15973,-0.11137,-165.881236,-37.625388,-82.346713,-0.767895,-0.554342,0.320496,-0.193149,-0.276521,-0.941273,0.610496,-0.784861,0.105466,0.406859,0.187635,-0.132913,-146.108852,-32.975676,98.850129,-0.695858,0.360529,-0.620293,-0.467441,0.428071,0.773243,0.544283,0.828507,-0.129002,0.276262,-0.163609,-0.100878,173.607599,-53.47437,-99.709734,-0.590636,-0.768269,-0.244744,0.066171,0.256524,-0.964025,0.803591,-0.586076,-0.100282,0.326045,-0.145861,-0.096748,176.404807,-34.441743,-173.802036,-0.822806,0.001392,-0.567924,0.051697,0.996029,-0.07247,0.565568,-0.089009,-0.81961,0.409984,-0.166399,-0.113826,168.393797,-18.599104,-30.386359,-0.928414,-0.331583,0.167742,0.190681,-0.812559,-0.550839,0.318944,-0.479412,0.817583
0.281843,0.165311,-0.103445,-133.939068,-64.124527,114.788593,-0.302148,0.264844,-0.915266,-0.313551,0.879453,0.358008,0.899745,0.3954,-0.182605,0.324371,0.15973,-0.111258,-165.896344,-37.608909,-82.294753,-0.768036,-0.553924,0.320676,-0.19297,-0.277082,-0.941095,0.610268,-0.784898,0.106196,0.406859,0.187635,-0.132801,-146.147502,-32.96601,98.873507,-0.696224,0.360443,-0.619891,-0.467006,0.428088,0.773485,0.544141,0.828525,-0.129351,0.276374,-0.163497,-0.100766,173.620315,-53.418412,-99.754938,-0.591929,-0.767627,-0.244853,0.066183,0.256621,-0.964143,0.803009,-0.587112,-0.100936,0.326268,-0.145972,-0.096859,176.358508,-34.391074,-173.787879,-0.822806,0.002121,-0.567257,0.052365,0.996009,-0.072263,0.564838,-0.089216,-0.81963,0.410096,-0.166622,-0.113714,168.346194,-18.525855,-30.41083,-0.92822,-0.331672,0.166128,0.191445,-0.811722,-0.551093,0.317733,-0.479946,0.817693
0.281955,0.165311,-0.103445,-134.008687,-64.185362,114.875159,-0.302165,0.264843,-0.915467,-0.312806,0.879827,0.357789,0.900208,0.394612,-0.182965,0.324483,0.159618,-0.111147,-165.994066,-37.570408,-82.178615,-0.768608,-0.553273,0.320036,-0.19172,-0.277741,-0.941059,0.609736,-0.785008,0.107831,0.406971,0.187635,-0.132913,-146.198081,-32.9848,98.921941,-0.696697,0.360568,-0.619628,-0.466432,0.428383,0.77376,0.544417,0.828405,-0.13005,0.276262,-0.163385,-0.100766,173.639446,-53.381419,-99.769918,-0.59227,-0.767246,-0.244739,0.066021,0.256744,-0.964064,0.802624,-0.587462,-0.101155,0.326268,-0.146084,-0.096748,176.31897,-34.345705,-173.792638,-0.823251,0.002927,-0.566658,0.052964,0.996008,-0.071833,0.564185,-0.0892,-0.820117,0.409649,-0.166511,-0.113379,168.303287,-18.47811,-30.394387,-0.928547,-0.331869,0.165139,0.192237,-0.811932,-0.550856,0.316942,-0.479855,0.818077
0.282067,0.165199,-0.103333,-133.701816,-64.426864,114.687238,-0.297616,0.264265,-0.916958,-0.311417,0.88139,0.355106,0.902035,0.391465,-0.179948,0.324483,0.159618,-0.110923,-166.039676,-37.508901,-82.077974,-0.769539,-0.55208,0.320226,-0.191302,-0.278915,-0.940887,0.608885,-0.78554,0.10931,0.406971,0.187523,-0.13269,-146.264963,-32.956526,98.968877,-0.69743,0.360213,-0.618953,-0.465745,0.4284,0.77415,0.544003,0.828536,-0.130766,0.276262,-0.163274,-0.100878,173.64132,-53.401677,-99.730415,-0.592131,-0.767648,-0.244162,0.065986,0.255956,-0.964317,0.802835,-0.587348,-0.100718,0.326268,-0.146084,-0.096636,176.322939,-34.30225,-173.796163,-0.823716,0.002961,-0.566031,0.052936,0.996008,-0.071854,0.563558,-0.089199,-0.820583,0.409538,-0.166288,-0.113044,168.296802,-18.380135,-30.323428,-0.928802,-0.330921,0.164122,0.1924,-0.81248,-0.549572,0.31532,-0.479102,0.819116
0.282067,0.165311,-0.103222,-133.250058,-64.552088,114.356635,-0.294025,0.263218,-0.918572,-0.312557,0.881936,0.352776,0.902976,0.390973,-0.176996,0.324483,0.159395,-0.111035,-166.210155,-37.509087,-81.947725,-0.770113,-0.552184,0.318688,-0.189013,-0.279425,-0.941205,0.608887,-0.785293,0.111096,0.406859,0.187412,-0.13269,-146.302128,-32.968823,98.993993,-0.697537,0.360347,-0.618596,-0.465162,0.428695,0.774294,0.544183,0.828286,-0.131099,0.275816,-0.163385,-0.100989,173.458085,-53.433115,-99.588103,-0.591652,-0.76778,-0.24533,0.067849,0.255903,-0.964252,0.803162,-0.587281,-0.099206,0.32638,-0.146084,-0.096524,176.31332,-34.246946,-173.79779,-0.824648,0.003242,-0.565254,0.053135,0.996001,-0.071817,0.562761,-0.089278,-0.821522,0.409426,-0.166176,-0.112375,168.318985,-18.204398,-30.26376,-0.929981,-0.329018,0.162212,0.192268,-0.813644,-0.548161,0.312408,-0.478742,0.82046
0.282178,0.165311,-0.103333,-132.694131,-64.807674,113.838781,-0.288079,0.264144,-0.920079,-0.312252,0.882669,0.351185,0.904884,0.388665,-0.171736,0.324483,0.159395,-0.110923,-166.285761,-37.458784,-81.87628,-0.770904,-0.551481,0.318052,-0.188129,-0.279732,-0.941305,0.608191,-0.785694,0.112153,0.406859,0.187412,-0.13269,-146.354248,-32.989427,99.017048,-0.697903,0.360758,-0.618116,-0.46449,0.428746,0.774716,0.544484,0.828124,-0.131415,0.275816,-0.163274,-0.101101,173.417714,-53.41843,-99.492226,-0.591173,-0.76778,-0.244932,0.068216,0.25536,-0.964185,0.803009,-0.587214,-0.098184,0.326492,-0.146084,-0.096524,176.28812,-34.229582,-173.761009,-0.824689,0.003341,-0.565039,0.053502,0.995952,-0.072215,0.56251,-0.089812,-0.821529,0.409649,-0.166399,-0.112486,168.252766,-18.17872,-30.257064,-0.929981,-0.329741,0.161255,0.193389,-0.813461,-0.548182,0.311982,-0.478721,0.820644
0.282401,0.165199,-0.103333,-132.269923,-64.972739,113.4325,-0.28411,0.264903,-0.921168,-0.312562,0.882913,0.350314,0.906107,0.38761,-0.167995,0.324483,0.159507,-0.111035,-166.352412,-37.467271,-81.831711,-0.770976,-0.551686,0.31737,-0.187197,-0.279783,-0.941439,0.608308,-0.785488,0.112747,0.406859,0.1873,-0.13269,-146.41978,-33.00696,99.042098,-0.69801,0.361129,-0.617314,-0.463409,0.429073,0.775057,0.544741,0.827676,-0.131715,0.275816,-0.163385,-0.101212,173.347946,-53.461668,-99.429406,-0.591036,-0.768248,-0.245137,0.068929,0.254817,-0.964437,0.803459,-0.587099,-0.097503,0.32638,-0.146084,-0.096413,176.246095,-34.195404,-173.762832,-0.824669,0.004133,-0.564601,0.054108,0.995951,-0.071773,0.562017,-0.089788,-0.821551,0.409873,-0.166399,-0.113044,168.27704,-18.286035,-30.238395,-0.929387,-0.330207,0.163102,0.192855,-0.813491,-0.548156,0.313761,-0.478153,0.820285
0.282401,0.165199,-0.10311,-132.271411,-64.973255,113.442564,-0.283992,0.264757,-0.921164,-0.312416,0.88303,0.350127,0.90611,0.387423,-0.167995,0.324706,0.159618,-0.110923,-166.415274,-37.406566,-81.761336,-0.771767,-0.550804,0.316876,-0.186492,-0.280094,-0.941461,0.607467,-0.785966,0.113801,0.406747,0.1873,-0.132578,-146.403429,-33.012477,99.016665,-0.697903,0.361362,-0.617412,-0.463626,0.428813,0.775102,0.544822,0.827738,-0.131348,0.275704,-0.163497,-0.101324,173.288028,-53.483926,-99.318267,-0.590218,-0.768629,-0.244851,0.06946,0.254151,-0.964448,0.80369,-0.586681,-0.096265,0.326268,-0.146084,-0.096301,176.218754,-34.194234,-173.769068,-0.824648,0.004671,-0.564617,0.054502,0.995957,-0.071396,0.562,-0.089699,-0.821566,0.409761,-0.166176,-0.112933,168.290185,-18.270165,-30.255937,-0.92952,-0.329941,0.162904,0.19266,-0.81343,-0.548321,0.313498,-0.478448,0.820214
0.282401,0.165199,-0.10311,-132.315396,-64.968273,113.4961,-0.284247,0.264548,-0.92112,-0.312215,0.883148,0.350003,0.906074,0.387292,-0.168368,0.324706,0.159618,-0.111035,-166.477276,-37.42213,-81.664286,-0.771699,-0.550804,0.31676,-0.185592,-0.281018,-0.941295,0.607683,-0.785554,0.1151,0.406747,0.187412,-0.13269,-146.425852,-33.049828,99.041713,-0.69801,0.361756,-0.617421,-0.463303,0.429106,0.77523,0.545368,0.827504,-0.131681,0.275704,-0.163497,-0.101324,173.266871,-53.486877,-99.282749,-0.590422,-0.768751,-0.244637,0.069705,0.253607,-0.964652,0.803721,-0.586886,-0.095925,0.326157,-0.145861,-0.096078,176.231632,-34.107675,-173.79226,-0.82556,0.004812,-0.56336,0.054376,0.995977,-0.071206,0.56075,-0.089464,-0.822498,0.409091,-0.166288,-0.112821,168.17851,-18.324062,-30.20773,-0.928794,-0.331822,0.162871,0.194399,-0.813092,-0.548109,0.314391,-0.477607,0.820356
0.282401,0.165199,-0.103222,-132.371065,-64.996537,113.556403,-0.284502,0.264585,-0.921203,-0.311886,0.883274,0.350022,0.906282,0.387018,-0.168733,0.324929,0.159618,-0.110923,-166.507075,-37.388926,-81.561392,-0.771993,-0.549973,0.317115,-0.185238,-0.28215,-0.940935,0.607222,-0.785621,0.116551,0.406747,0.1873,-0.13269,-146.451259,-33.075204,99.06886,-0.697856,0.361926,-0.617239,-0.462755,0.42966,0.775182,0.545739,0.827078,-0.132015,0.275592,-0.163274,-0.101659,173.329799,-53.558558,-99.327922,-0.589267,-0.769536,-0.244389,0.068912,0.253809,-0.964589,0.804464,-0.585657,-0.096198,0.326045,-0.145638,-0.095855,176.250218,-34.065064,-173.843935,-0.825964,0.005062,-0.562721,0.054133,0.996039,-0.070528,0.560134,-0.088764,-0.822964,0.408756,-0.166399,-0.11204,168.051431,-18.099017,-30.13021,-0.929514,-0.331566,0.15895,0.196702,-0.813434,-0.546698,0.31066,-0.47711,0.822059
0.282401,0.165199,-0.103222,-132.410613,-64.987202,113.57058,-0.284502,0.264899,-0.920899,-0.311454,0.883289,0.350317,0.906213,0.386722,-0.168718,0.325152,0.159841,-0.110812,-166.572268,-37.351421,-81.501247,-0.772786,-0.549415,0.316655,-0.184499,-0.282617,-0.941063,0.606702,-0.785991,0.11745,0.406747,0.1873,-0.132801,-146.491508,-33.085024,99.117621,-0.69833,0.361869,-0.617106,-0.462364,0.429936,0.775361,0.545883,0.827052,-0.132733,0.275369,-0.163274,-0.101659,173.263023,-53.576581,-99.233713,-0.588791,-0.769808,-0.24433,0.069552,0.253265,-0.964644,0.804651,-0.585467,-0.095178,0.326045,-0.145526,-0.095631,176.236491,-33.993442,-173.829855,-0.826917,0.005282,-0.561713,0.054395,0.996011,-0.070729,0.559098,-0.08907,-0.823904,0.408868,-0.166288,-0.112151,168.072746,-18.135267,-30.207015,-0.929715,-0.331817,0.15921,0.196384,-0.813094,-0.547853,0.311261,-0.478128,0.821275
0.28229,0.165199,-0.103222,-132.47242,-64.963384,113.600941,-0.285111,0.265256,-0.92062,-0.311445,0.88306,0.350903,0.906038,0.387001,-0.169084,0.325264,0.15973,-0.110812,-166.635023,-37.352748,-81.436888,-0.772934,-0.549397,0.316222,-0.18364,-0.283032,-0.941081,0.60672,-0.785825,0.118327,0.406747,0.187189,-0.132801,-146.545232,-33.091724,99.168414,-0.698544,0.361771,-0.616651,-0.461564,0.430489,0.775459,0.545981,0.82674,-0.133435,0.275258,-0.163274,-0.101882,173.213254,-53.592998,-99.166204,-0.588927,-0.770097,-0.244132,0.070087,0.252449,-0.964943,0.804821,-0.585643,-0.094499,0.326045,-0.145638,-0.095408,176.19364,-33.915753,-173.819364,-0.827383,0.006037,-0.56065,0.055047,0.995987,-0.070544,0.557973,-0.089276,-0.824394,0.408756,-0.166064,-0.11137,168.115816,-17.947464,-30.119067,-0.930632,-0.329399,0.157498,0.195847,-0.814273,-0.545918,0.308145,-0.477366,0.822868
0.28229,0.165088,-0.103222,-132.714176,-64.947387,113.792519,-0.286722,0.265839,-0.920038,-0.310564,0.882972,0.351926,0.905919,0.386822,-0.170549,0.325264,0.15973,-0.110812,-166.678349,-37.377815,-81.37136,-0.772796,-0.549588,0.31618,-0.18299,-0.283752,-0.94098,0.607068,-0.785418,0.119185,0.406971,0.187189,-0.132801,-146.603594,-33.121738,99.193673,-0.698652,0.362273,-0.616034,-0.460613,0.430813,0.775791,0.54642,0.826301,-0.133738,0.275258,-0.163497,-0.101882,173.066428,-53.634193,-99.071842,-0.588248,-0.770281,-0.245375,0.071536,0.252818,-0.964763,0.805248,-0.585279,-0.093452,0.325934,-0.145526,-0.095297,176.21228,-33.905296,-173.827247,-0.82785,0.005818,-0.560478,0.054807,0.995995,-0.07063,0.557822,-0.089211,-0.824852,0.408422,-0.166288,-0.111928,168.021095,-18.104702,-30.098451,-0.92971,-0.332001,0.158917,0.197258,-0.813895,-0.546364,0.310754,-0.476655,0.822324
0.28229,0.165199,-0.103222,-133.054806,-64.847149,114.078671,-0.289692,0.266035,-0.919081,-0.310062,0.882632,0.353226,0.905177,0.387469,-0.17315,0.325264,0.15973,-0.110923,-166.689029,-37.41855,-81.327797,-0.77266,-0.549885,0.316641,-0.182805,-0.284778,-0.940862,0.607633,-0.785026,0.119736,0.406859,0.187189,-0.132801,-146.623076,-33.13763,99.219038,-0.698759,0.362354,-0.61599,-0.460343,0.431089,0.775831,0.546652,0.826153,-0.134089,0.275146,-0.163274,-0.102105,173.12986,-53.716241,-99.097058,-0.587025,-0.771264,-0.244836,0.070727,0.252625,-0.964827,0.806096,-0.583991,-0.093509,0.325934,-0.145191,-0.095185,176.261189,-33.891316,-173.842057,-0.82785,0.005128,-0.560214,0.054098,0.996018,-0.070848,0.557619,-0.088993,-0.824829,0.408198,-0.166064,-0.11204,168.061938,-18.117255,-30.174891,-0.92945,-0.33169,0.159048,0.196511,-0.813034,-0.547357,0.310963,-0.477702,0.821601
0.282067,0.165199,-0.103333,-133.203382,-64.839679,114.245851,-0.29046,0.265598,-0.918886,-0.309272,0.882993,0.352998,0.905122,0.38693,-0.174265,0.325487,0.159618,-0.111035,-166.821962,-37.449093,-81.206414,-0.772599,-0.550324,0.315596,-0.180899,-0.2854,-0.940937,0.608056,-0.784367,0.121336,0.406859,0.187189,-0.13269,-146.630548,-33.142737,99.269905,-0.698974,0.361966,-0.616293,-0.460354,0.431593,0.775629,0.546727,0.82614,-0.13484,0.275034,-0.163274,-0.102217,173.123249,-53.736907,-99.080789,-0.586685,-0.771508,-0.244778,0.070755,0.252502,-0.964845,0.806309,-0.583701,-0.093293,0.325822,-0.145303,-0.095185,176.225634,-33.857458,-173.816879,-0.82787,0.005544,-0.559772,0.054615,0.995982,-0.070946,0.557129,-0.089361,-0.824844,0.407752,-0.165506,-0.112151,168.113788,-18.216115,-30.13399,-0.929514,-0.331701,0.161157,0.195646,-0.813983,-0.546944,0.312602,-0.476864,0.821511
0.282067,0.165199,-0.103333,-133.218846,-64.847159,114.242684,-0.290578,0.265931,-0.918831,-0.30923,0.882882,0.353331,0.905177,0.386971,-0.174258,0.325599,0.159841,-0.110923,-166.784868,-37.407578,-81.148365,-0.772825,-0.549285,0.316629,-0.18148,-0.286482,-0.940442,0.607481,-0.784636,0.122192,0.406859,0.187077,-0.13269,-146.688789,-33.148814,99.318829,-0.699449,0.361963,-0.615846,-0.459648,0.431885,0.77591,0.546815,0.826012,-0.135543,0.274923,-0.163274,-0.10244,173.15579,-53.788177,-99.073738,-0.586007,-0.7722,-0.244219,0.070336,0.252009,-0.965004,0.806838,-0.582999,-0.093107,0.32571,-0.14508,-0.095073,176.271556,-33.848155,-173.818422,-0.828357,0.004787,-0.559583,0.05398,0.995985,-0.071407,0.556994,-0.089386,-0.825288,0.407305,-0.165506,-0.111816,168.105881,-18.163833,-30.062135,-0.929774,-0.331187,0.160763,0.195835,-0.814721,-0.545791,0.311735,-0.475977,0.822355
0.282067,0.165088,-0.103333,-133.2243,-64.821958,114.242876,-0.290578,0.265872,-0.918644,-0.309171,0.882882,0.353334,0.90499,0.386968,-0.174258,0.325822,0.159618,-0.111035,-166.953182,-37.433617,-81.069702,-0.773261,-0.549999,0.31477,-0.179187,-0.28644,-0.941005,0.607842,-0.784282,0.12324,0.406747,0.186965,-0.13269,-146.683131,-33.171362,99.322795,-0.69893,0.362088,-0.615884,-0.459406,0.43242,0.775629,0.547145,0.825558,-0.135528,0.274811,-0.163385,-0.102329,172.959147,-53.776043,-98.879376,-0.585738,-0.772019,-0.244962,0.072344,0.251536,-0.964923,0.806713,-0.583348,-0.091135,0.32571,-0.144968,-0.094962,176.301196,-33.806039,-173.858781,-0.828782,0.004731,-0.558937,0.053578,0.996033,-0.071033,0.556383,-0.088848,-0.825747,0.407305,-0.165395,-0.111035,168.051511,-17.957002,-30.052209,-0.930565,-0.330235,0.157399,0.196923,-0.814734,-0.545182,0.308303,-0.476389,0.823397
0.282067,0.165088,-0.103222,-133.262619,-64.841996,114.296025,-0.290834,0.265723,-0.918786,-0.30903,0.883,0.353206,0.905139,0.38684,-0.174633,0.32571,0.159618,-0.110923,-166.929394,-37.400175,-80.988575,-0.773204,-0.549065,0.315691,-0.179512,-0.287522,-0.940406,0.607378,-0.784293,0.12438,0.406747,0.187077,-0.132801,-146.698302,-33.18778,99.350268,-0.698778,0.362076,-0.615833,-0.459041,0.432955,0.775485,0.547385,0.825226,-0.135879,0.2747,-0.163162,-0.10244,172.968739,-53.809918,-98.8762,-0.585399,-0.772433,-0.244766,0.072202,0.25129,-0.965033,0.807063,-0.582966,-0.091042,0.32571,-0.144745,-0.094627,176.332244,-33.704224,-173.843705,-0.829756,0.004201,-0.557433,0.053189,0.996007,-0.071689,0.554906,-0.089167,-0.826665,0.406859,-0.165283,-0.111258,168.085475,-18.070653,-30.093739,-0.930039,-0.330786,0.159081,0.196236,-0.814295,-0.546014,0.31019,-0.476676,0.822517
0.282067,0.165088,-0.103222,-133.262619,-64.841996,114.296025,-0.290834,0.265723,-0.918786,-0.30903,0.883,0.353206,0.905139,0.38684,-0.174633,0.325822,0.15973,-0.110812,-166.96224,-37.375961,-80.92859,-0.773717,-0.548538,0.315762,-0.179164,-0.288301,-0.940335,0.607042,-0.784497,0.125255,0.406636,0.186965,-0.132801,-146.749199,-33.206406,99.399206,-0.699254,0.362204,-0.61557,-0.458465,0.433246,0.775757,0.547657,0.825105,-0.136583,0.274588,-0.163274,-0.10244,172.886703,-53.823863,-98.822078,-0.58506,-0.772441,-0.245454,0.073011,0.251536,-0.964896,0.807206,-0.58283,-0.090457,0.32571,-0.144633,-0.094404,176.358399,-33.629761,-173.868482,-0.830202,0.004094,-0.556324,0.052837,0.996035,-0.071555,0.553824,-0.088854,-0.827125,0.407194,-0.165395,-0.110923,168.095223,-17.935279,-30.08888,-0.930829,-0.329537,0.157299,0.196237,-0.814674,-0.545519,0.307942,-0.476975,0.823193
0.282067,0.165088,-0.103222,-133.205215,-64.840148,114.256225,-0.290342,0.265453,-0.918883,-0.309127,0.883111,0.352811,0.905125,0.386743,-0.174265,0.325822,0.159618,-0.110812,-167.043111,-37.369491,-80.855587,-0.774231,-0.548412,0.315225,-0.178132,-0.288927,-0.940461,0.606953,-0.784502,0.126281,0.406747,0.186965,-0.132801,-146.716347,-33.201769,99.401183,-0.698995,0.361871,-0.616006,-0.458868,0.433474,0.775377,0.547589,0.825117,-0.136615,0.274476,-0.163051,-0.102552,172.96314,-53.829653,-98.933464,-0.585261,-0.772381,-0.245611,0.072243,0.25223,-0.964827,0.807266,-0.582699,-0.091597,0.325599,-0.144856,-0.09418,176.328534,-33.585132,-173.905496,-0.830608,0.00504,-0.555714,0.053298,0.996074,-0.070663,0.553175,-0.088366,-0.827613,0.407194,-0.165618,-0.111147,168.020045,-17.975835,-30.133221,-0.929975,-0.331005,0.156906,0.197332,-0.813351,-0.546457,0.308616,-0.477484,0.822604
0.282067,0.165199,-0.103222,-133.241711,-64.859739,114.299005,-0.290716,0.26545,-0.919028,-0.30913,0.883111,0.35287,0.90527,0.386801,-0.174639,0.325934,0.159841,-0.1107,-166.983688,-37.316733,-80.84176,-0.774669,-0.547313,0.316262,-0.179079,-0.28965,-0.940109,0.606221,-0.785062,0.126565,0.406859,0.186965,-0.132801,-146.726881,-33.210651,99.401178,-0.698995,0.362055,-0.615876,-0.458684,0.433489,0.775471,0.547719,0.825023,-0.136599,0.274476,-0.162716,-0.102552,173.040267,-53.845607,-99.025064,-0.585395,-0.772522,-0.245478,0.07146,0.252527,-0.964883,0.80743,-0.582508,-0.092521,0.325599,-0.144968,-0.094069,176.274764,-33.571792,-173.964366,-0.830974,0.006575,-0.555583,0.054104,0.996137,-0.069157,0.552981,-0.087559,-0.828118,0.407305,-0.165841,-0.111147,167.944137,-17.980519,-30.200383,-0.930176,-0.332371,0.155846,0.198663,-0.812769,-0.547655,0.308694,-0.478458,0.822061
0.282067,0.165088,-0.103222,-133.249017,-64.83499,114.309595,-0.290599,0.265245,-0.918838,-0.308926,0.883228,0.352687,0.905087,0.386611,-0.174639,0.325822,0.159841,-0.1107,-166.949045,-37.307067,-80.831671,-0.774385,-0.547018,0.316757,-0.179506,-0.289802,-0.939806,0.606087,-0.785003,0.126698,0.406747,0.186965,-0.132801,-146.753883,-33.21393,99.426734,-0.699103,0.362007,-0.615649,-0.458284,0.433764,0.775519,0.547767,0.824867,-0.136951,0.274476,-0.162716,-0.102552,172.971535,-53.856988,-99.029973,-0.584648,-0.772248,-0.246903,0.072081,0.253984,-0.964309,0.807547,-0.581997,-0.092491,0.325487,-0.144968,-0.09418,176.311584,-33.573431,-173.989911,-0.830954,0.006179,-0.555559,0.053567,0.996172,-0.069065,0.553005,-0.087185,-0.828103,0.40764,-0.165841,-0.110812,167.952102,-17.90286,-30.190791,-0.930505,-0.331583,0.154891,0.198598,-0.812931,-0.547259,0.307404,-0.478526,0.822493
0.282067,0.165088,-0.103222,-133.306392,-64.836826,114.349367,-0.291091,0.265515,-0.91874,-0.308829,0.883117,0.353081,0.905101,0.386708,-0.175007,0.325822,0.159841,-0.110477,-166.919577,-37.267676,-80.86842,-0.774954,-0.546485,0.316943,-0.180058,-0.28965,-0.939909,0.60554,-0.785623,0.126281,0.406747,0.186965,-0.13269,-146.753883,-33.21393,99.426734,-0.699103,0.362007,-0.615649,-0.458284,0.433764,0.775519,0.547767,0.824867,-0.136951,0.2747,-0.162604,-0.102329,173.048065,-53.862757,-99.141562,-0.584851,-0.772189,-0.24706,0.071313,0.254676,-0.964239,0.807607,-0.581864,-0.093633,0.325599,-0.14508,-0.094292,176.27885,-33.588109,-173.98007,-0.830954,0.006636,-0.555813,0.054043,0.996157,-0.068919,0.553219,-0.08733,-0.828118,0.407529,-0.165841,-0.110923,167.91301,-17.844875,-30.12858,-0.930436,-0.331464,0.154069,0.199247,-0.813153,-0.546296,0.306441,-0.477777,0.823262
0.282067,0.165088,-0.103222,-133.30827,-64.837291,114.359784,-0.290973,0.26537,-0.918737,-0.308684,0.883235,0.352894,0.905104,0.386521,-0.175007,0.32571,0.15973,-0.110365,-166.894825,-37.233052,-80.902654,-0.775162,-0.546104,0.31691,-0.18046,-0.289136,-0.939946,0.605059,-0.786025,0.125863,0.406859,0.186742,-0.132801,-146.79889,-33.247033,99.450175,-0.699471,0.362551,-0.615354,-0.45774,0.433811,0.775932,0.54825,0.824714,-0.137273,0.274588,-0.162046,-0.10244,172.954956,-54.497658,-99.306812,-0.575507,-0.777364,-0.25201,0.071123,0.259759,-0.96281,0.814092,-0.572509,-0.093822,0.32571,-0.14508,-0.094404,176.291691,-33.616029,-173.981649,-0.830487,0.006379,-0.556198,0.053826,0.996164,-0.068972,0.553625,-0.087257,-0.827644,0.407417,-0.165506,-0.1107,168.014559,-17.784733,-30.11582,-0.931093,-0.329496,0.154265,0.197663,-0.813957,-0.545661,0.305442,-0.477755,0.823646
0.282067,0.165088,-0.103222,-133.30827,-64.837291,114.359784,-0.290973,0.26537,-0.918737,-0.308684,0.883235,0.352894,0.905104,0.386521,-0.175007,0.325599,0.159841,-0.110365,-166.821532,-37.194837,-80.917445,-0.775162,-0.545343,0.317803,-0.181505,-0.289289,-0.939596,0.604527,-0.786375,0.125711,0.406747,0.186854,-0.13269,-146.772246,-33.251812,99.454213,-0.698952,0.362309,-0.615652,-0.457865,0.434314,0.775462,0.54832,0.824448,-0.137288,0.274476,-0.161934,-0.102217,172.78357,-54.656581,-99.315191,-0.57335,-0.778161,-0.255149,0.072598,0.262164,-0.962134,0.815699,-0.570472,-0.093574,0.32571,-0.145414,-0.094515,176.227619,-33.645964,-174.064171,-0.830349,0.008255,-0.556697,0.05475,0.996255,-0.066906,0.55406,-0.086057,-0.827691,0.407194,-0.165618,-0.110589,167.965728,-17.781399,-30.18616,-0.931294,-0.3304,0.153339,0.198535,-0.813377,-0.546798,0.305386,-0.478791,0.823102
0.282067,0.165199,-0.103222,-133.287367,-64.855043,114.362773,-0.290855,0.265097,-0.918979,-0.308784,0.883346,0.352558,0.905236,0.386483,-0.175014,0.325487,0.159953,-0.110142,-166.705131,-37.123319,-80.959548,-0.775808,-0.543965,0.319311,-0.18332,-0.289802,-0.939264,0.603533,-0.787353,0.125274,0.406747,0.186854,-0.132801,-146.74522,-33.248539,99.42863,-0.698844,0.362356,-0.615879,-0.458265,0.434039,0.775414,0.548272,0.824604,-0.136936,0.2747,-0.161823,-0.102217,172.818063,-54.697604,-99.403802,-0.572951,-0.778348,-0.25579,0.072197,0.263117,-0.961943,0.816113,-0.569844,-0.094376,0.325822,-0.145861,-0.094738,176.162746,-33.687055,-174.1006,-0.829805,0.009673,-0.557358,0.055658,0.996292,-0.065595,0.554656,-0.085481,-0.827265,0.406971,-0.165953,-0.110589,167.857535,-17.76905,-30.291519,-0.930973,-0.332112,0.151523,0.200305,-0.811757,-0.548543,0.305181,-0.480336,0.822277
0.282067,0.165199,-0.103222,-133.228114,-64.85274,114.312583,-0.290481,0.264972,-0.91908,-0.309027,0.883339,0.352351,0.905219,0.386573,-0.174646,0.325375,0.160065,-0.109807,-166.608885,-37.025891,-80.980652,-0.776454,-0.542302,0.320459,-0.18485,-0.290011,-0.938872,0.602176,-0.78839,0.125142,0.406747,0.187077,-0.132801,-146.65836,-33.237335,99.379488,-0.698368,0.36212,-0.616769,-0.459469,0.433717,0.774938,0.548108,0.82493,-0.136263,0.2747,-0.161599,-0.101994,172.880496,-54.700492,-99.484005,-0.573091,-0.778318,-0.255799,0.07158,0.263531,-0.961905,0.816143,-0.569742,-0.095179,0.326045,-0.146084,-0.09485,176.170676,-33.687837,-174.175747,-0.829709,0.010261,-0.557347,0.055536,0.99638,-0.064358,0.554668,-0.084385,-0.827273,0.407082,-0.166399,-0.110589,167.8345,-17.77145,-30.477856,-0.930404,-0.332881,0.150266,0.200574,-0.809335,-0.551224,0.305221,-0.482979,0.82066
0.282067,0.165088,-0.103222,-133.22626,-64.852267,114.302185,-0.290599,0.265117,-0.919084,-0.309172,0.883221,0.352538,0.905215,0.38676,-0.174646,0.325152,0.160176,-0.109807,-166.485874,-37.008871,-81.003822,-0.775808,-0.541682,0.321989,-0.186457,-0.290259,-0.93821,0.601939,-0.788407,0.124817,0.406636,0.187189,-0.132801,-146.642207,-33.251011,99.383508,-0.697849,0.362061,-0.616937,-0.459409,0.434236,0.774562,0.548308,0.82457,-0.136263,0.2747,-0.161376,-0.101771,172.906676,-54.756751,-99.58337,-0.571888,-0.77849,-0.256966,0.071165,0.265289,-0.961329,0.81671,-0.56848,-0.095982,0.326045,-0.146307,-0.09485,176.137943,-33.702597,-174.165838,-0.829709,0.010718,-0.557599,0.056012,0.996363,-0.064212,0.554882,-0.084531,-0.82729,0.407194,-0.166064,-0.110923,167.905671,-17.846682,-30.514628,-0.930672,-0.332651,0.15178,0.199422,-0.80969,-0.551803,0.306471,-0.483321,0.820038
0.282067,0.165199,-0.103222,-133.168851,-64.85043,114.262389,-0.290107,0.264847,-0.919181,-0.309269,0.883332,0.352143,0.905201,0.386663,-0.174279,0.325041,0.160176,-0.109696,-166.432116,-37.010992,-81.047113,-0.775731,-0.541653,0.32253,-0.187209,-0.290203,-0.938154,0.601968,-0.788539,0.124228,0.406636,0.187189,-0.132801,-146.615211,-33.247712,99.357962,-0.697741,0.362109,-0.617164,-0.459809,0.433961,0.774514,0.54826,0.824726,-0.135911,0.274811,-0.161265,-0.101659,172.856171,-54.787821,-99.575528,-0.57162,-0.778629,-0.257671,0.071643,0.265682,-0.961251,0.817022,-0.568219,-0.095857,0.326268,-0.146307,-0.094962,176.150156,-33.74657,-174.167162,-0.829242,0.010452,-0.558218,0.055803,0.996371,-0.06426,0.55552,-0.084464,-0.826815,0.407082,-0.166511,-0.111147,167.800086,-17.8937,-30.540042,-0.929692,-0.334546,0.151282,0.201005,-0.808367,-0.552565,0.307252,-0.483539,0.819576
0.282178,0.165199,-0.10311,-133.149743,-64.842014,114.244826,-0.290225,0.264806,-0.919243,-0.309602,0.883207,0.352185,0.905139,0.386995,-0.174286,0.324929,0.160176,-0.109584,-166.363414,-36.96754,-81.136164,-0.776149,-0.541177,0.322831,-0.188295,-0.28948,-0.938287,0.601362,-0.789281,0.123088,0.406636,0.187189,-0.132466,-146.577207,-33.170024,99.328748,-0.698151,0.361222,-0.617374,-0.460744,0.433103,0.774479,0.547125,0.825604,-0.135623,0.274811,-0.161376,-0.101659,172.809427,-54.778,-99.549105,-0.57162,-0.778424,-0.25811,0.072117,0.26593,-0.961124,0.816924,-0.568346,-0.095609,0.326268,-0.146419,-0.095073,176.149503,-33.762647,-174.166871,-0.829242,0.010443,-0.558452,0.055812,0.996371,-0.064256,0.555754,-0.084468,-0.826815,0.407194,-0.166622,-0.111035,167.809065,-17.851946,-30.561047,-0.930286,-0.334178,0.150653,0.200981,-0.80865,-0.552728,0.306558,-0.48397,0.81962
0.282067,0.165199,-0.10311,-133.071427,-64.857943,114.208014,-0.289615,0.264262,-0.919582,-0.309799,0.883428,0.351454,0.905257,0.38686,-0.173927,0.324594,0.160176,-0.109472,-166.284566,-36.949162,-81.181135,-0.776073,-0.540787,0.323657,-0.189408,-0.289424,-0.938078,0.601106,-0.789566,0.122498,0.406524,0.1873,-0.132578,-146.543083,-33.187416,99.332694,-0.697632,0.361108,-0.617855,-0.460999,0.433605,0.774001,0.547379,0.825347,-0.135639,0.274811,-0.161376,-0.101659,172.85729,-54.702103,-99.555739,-0.572496,-0.777834,-0.257366,0.071742,0.265517,-0.961194,0.816159,-0.569224,-0.095825,0.32638,-0.146642,-0.095073,176.098822,-33.771855,-174.149486,-0.828776,0.011129,-0.558642,0.056517,0.996345,-0.064029,0.555887,-0.084676,-0.826374,0.407417,-0.166734,-0.110923,167.798756,-17.777447,-30.637702,-0.930498,-0.333888,0.149069,0.201202,-0.807835,-0.553605,0.30532,-0.485262,0.819302
0.282178,0.165199,-0.10311,-132.94923,-64.878998,114.117759,-0.28875,0.263926,-0.919966,-0.310197,0.883531,0.350847,0.905413,0.386857,-0.173194,0.324483,0.160288,-0.109361,-166.233803,-36.910356,-81.20667,-0.776358,-0.540141,0.324198,-0.190206,-0.289424,-0.937953,0.600565,-0.790052,0.122212,0.406412,0.187189,-0.132466,-146.534058,-33.180394,99.307249,-0.697524,0.361211,-0.617769,-0.461085,0.433346,0.774055,0.547277,0.825402,-0.135272,0.274923,-0.161041,-0.101324,173.028163,-54.582665,-99.714714,-0.574803,-0.776786,-0.256304,0.07029,0.265372,-0.961456,0.814952,-0.570913,-0.097739,0.326492,-0.146865,-0.095297,176.079854,-33.803613,-174.187254,-0.828719,0.01179,-0.559115,0.056789,0.996385,-0.063178,0.556348,-0.084128,-0.826392,0.407752,-0.167069,-0.111258,167.737575,-17.827021,-30.746523,-0.930194,-0.335468,0.148529,0.202176,-0.806513,-0.555456,0.306144,-0.48669,0.818166
