Sensor #1 X,Sensor #1 Y,Sensor #1 Z,"Sensor #1 Euler Angles (Z Y'X"") Z","Sensor #1 Euler Angles (Z Y'X"") Y'","Sensor #1 Euler Angles (Z Y'X"") X""","Sensor #1 Rotation Matrix M0,0","Sensor #1 Rotation Matrix M0,1","Sensor #1 Rotation Matrix M0,2","Sensor #1 Rotation Matrix M1,0","Sensor #1 Rotation Matrix M1,1","Sensor #1 Rotation Matrix M1,2","Sensor #1 Rotation Matrix M2,0","Sensor #1 Rotation Matrix M2,1","Sensor #1 Rotation Matrix M2,2",Sensor #2 X,Sensor #2 Y,Sensor #2 Z,"Sensor #2 Euler Angles (Z Y'X"") Z","Sensor #2 Euler Angles (Z Y'X"") Y'","Sensor #2 Euler Angles (Z Y'X"") X""","Sensor #2 Rotation Matrix M0,0","Sensor #2 Rotation Matrix M0,1","Sensor #2 Rotation Matrix M0,2","Sensor #2 Rotation Matrix M1,0","Sensor #2 Rotation Matrix M1,1","Sensor #2 Rotation Matrix M1,2","Sensor #2 Rotation Matrix M2,0","Sensor #2 Rotation Matrix M2,1","Sensor #2 Rotation Matrix M2,2",Sensor #3 X,Sensor #3 Y,Sensor #3 Z,"Sensor #3 Euler Angles (Z Y'X"") Z","Sensor #3 Euler Angles (Z Y'X"") Y'","Sensor #3 Euler Angles (Z Y'X"") X""","Sensor #3 Rotation Matrix M0,0","Sensor #3 Rotation Matrix M0,1","Sensor #3 Rotation Matrix M0,2","Sensor #3 Rotation Matrix M1,0","Sensor #3 Rotation Matrix M1,1","Sensor #3 Rotation Matrix M1,2","Sensor #3 Rotation Matrix M2,0","Sensor #3 Rotation Matrix M2,1","Sensor #3 Rotation Matrix M2,2",Sensor #4 X,Sensor #4 Y,Sensor #4 Z,"Sensor #4 Euler Angles (Z Y'X"") Z","Sensor #4 Euler Angles (Z Y'X"") Y'","Sensor #4 Euler Angles (Z Y'X"") X""","Sensor #4 Rotation Matrix M0,0","Sensor #4 Rotation Matrix M0,1","Sensor #4 Rotation Matrix M0,2","Sensor #4 Rotation Matrix M1,0","Sensor #4 Rotation Matrix M1,1","Sensor #4 Rotation Matrix M1,2","Sensor #4 Rotation Matrix M2,0","Sensor #4 Rotation Matrix M2,1","Sensor #4 Rotation Matrix M2,2",Sensor #5 X,Sensor #5 Y,Sensor #5 Z,"Sensor #5 Euler Angles (Z Y'X"") Z","Sensor #5 Euler Angles (Z Y'X"") Y'","Sensor #5 Euler Angles (Z Y'X"") X""","Sensor #5 Rotation Matrix M0,0","Sensor #5 Rotation Matrix M0,1","Sensor #5 Rotation Matrix M0,2","Sensor #5 Rotation Matrix M1,0","Sensor #5 Rotation Matrix M1,1","Sensor #5 Rotation Matrix M1,2","Sensor #5 Rotation Matrix M2,0","Sensor #5 Rotation Matrix M2,1","Sensor #5 Rotation Matrix M2,2",Sensor #6 X,Sensor #6 Y,Sensor #6 Z,"Sensor #6 Euler Angles (Z Y'X"") Z","Sensor #6 Euler Angles (Z Y'X"") Y'","Sensor #6 Euler Angles (Z Y'X"") X""","Sensor #6 Rotation Matrix M0,0","Sensor #6 Rotation Matrix M0,1","Sensor #6 Rotation Matrix M0,2","Sensor #6 Rotation Matrix M1,0","Sensor #6 Rotation Matrix M1,1","Sensor #6 Rotation Matrix M1,2","Sensor #6 Rotation Matrix M2,0","Sensor #6 Rotation Matrix M2,1","Sensor #6 Rotation Matrix M2,2"
0.0,0.0,0.0,0.0,0.0,0.0,0.0,0.0,0.0,0.0,0.0,0.0,0.0,0.0,0.0,0.0,0.0,0.0,0.0,0.0,0.0,0.0,0.0,0.0,0.0,0.0,0.0,0.0,0.0,0.0,0.0,0.0,0.0,0.0,0.0,0.0,0.0,0.0,0.0,0.0,0.0,0.0,0.0,0.0,0.0,0.0,0.0,0.0,0.0,0.0,0.0,0.0,0.0,0.0,0.0,0.0,0.0,0.0,0.0,0.0,0.0,0.0,0.0,0.0,0.0,0.0,0.0,0.0,0.0,0.0,0.0,0.0,0.0,0.0,0.0,0.0,0.0,0.0,0.0,0.0,0.0,0.0,0.0,0.0,0.0,0.0,0.0,0.0,0.0,0.0
0.264654,0.175245,-0.1107,129.130274,-87.395184,-146.66005,-0.022602,0.299024,-0.953568,0.027782,0.954025,0.298377,0.998967,-0.019641,-0.029856,0.316334,0.167208,-0.11896,-139.366883,-42.75753,-74.438145,-0.55695,-0.321894,0.765308,-0.477923,-0.629131,-0.61259,0.678897,-0.70715,0.196932,0.387772,0.220898,-0.158921,-128.384026,-26.659078,99.28743,-0.554619,0.148334,-0.818248,-0.700156,0.44769,0.555921,0.448681,0.881625,-0.144173,0.343012,-0.138271,-0.202788,101.384856,-49.943209,-0.063653,-0.126998,-0.980355,0.150122,0.630702,-0.196596,-0.750541,0.765407,-0.000715,0.643487,0.377391,-0.118514,-0.213838,168.881762,-43.995622,-134.3868,-0.705187,-0.352103,-0.614576,0.138585,0.782339,-0.607131,0.694603,-0.513651,-0.502772,0.462781,-0.116728,-0.232256,-174.611673,-11.113253,-8.264202,-0.976426,0.065295,0.203398,-0.092099,-0.98736,-0.125196,0.192749,-0.141042,0.971052
0.260524,0.167097,-0.105789,44.859352,-81.573913,-63.491498,0.102225,0.313235,-0.943801,0.101724,0.940855,0.32311,0.989206,-0.128964,0.064323,0.309637,0.159618,-0.11137,-147.133827,-47.977312,-65.365616,-0.562,-0.34124,0.753173,-0.363103,-0.716218,-0.595569,0.74288,-0.608359,0.27897,0.379177,0.210629,-0.155795,-128.798274,-28.564681,101.211731,-0.550108,0.142286,-0.822536,-0.684239,0.487617,0.542087,0.478151,0.861275,-0.17072,0.341561,-0.143628,-0.204908,103.417375,-49.497688,-1.750011,-0.150624,-0.977382,0.146876,0.631403,-0.209387,-0.746323,0.76038,-0.019831,0.649067,0.37527,-0.125211,-0.216294,168.868948,-42.930297,-133.415086,-0.718133,-0.352733,-0.599544,0.141296,0.769966,-0.6222,0.681108,-0.531674,-0.503045,0.46066,-0.121416,-0.234711,-173.773708,-10.508513,-7.931271,-0.977016,0.08235,0.194533,-0.106592,-0.986911,-0.117585,0.182382,-0.13567,0.973817
0.265212,0.157274,-0.106347,-168.203958,-47.422697,136.556459,-0.661511,0.347143,-0.663936,-0.138149,0.81448,0.563398,0.736365,0.464751,-0.490713,0.329505,0.131713,-0.105008,-137.4908,-30.227797,-92.06644,-0.636576,-0.395498,0.661443,-0.583502,-0.312821,-0.748993,0.503439,-0.863161,-0.031144,0.40764,0.173571,-0.125881,-138.144581,-31.258957,92.880025,-0.636288,0.352347,-0.68559,-0.570016,0.383677,0.726302,0.518907,0.853395,-0.042933,0.279611,-0.162158,-0.100654,174.965006,-49.70581,-99.441554,-0.643589,-0.735033,-0.211437,0.056703,0.229993,-0.971342,0.762734,-0.637533,-0.106018,0.335756,-0.137824,-0.10311,149.781356,-23.010788,-156.468129,-0.794902,0.32639,-0.510525,0.46299,0.870924,-0.164504,0.390904,-0.367276,-0.843393,0.411882,-0.168185,-0.118737,166.528268,-22.32509,-27.337574,-0.899247,-0.376539,0.221176,0.215421,-0.822885,-0.525191,0.379861,-0.424795,0.821702
0.265212,0.157274,-0.106347,-168.186509,-47.416527,136.548627,-0.661511,0.346933,-0.664009,-0.138359,0.814509,0.563298,0.736292,0.464851,-0.490684,0.329617,0.131936,-0.104449,-137.429866,-30.031738,-92.107299,-0.637268,-0.393425,0.662097,-0.585385,-0.310781,-0.748433,0.50048,-0.864896,-0.031825,0.407529,0.173571,-0.125881,-138.115511,-31.274704,92.882626,-0.636019,0.352338,-0.686056,-0.570357,0.383909,0.725987,0.519142,0.853359,-0.04297,0.279611,-0.162046,-0.100654,175.066493,-49.696897,-99.551043,-0.644061,-0.734965,-0.211013,0.055595,0.230316,-0.97141,0.762633,-0.637616,-0.107284,0.335868,-0.138047,-0.103445,149.70922,-23.099857,-156.439405,-0.793918,0.326789,-0.512061,0.463757,0.870685,-0.163669,0.392335,-0.367515,-0.842787,0.41177,-0.168185,-0.118625,166.538009,-22.366819,-27.42579,-0.899068,-0.37705,0.221266,0.215216,-0.822122,-0.526563,0.380535,-0.425934,0.820805
0.265212,0.157274,-0.106235,-168.191884,-47.431829,136.575425,-0.661219,0.346807,-0.664248,-0.138234,0.8148,0.562893,0.736473,0.464415,-0.490684,0.329505,0.131936,-0.104449,-137.404935,-30.020716,-92.196136,-0.637055,-0.394214,0.661781,-0.585701,-0.309634,-0.748625,0.500313,-0.864916,-0.033168,0.407529,0.173682,-0.125881,-138.100941,-31.278347,92.858944,-0.635937,0.352593,-0.686148,-0.570575,0.38364,0.726009,0.519196,0.853419,-0.042619,0.279946,-0.162158,-0.100543,175.125611,-49.653611,-99.556587,-0.64434,-0.734663,-0.210127,0.054949,0.229919,-0.97143,0.762144,-0.637939,-0.107402,0.335979,-0.138047,-0.103333,149.743038,-23.076068,-156.379462,-0.794265,0.325843,-0.511985,0.463331,0.870647,-0.16504,0.391953,-0.368429,-0.842478,0.412328,-0.168185,-0.11896,166.66228,-22.404067,-27.489843,-0.899439,-0.375806,0.222502,0.213244,-0.822435,-0.527131,0.381136,-0.426744,0.820122
0.265212,0.157386,-0.106235,-168.168385,-47.443472,136.568498,-0.661219,0.34667,-0.664531,-0.138517,0.81483,0.562808,0.73661,0.4645,-0.490654,0.329617,0.131825,-0.104449,-137.433124,-30.005152,-92.168738,-0.637393,-0.393912,0.661546,-0.585433,-0.309562,-0.748801,0.500078,-0.865025,-0.032758,0.407529,0.173571,-0.125769,-138.122214,-31.262952,92.882688,-0.636019,0.352204,-0.685881,-0.570223,0.383909,0.726005,0.518966,0.853341,-0.04297,0.279834,-0.162269,-0.100543,175.062471,-49.636978,-99.520359,-0.644619,-0.734372,-0.210659,0.055689,0.229993,-0.971408,0.761956,-0.638305,-0.107049,0.335979,-0.138159,-0.103445,149.766664,-23.0772,-156.368002,-0.794335,0.325327,-0.511967,0.462933,0.870783,-0.165387,0.391971,-0.36854,-0.842273,0.412886,-0.168185,-0.118179,166.701363,-22.078399,-27.368827,-0.901423,-0.372381,0.219114,0.213065,-0.824098,-0.524154,0.375875,-0.425988,0.82291
0.265212,0.157386,-0.106235,-168.168055,-47.460037,136.582358,-0.661074,0.346643,-0.664756,-0.13849,0.814976,0.562613,0.736806,0.464275,-0.490654,0.329617,0.131713,-0.104449,-137.473828,-30.041732,-92.188184,-0.637678,-0.39469,0.660993,-0.58486,-0.309562,-0.74938,0.500631,-0.864784,-0.033043,0.40764,0.173571,-0.125769,-138.077414,-31.262479,92.838056,-0.635587,0.352436,-0.68618,-0.570732,0.383603,0.725773,0.518959,0.853387,-0.042306,0.279834,-0.162381,-0.100431,174.991272,-49.597988,-99.469371,-0.645178,-0.733853,-0.2111,0.056545,0.229905,-0.971414,0.761516,-0.638986,-0.106578,0.336091,-0.138047,-0.103333,149.840594,-23.053657,-156.34813,-0.795001,0.324128,-0.511548,0.461948,0.871087,-0.166505,0.391593,-0.368864,-0.842217,0.412775,-0.168297,-0.118067,166.674219,-22.038344,-27.249791,-0.901819,-0.372064,0.219073,0.21361,-0.825324,-0.522422,0.375227,-0.424409,0.824048
0.265323,0.157274,-0.106235,-168.168055,-47.460037,136.582358,-0.661074,0.346643,-0.664756,-0.13849,0.814976,0.562613,0.736806,0.464275,-0.490654,0.329617,0.131601,-0.104449,-137.542762,-30.062759,-92.180248,-0.6383,-0.395167,0.660205,-0.584019,-0.30949,-0.750135,0.500948,-0.864652,-0.032918,0.40764,0.173459,-0.125657,-138.094029,-31.279589,92.85953,-0.635669,0.35249,-0.686129,-0.570473,0.383909,0.725834,0.519215,0.853244,-0.042619,0.279834,-0.162604,-0.100319,174.86357,-49.587413,-99.312457,-0.645201,-0.733804,-0.211232,0.057996,0.22886,-0.971579,0.761396,-0.639422,-0.104852,0.336091,-0.137936,-0.103333,149.939248,-22.997997,-156.305189,-0.796335,0.322646,-0.510848,0.460891,0.871281,-0.168504,0.390699,-0.369749,-0.842518,0.412663,-0.167962,-0.117621,166.753428,-21.928939,-27.254617,-0.902617,-0.370123,0.218236,0.212481,-0.825784,-0.521819,0.373456,-0.424797,0.824631
0.265323,0.157274,-0.106347,-168.167731,-47.476608,136.596224,-0.660928,0.346616,-0.664981,-0.138464,0.815121,0.562417,0.737001,0.46405,-0.490654,0.329617,0.13149,-0.104561,-137.562791,-30.114323,-92.195424,-0.637962,-0.39617,0.659559,-0.5833,-0.309357,-0.750488,0.501727,-0.864014,-0.033123,0.40764,0.173571,-0.125657,-138.034669,-31.282733,92.791231,-0.635154,0.352979,-0.686519,-0.5712,0.383335,0.725624,0.519262,0.853349,-0.041605,0.279834,-0.162827,-0.100319,174.812994,-49.555533,-99.275718,-0.64548,-0.733373,-0.211593,0.058596,0.228932,-0.971497,0.761035,-0.639847,-0.1045,0.336203,-0.137601,-0.103222,150.06464,-22.973732,-156.313091,-0.797391,0.320905,-0.510101,0.459175,0.871955,-0.169654,0.390309,-0.369654,-0.842618,0.412775,-0.167404,-0.117956,166.921774,-21.992884,-27.292606,-0.90274,-0.368289,0.220422,0.209712,-0.826322,-0.521928,0.374491,-0.425148,0.823971
0.265323,0.157274,-0.106235,-168.167731,-47.476608,136.596224,-0.660928,0.346616,-0.664981,-0.138464,0.815121,0.562417,0.737001,0.46405,-0.490654,0.329617,0.131378,-0.104449,-137.606883,-30.07749,-92.210178,-0.638817,-0.39605,0.659102,-0.58318,-0.308743,-0.751044,0.501171,-0.864471,-0.033363,0.40764,0.173682,-0.125657,-137.995712,-31.269597,92.772451,-0.634804,0.352781,-0.68686,-0.571666,0.38326,0.725266,0.519066,0.853439,-0.041329,0.279946,-0.162716,-0.100431,174.870813,-49.592309,-99.29593,-0.644857,-0.733917,-0.211008,0.057883,0.228742,-0.971523,0.761451,-0.639198,-0.104626,0.336203,-0.137601,-0.103222,150.07509,-22.990156,-156.310998,-0.797391,0.320642,-0.510294,0.458981,0.872057,-0.169662,0.390573,-0.369646,-0.842516,0.41244,-0.167627,-0.118625,166.886163,-22.20029,-27.332607,-0.90139,-0.370473,0.22274,0.20999,-0.825488,-0.523323,0.377845,-0.425103,0.822473
0.265323,0.157274,-0.106347,-168.15314,-47.486006,136.577094,-0.660508,0.346674,-0.665092,-0.138551,0.815121,0.562359,0.737112,0.463962,-0.490234,0.329729,0.131378,-0.104338,-137.622009,-30.046169,-92.22041,-0.63905,-0.395986,0.658695,-0.583083,-0.307995,-0.751272,0.500698,-0.864633,-0.033524,0.40764,0.173682,-0.125769,-137.976255,-31.295208,92.747136,-0.634454,0.353244,-0.686973,-0.571741,0.383298,0.725197,0.519448,0.853239,-0.040941,0.279946,-0.162716,-0.100431,174.914198,-49.619298,-99.349284,-0.644921,-0.734235,-0.210871,0.057397,0.228787,-0.97166,0.761757,-0.638997,-0.105204,0.336091,-0.137489,-0.103222,150.100881,-23.002313,-156.347339,-0.797708,0.320581,-0.510216,0.458686,0.872299,-0.169298,0.390768,-0.369165,-0.842872,0.412663,-0.167515,-0.118402,166.940918,-22.124534,-27.317201,-0.902065,-0.369074,0.22228,0.209238,-0.826097,-0.522641,0.376621,-0.42511,0.823029
0.265323,0.157274,-0.106347,-168.147096,-47.503834,136.578004,-0.660508,0.346747,-0.665303,-0.138624,0.815121,0.562374,0.737323,0.463947,-0.490234,0.329617,0.13149,-0.104449,-137.616751,-30.058921,-92.252978,-0.638997,-0.396416,0.658635,-0.583142,-0.307862,-0.751384,0.50089,-0.864574,-0.034014,0.407529,0.173682,-0.125769,-137.976255,-31.295208,92.747136,-0.634454,0.353244,-0.686973,-0.571741,0.383298,0.725197,0.519448,0.853239,-0.040941,0.279946,-0.162939,-0.100431,174.876676,-49.58969,-99.342884,-0.645265,-0.733778,-0.211375,0.057853,0.229139,-0.971547,0.761422,-0.63939,-0.105196,0.335979,-0.137378,-0.103222,150.14192,-23.005554,-156.400445,-0.797955,0.320385,-0.509824,0.458068,0.872712,-0.168815,0.39082,-0.368345,-0.843127,0.412775,-0.167739,-0.118067,166.923246,-22.029675,-27.335726,-0.902648,-0.36872,0.22067,0.209667,-0.826016,-0.52267,0.375087,-0.425664,0.823448
0.265323,0.157274,-0.106347,-168.129958,-47.481087,136.556292,-0.660653,0.346564,-0.66515,-0.138861,0.815005,0.56247,0.737054,0.464272,-0.490204,0.329617,0.13149,-0.104449,-137.616317,-30.077967,-92.247676,-0.63905,-0.39644,0.65889,-0.583199,-0.308405,-0.751342,0.501178,-0.864564,-0.033934,0.407529,0.173682,-0.125657,-137.970408,-31.243468,92.75319,-0.634722,0.352552,-0.687045,-0.5721,0.382917,0.725101,0.518676,0.853685,-0.041053,0.279946,-0.162939,-0.100319,174.826088,-49.557816,-99.306129,-0.645544,-0.733347,-0.211736,0.058453,0.229211,-0.971465,0.761061,-0.639815,-0.104844,0.335979,-0.137378,-0.10311,150.18475,-22.97398,-156.433227,-0.798343,0.320142,-0.509075,0.457498,0.872984,-0.16889,0.390313,-0.367882,-0.843382,0.412998,-0.167627,-0.117956,166.956439,-21.941244,-27.301928,-0.9032,-0.367452,0.219955,0.209244,-0.826551,-0.521762,0.373656,-0.425437,0.824201
0.265323,0.157274,-0.106347,-168.129958,-47.481087,136.556292,-0.660653,0.346564,-0.66515,-0.138861,0.815005,0.56247,0.737054,0.464272,-0.490204,0.329617,0.131378,-0.104561,-137.658932,-30.14582,-92.262789,-0.63905,-0.397596,0.658203,-0.582329,-0.30861,-0.751939,0.502202,-0.863966,-0.034138,0.40764,0.173682,-0.125657,-137.962566,-31.235343,92.729606,-0.634641,0.352673,-0.686961,-0.572184,0.382648,0.725142,0.518555,0.853726,-0.040703,0.279946,-0.163051,-0.100208,174.748142,-49.528766,-99.258902,-0.645824,-0.732885,-0.212408,0.059364,0.2294,-0.971358,0.760732,-0.640266,-0.104376,0.335979,-0.137266,-0.102998,150.212319,-22.951314,-156.449221,-0.798801,0.320033,-0.508641,0.45725,0.873085,-0.169085,0.389949,-0.367757,-0.843739,0.413221,-0.167515,-0.117732,166.993379,-21.867086,-27.268267,-0.903753,-0.366246,0.219468,0.208758,-0.827165,-0.520891,0.372455,-0.425172,0.824876
0.265323,0.157274,-0.106347,-168.129958,-47.481087,136.556292,-0.660653,0.346564,-0.66515,-0.138861,0.815005,0.56247,0.737054,0.464272,-0.490204,0.329729,0.131043,-0.104784,-137.771336,-30.245393,-92.251833,-0.639388,-0.399295,0.656568,-0.580344,-0.308743,-0.753224,0.503705,-0.862966,-0.033934,0.407529,0.173794,-0.125769,-137.918707,-31.244185,92.709196,-0.634022,0.352683,-0.687324,-0.572507,0.38288,0.724693,0.518686,0.853556,-0.04039,0.280057,-0.163274,-0.100096,174.662348,-49.477368,-99.197212,-0.646383,-0.732195,-0.212991,0.060392,0.229424,-0.971279,0.760149,-0.641031,-0.103792,0.335756,-0.137043,-0.102887,150.304543,-22.912492,-156.483641,-0.799717,0.319129,-0.507668,0.456066,0.873591,-0.169649,0.389325,-0.367333,-0.844149,0.413445,-0.167292,-0.117844,167.064628,-21.849705,-27.178441,-0.904278,-0.364769,0.22044,0.207695,-0.828623,-0.51927,0.372173,-0.423937,0.825656
0.265323,0.157274,-0.106347,-168.118543,-47.4571,136.547547,-0.660653,0.346281,-0.665013,-0.138998,0.815034,0.562356,0.736771,0.464386,-0.490175,0.329952,0.13082,-0.104896,-137.877032,-30.356279,-92.2544,-0.639725,-0.401137,0.655102,-0.578502,-0.30908,-0.754493,0.505375,-0.861983,-0.033934,0.407529,0.173794,-0.125881,-137.921608,-31.265794,92.681197,-0.63394,0.353289,-0.687147,-0.572375,0.382686,0.72492,0.519009,0.85341,-0.039965,0.280169,-0.163497,-0.099985,174.586631,-49.458328,-99.131267,-0.6466,-0.73193,-0.213381,0.061274,0.229214,-0.971288,0.759933,-0.64143,-0.103099,0.335533,-0.13682,-0.102664,150.356737,-22.873657,-156.477992,-0.800314,0.318481,-0.507035,0.455442,0.873753,-0.170468,0.3887,-0.3675,-0.844304,0.413445,-0.166511,-0.117509,167.239477,-21.786198,-27.063858,-0.905364,-0.361345,0.221852,0.205038,-0.830926,-0.516734,0.371144,-0.422474,0.826873
0.265323,0.157274,-0.106347,-168.127441,-47.448949,136.553741,-0.661219,0.346322,-0.664887,-0.13901,0.814889,0.562624,0.736675,0.464684,-0.490595,0.330064,0.130708,-0.105119,-137.911639,-30.414854,-92.269295,-0.639725,-0.402124,0.654558,-0.5778,-0.309285,-0.754989,0.506257,-0.861486,-0.034138,0.407529,0.173906,-0.125881,-137.898367,-31.260387,92.65974,-0.633859,0.353369,-0.687372,-0.572768,0.38238,0.724839,0.518928,0.853572,-0.039652,0.280169,-0.16372,-0.100096,174.478403,-49.462069,-99.039088,-0.646473,-0.731888,-0.214031,0.062494,0.229003,-0.971272,0.759976,-0.641572,-0.102064,0.335421,-0.136596,-0.102552,150.433781,-22.864256,-156.518842,-0.80116,0.317794,-0.506503,0.454498,0.874226,-0.170643,0.388549,-0.367007,-0.844818,0.413668,-0.166957,-0.116728,167.11372,-21.603243,-26.893958,-0.906336,-0.361243,0.219208,0.20735,-0.832239,-0.514177,0.368177,-0.420566,0.829198
0.265435,0.157274,-0.106347,-168.107133,-47.45959,136.521658,-0.660945,0.346479,-0.664984,-0.139197,0.814743,0.562776,0.736801,0.464806,-0.490175,0.330175,0.130597,-0.105342,-137.953636,-30.491792,-92.247098,-0.639493,-0.40306,0.653943,-0.57674,-0.309828,-0.755393,0.507415,-0.860692,-0.033773,0.407529,0.173794,-0.126104,-137.916946,-31.298274,92.678905,-0.63394,0.353733,-0.687362,-0.572469,0.382723,0.724986,0.519493,0.853345,-0.039928,0.280057,-0.164055,-0.099985,174.324421,-49.48619,-98.890224,-0.64594,-0.732095,-0.214796,0.064195,0.228511,-0.971263,0.760249,-0.641491,-0.100343,0.33531,-0.136373,-0.102664,150.479583,-22.901445,-156.516459,-0.80116,0.316808,-0.506821,0.453652,0.874627,-0.170776,0.389147,-0.366874,-0.844417,0.413556,-0.166846,-0.116616,167.151651,-21.577869,-26.900115,-0.906336,-0.360491,0.219158,0.206719,-0.832163,-0.514027,0.367765,-0.420717,0.829274
0.265435,0.157274,-0.106347,-168.107481,-47.443023,136.507819,-0.66109,0.346506,-0.664759,-0.139223,0.814598,0.562972,0.736605,0.465031,-0.490175,0.330175,0.130485,-0.105454,-137.971987,-30.56103,-92.237944,-0.639261,-0.403801,0.653783,-0.576159,-0.310576,-0.755577,0.508456,-0.860117,-0.033613,0.407529,0.173906,-0.126104,-137.897495,-31.259518,92.685498,-0.63394,0.353073,-0.68759,-0.572859,0.382611,0.724696,0.518915,0.853634,-0.04004,0.280057,-0.164167,-0.100096,174.28635,-49.528997,-98.847841,-0.645254,-0.732571,-0.215001,0.06456,0.228395,-0.971242,0.760735,-0.640952,-0.099773,0.33531,-0.136373,-0.102552,150.494697,-22.876578,-156.531539,-0.801618,0.316928,-0.506422,0.453632,0.874627,-0.170911,0.388747,-0.366809,-0.844875,0.412775,-0.166511,-0.116505,167.20442,-21.59737,-26.922624,-0.906457,-0.359958,0.219764,0.205868,-0.832315,-0.514217,0.368082,-0.420988,0.829001
0.265435,0.157274,-0.106347,-168.107481,-47.443023,136.507819,-0.66109,0.346506,-0.664759,-0.139223,0.814598,0.562972,0.736605,0.465031,-0.490175,0.330287,0.130485,-0.105566,-137.996707,-30.608553,-92.233456,-0.639314,-0.404332,0.653612,-0.575707,-0.311119,-0.755843,0.50917,-0.859798,-0.033533,0.40764,0.173794,-0.125992,-137.918717,-31.235675,92.659312,-0.634128,0.353203,-0.687041,-0.572602,0.382111,0.725052,0.51856,0.85371,-0.039652,0.280057,-0.164167,-0.100208,174.258567,-49.546662,-98.823703,-0.644631,-0.732708,-0.215317,0.064814,0.228675,-0.971046,0.760935,-0.640524,-0.09943,0.335198,-0.136485,-0.10244,150.497479,-22.844975,-156.524189,-0.801688,0.31694,-0.506014,0.45362,0.874557,-0.17124,0.388239,-0.366938,-0.844875,0.412886,-0.166511,-0.116281,167.239189,-21.545916,-26.931864,-0.906918,-0.359121,0.219292,0.205395,-0.832548,-0.514054,0.367247,-0.421272,0.829229
0.265435,0.157274,-0.106347,-168.078299,-47.455903,136.487969,-0.661236,0.346468,-0.665027,-0.139606,0.814481,0.563097,0.736757,0.465326,-0.490145,0.330287,0.130373,-0.105789,-138.030181,-30.646492,-92.234521,-0.639314,-0.405008,0.653042,-0.575031,-0.311119,-0.756253,0.50974,-0.859388,-0.033533,0.407752,0.173794,-0.125992,-137.917867,-31.226295,92.635206,-0.634315,0.353427,-0.686975,-0.572789,0.381573,0.725267,0.51842,0.853926,-0.039302,0.280057,-0.164278,-0.100208,174.228134,-49.564562,-98.791796,-0.644848,-0.73296,-0.215288,0.065181,0.228114,-0.971307,0.761137,-0.640669,-0.099087,0.335087,-0.136261,-0.10244,150.559422,-22.860409,-156.549969,-0.802077,0.316132,-0.505882,0.452696,0.875028,-0.171279,0.388487,-0.366511,-0.844932,0.412886,-0.166511,-0.116281,167.245949,-21.513872,-26.921006,-0.907259,-0.358769,0.218965,0.205359,-0.832858,-0.513773,0.366726,-0.421212,0.829501
0.265435,0.157163,-0.106347,-168.08399,-47.454661,136.500897,-0.66109,0.346368,-0.665042,-0.139507,0.814627,0.562887,0.736742,0.465116,-0.490145,0.330287,0.130262,-0.105901,-138.054963,-30.694041,-92.230036,-0.639367,-0.40554,0.652871,-0.574579,-0.311662,-0.756519,0.510453,-0.859069,-0.033453,0.40764,0.173794,-0.126104,-137.874881,-31.235984,92.589045,-0.633616,0.353734,-0.68712,-0.57302,0.381573,0.724961,0.518564,0.853694,-0.038602,0.279946,-0.16439,-0.100208,174.169034,-49.582598,-98.704556,-0.644381,-0.733236,-0.21526,0.065806,0.227554,-0.971345,0.761341,-0.640475,-0.098059,0.334975,-0.13615,-0.102217,150.613645,-22.827815,-156.570402,-0.802535,0.315599,-0.505148,0.451953,0.875328,-0.171638,0.387963,-0.366222,-0.845091,0.412775,-0.166399,-0.116505,167.301755,-21.571502,-26.911793,-0.907138,-0.358341,0.220336,0.204403,-0.833237,-0.51361,0.367662,-0.420913,0.829243
0.265435,0.157163,-0.106459,-168.051908,-47.457878,136.473906,-0.66067,0.346216,-0.665225,-0.139804,0.814656,0.56273,0.73678,0.465128,-0.489696,0.330398,0.13015,-0.106235,-138.085667,-30.805764,-92.235998,-0.638798,-0.407115,0.65221,-0.573449,-0.312277,-0.756957,0.512129,-0.857954,-0.033499,0.407752,0.173906,-0.125992,-137.842103,-31.220676,92.595577,-0.633616,0.353343,-0.687698,-0.57368,0.381461,0.724634,0.518336,0.854021,-0.038715,0.279834,-0.164613,-0.100319,174.063481,-49.646054,-98.641727,-0.643696,-0.733789,-0.216258,0.066934,0.22767,-0.971328,0.762059,-0.639931,-0.097257,0.334752,-0.135927,-0.102329,150.664224,-22.844146,-156.608448,-0.802853,0.315078,-0.505001,0.4512,0.875767,-0.171389,0.388226,-0.365624,-0.84525,0.412663,-0.165729,-0.115946,167.484494,-21.440882,-26.846751,-0.908601,-0.354494,0.220529,0.20169,-0.835165,-0.511547,0.365541,-0.420349,0.830466
0.265435,0.157163,-0.106347,-168.049108,-47.442313,136.48526,-0.66109,0.345948,-0.665187,-0.139927,0.814685,0.562688,0.736597,0.465315,-0.490087,0.33051,0.130039,-0.106347,-138.150429,-30.869611,-92.237232,-0.639136,-0.408114,0.651458,-0.572449,-0.312615,-0.757716,0.513086,-0.857481,-0.033499,0.40764,0.174017,-0.125769,-137.767384,-31.151611,92.562319,-0.633185,0.352434,-0.688318,-0.574794,0.380966,0.723924,0.517304,0.854543,-0.038241,0.279834,-0.164836,-0.100319,173.948599,-49.684394,-98.51946,-0.642606,-0.734172,-0.216855,0.068124,0.227505,-0.971144,0.762492,-0.639337,-0.095772,0.334528,-0.135703,-0.102217,150.742139,-22.817304,-156.639039,-0.80377,0.314366,-0.50429,0.450278,0.876165,-0.17184,0.387794,-0.365313,-0.845768,0.412663,-0.165506,-0.115612,167.556154,-21.339932,-26.790452,-0.909385,-0.352496,0.220088,0.200671,-0.836173,-0.51013,0.3639,-0.419819,0.831444
0.265435,0.157163,-0.106347,-168.03167,-47.436141,136.477448,-0.66109,0.345738,-0.66526,-0.140137,0.814715,0.562589,0.736524,0.465414,-0.490058,0.330733,0.129927,-0.106682,-138.232439,-30.933417,-92.244278,-0.639421,-0.409427,0.650165,-0.571057,-0.31241,-0.75872,0.514042,-0.856815,-0.033579,0.407752,0.173906,-0.125881,-137.813231,-31.163524,92.580405,-0.633804,0.352733,-0.687996,-0.574432,0.380772,0.724458,0.517482,0.854628,-0.038516,0.279722,-0.165171,-0.100319,173.710174,-49.691362,-98.371663,-0.642763,-0.733925,-0.218831,0.070846,0.22759,-0.971099,0.762571,-0.639848,-0.094161,0.334305,-0.13548,-0.101994,150.857373,-22.796956,-156.672194,-0.804687,0.312965,-0.503474,0.448668,0.876859,-0.172465,0.387467,-0.364828,-0.845991,0.412663,-0.165729,-0.114942,167.499445,-21.089177,-26.782278,-0.910651,-0.351486,0.21608,0.201896,-0.836211,-0.509437,0.359821,-0.420411,0.832912
0.265435,0.157163,-0.106347,-168.020278,-47.412167,136.468747,-0.66109,0.345455,-0.665123,-0.140275,0.814744,0.562475,0.736241,0.465528,-0.490029,0.330845,0.129592,-0.106793,-138.358102,-31.017951,-92.199647,-0.64015,-0.41052,0.648839,-0.56919,-0.313015,-0.75993,0.515307,-0.856121,-0.032884,0.407863,0.173906,-0.125992,-137.774401,-31.150342,92.561796,-0.633454,0.352537,-0.688337,-0.574897,0.380697,0.724099,0.517285,0.854718,-0.038241,0.279611,-0.165395,-0.100208,173.575269,-49.639809,-98.292553,-0.643044,-0.733094,-0.220098,0.07241,0.228116,-0.970786,0.761988,-0.640502,-0.093354,0.334417,-0.135257,-0.101882,150.980835,-22.706767,-156.727838,-0.806063,0.312017,-0.501603,0.44716,0.877452,-0.173311,0.386015,-0.364191,-0.846774,0.412775,-0.165729,-0.114719,167.541063,-20.993829,-26.809079,-0.911233,-0.350275,0.214935,0.20133,-0.836228,-0.509365,0.358267,-0.421064,0.833236
0.265435,0.157163,-0.106347,-168.023583,-47.405238,136.462087,-0.661802,0.345595,-0.664983,-0.140386,0.814452,0.562954,0.736159,0.466036,-0.490449,0.330733,0.129592,-0.107017,-138.37864,-31.089108,-92.209729,-0.639866,-0.411548,0.648451,-0.568526,-0.313425,-0.760245,0.516371,-0.855467,-0.033009,0.407863,0.173794,-0.126104,-137.808332,-31.176974,92.528867,-0.633642,0.353461,-0.687734,-0.574384,0.380309,0.724725,0.517683,0.854522,-0.037741,0.279499,-0.165171,-0.099985,173.519987,-49.5454,-98.297571,-0.644071,-0.731788,-0.220994,0.073155,0.22892,-0.970494,0.76092,-0.641636,-0.093577,0.334417,-0.135034,-0.101771,151.081738,-22.698446,-156.757239,-0.80698,0.310809,-0.50105,0.445813,0.878043,-0.173825,0.385881,-0.363816,-0.8471,0.412998,-0.165841,-0.114495,167.576749,-20.870495,-26.926069,-0.912074,-0.349298,0.212788,0.200921,-0.835565,-0.510552,0.356257,-0.423111,0.833058
0.265435,0.157163,-0.106347,-168.014984,-47.396832,136.442025,-0.661382,0.34558,-0.664884,-0.1404,0.814452,0.562881,0.73606,0.465963,-0.490029,0.330622,0.129592,-0.107017,-138.388448,-31.119475,-92.223952,-0.639866,-0.412028,0.648336,-0.56833,-0.31363,-0.760437,0.516824,-0.855276,-0.033214,0.408087,0.173682,-0.126104,-137.87534,-31.173619,92.570624,-0.634342,0.353369,-0.687146,-0.573668,0.380385,0.725256,0.517633,0.85453,-0.038365,0.279276,-0.164948,-0.099761,173.51453,-49.483215,-98.338287,-0.644818,-0.730908,-0.221527,0.073302,0.229659,-0.970287,0.760216,-0.642342,-0.094146,0.33464,-0.134922,-0.101771,151.189018,-22.654847,-156.829601,-0.808218,0.310098,-0.499803,0.444523,0.878673,-0.174004,0.385179,-0.362929,-0.847986,0.41311,-0.166288,-0.115612,167.500624,-21.270219,-26.815527,-0.909625,-0.352904,0.218451,0.201649,-0.835721,-0.51049,0.362767,-0.420382,0.831655
0.265435,0.157163,-0.106347,-168.032411,-47.403005,136.449823,-0.661382,0.345791,-0.664811,-0.14019,0.814423,0.56298,0.736133,0.465864,-0.490058,0.330287,0.129815,-0.106793,-138.314167,-31.054689,-92.184908,-0.639297,-0.410639,0.649304,-0.569309,-0.31363,-0.75938,0.515856,-0.855656,-0.032645,0.407975,0.173794,-0.126104,-137.873336,-31.152895,92.572885,-0.634342,0.35306,-0.687105,-0.573708,0.380347,0.725172,0.517324,0.854614,-0.038403,0.279722,-0.164725,-0.099761,173.791522,-49.500924,-98.48502,-0.64488,-0.731642,-0.218756,0.070153,0.228677,-0.970736,0.760416,-0.641832,-0.095751,0.334863,-0.134922,-0.101771,151.217233,-22.614791,-156.834995,-0.808746,0.309965,-0.499186,0.444295,0.878701,-0.174473,0.384534,-0.362989,-0.848348,0.412552,-0.165618,-0.115277,167.551149,-21.241139,-26.707733,-0.910051,-0.351556,0.219149,0.200901,-0.837107,-0.508635,0.362294,-0.418902,0.832615
0.265547,0.157274,-0.106347,-168.026744,-47.404239,136.436915,-0.661528,0.34589,-0.664796,-0.140289,0.814277,0.563191,0.736147,0.466074,-0.490058,0.330064,0.130039,-0.106682,-138.250173,-31.030688,-92.192391,-0.639012,-0.409975,0.65034,-0.570337,-0.314041,-0.75867,0.515497,-0.856028,-0.032771,0.407975,0.173794,-0.126104,-137.86055,-31.166746,92.547618,-0.633992,0.353388,-0.687043,-0.573649,0.380385,0.725121,0.51753,0.854395,-0.038015,0.279834,-0.164948,-0.099873,173.796175,-49.570832,-98.494927,-0.644256,-0.732434,-0.218821,0.070032,0.228612,-0.970852,0.761208,-0.641092,-0.095754,0.335198,-0.135034,-0.101882,151.28121,-22.615797,-156.863659,-0.809136,0.309188,-0.498825,0.443334,0.879162,-0.174557,0.38455,-0.362516,-0.848415,0.412663,-0.165729,-0.11483,167.561636,-21.054587,-26.750994,-0.911215,-0.350231,0.216329,0.200983,-0.83706,-0.508642,0.359257,-0.420059,0.833346
0.265435,0.157274,-0.106459,-168.032791,-47.386446,136.43602,-0.661528,0.345817,-0.664586,-0.140216,0.814277,0.563176,0.735937,0.466088,-0.490058,0.32984,0.129927,-0.10657,-138.241732,-31.021178,-92.192128,-0.639012,-0.409806,0.650482,-0.570506,-0.314041,-0.758567,0.515355,-0.856131,-0.032771,0.407975,0.173682,-0.126216,-137.892726,-31.191646,92.566224,-0.634342,0.353719,-0.686877,-0.573318,0.38046,0.725461,0.517902,0.854325,-0.03829,0.279834,-0.165283,-0.100096,173.66881,-49.624157,-98.373438,-0.643167,-0.732959,-0.21959,0.071361,0.228447,-0.970723,0.761811,-0.640442,-0.094269,0.33531,-0.135034,-0.101882,151.304999,-22.596793,-156.828901,-0.809345,0.308592,-0.498672,0.443012,0.879148,-0.175409,0.384244,-0.363041,-0.84822,0.413556,-0.165618,-0.114272,167.732455,-20.711824,-26.903832,-0.913904,-0.345843,0.212046,0.198721,-0.83729,-0.50917,0.353668,-0.423246,0.834125
0.265435,0.157163,-0.106347,-168.032791,-47.386446,136.43602,-0.661528,0.345817,-0.664586,-0.140216,0.814277,0.563176,0.735937,0.466088,-0.490058,0.329952,0.129927,-0.106459,-138.241431,-30.972491,-92.220963,-0.639189,-0.409688,0.650123,-0.57067,-0.312954,-0.758715,0.514626,-0.856428,-0.033214,0.407975,0.173682,-0.126104,-137.920894,-31.175088,92.589345,-0.634692,0.353431,-0.686629,-0.573068,0.38046,0.725633,0.517655,0.854422,-0.03864,0.279722,-0.165506,-0.099985,173.482962,-49.597963,-98.235345,-0.643325,-0.732464,-0.220913,0.073491,0.22841,-0.970587,0.761515,-0.641043,-0.092779,0.335198,-0.135145,-0.101994,151.209693,-22.6267,-156.755557,-0.808637,0.309329,-0.499797,0.444374,0.87845,-0.175545,0.384725,-0.364142,-0.847791,0.413556,-0.166064,-0.114719,167.625248,-20.827556,-26.908531,-0.912758,-0.348251,0.212711,0.200261,-0.836342,-0.509993,0.355557,-0.422987,0.833445
0.265547,0.157163,-0.106459,-168.050598,-47.376066,136.430017,-0.661674,0.346054,-0.664288,-0.140032,0.814102,0.563471,0.735814,0.466214,-0.490087,0.330064,0.129815,-0.106347,-138.263641,-30.959296,-92.244442,-0.639759,-0.409751,0.649982,-0.570733,-0.312748,-0.759068,0.514429,-0.856752,-0.033579,0.407863,0.173682,-0.126104,-137.88093,-31.142072,92.547209,-0.634261,0.353221,-0.686712,-0.573483,0.380115,0.725334,0.517162,0.854533,-0.038015,0.279611,-0.165506,-0.099873,173.391918,-49.541227,-98.192548,-0.644228,-0.731666,-0.221726,0.074632,0.228536,-0.970556,0.760873,-0.642039,-0.092434,0.334863,-0.135257,-0.101994,151.12982,-22.647509,-156.698969,-0.807859,0.309929,-0.500609,0.445414,0.877917,-0.175557,0.385061,-0.364908,-0.847265,0.413333,-0.166176,-0.115165,167.559316,-21.04064,-26.854035,-0.911131,-0.35053,0.215484,0.201003,-0.835988,-0.510105,0.35903,-0.42159,0.832654
0.265547,0.157274,-0.106347,-168.047809,-47.3605,136.441391,-0.662094,0.345785,-0.66425,-0.140155,0.814131,0.56343,0.73563,0.466401,-0.490478,0.330287,0.129815,-0.106459,-138.286283,-30.946214,-92.217382,-0.639759,-0.409636,0.649502,-0.570279,-0.312338,-0.759199,0.514233,-0.856621,-0.033168,0.407975,0.173571,-0.126104,-137.947168,-31.129331,92.564931,-0.63515,0.353354,-0.686058,-0.572953,0.379652,0.726079,0.516972,0.854756,-0.03829,0.279611,-0.165395,-0.099538,173.390783,-49.423948,-98.187791,-0.645194,-0.730308,-0.221687,0.074757,0.228827,-0.970295,0.759543,-0.643205,-0.092547,0.334863,-0.135257,-0.101994,151.104203,-22.635665,-156.662648,-0.807541,0.309994,-0.500685,0.445709,0.877679,-0.175923,0.38487,-0.365389,-0.846904,0.412998,-0.165953,-0.115612,167.566234,-21.249674,-26.797116,-0.909847,-0.35171,0.21886,0.200605,-0.836183,-0.509901,0.362433,-0.420168,0.831896
0.265547,0.157274,-0.106347,-168.065611,-47.350126,136.435386,-0.66224,0.346021,-0.663952,-0.139971,0.813956,0.563725,0.735508,0.466526,-0.490507,0.330175,0.129815,-0.106347,-138.285396,-30.935755,-92.235694,-0.640043,-0.409569,0.649658,-0.570551,-0.312338,-0.759265,0.514077,-0.856893,-0.033453,0.407975,0.173571,-0.125992,-137.980305,-31.090802,92.589763,-0.635769,0.352858,-0.685789,-0.572845,0.379345,0.726343,0.516396,0.855112,-0.038677,0.279611,-0.165171,-0.099426,173.456079,-49.353902,-98.274504,-0.646564,-0.729491,-0.221453,0.074169,0.229055,-0.970401,0.758747,-0.644222,-0.093689,0.334975,-0.135368,-0.101994,151.129689,-22.627175,-156.675594,-0.808,0.309849,-0.500478,0.445494,0.877777,-0.176065,0.384733,-0.365318,-0.847265,0.413221,-0.165841,-0.11483,167.625325,-20.996111,-26.867247,-0.911593,-0.349291,0.21536,0.200004,-0.836302,-0.509909,0.358305,-0.421906,0.832802
0.265547,0.157274,-0.106459,-168.077364,-47.357538,136.43028,-0.662386,0.346331,-0.663865,-0.13986,0.813781,0.564034,0.735595,0.466638,-0.490537,0.329952,0.129927,-0.106124,-138.228921,-30.881354,-92.23473,-0.639705,-0.408738,0.650268,-0.571382,-0.312,-0.75861,0.513262,-0.857263,-0.033453,0.407975,0.173571,-0.125992,-138.01716,-31.083253,92.610671,-0.636119,0.352745,-0.685407,-0.572419,0.379382,0.726617,0.516283,0.855107,-0.03899,0.279834,-0.165171,-0.099092,173.474545,-49.204578,-98.330554,-0.648559,-0.727678,-0.221605,0.074186,0.229571,-0.970281,0.757047,-0.64609,-0.094606,0.33531,-0.135257,-0.102105,151.194525,-22.610985,-156.69393,-0.808459,0.309051,-0.499935,0.444555,0.878169,-0.176428,0.384472,-0.365025,-0.847332,0.414003,-0.166064,-0.11483,167.667528,-20.852753,-26.957377,-0.912657,-0.347985,0.213151,0.199533,-0.836027,-0.510623,0.355968,-0.423623,0.832937
0.265435,0.157274,-0.106459,-168.083413,-47.339758,136.429383,-0.662386,0.346258,-0.663654,-0.139787,0.813781,0.56402,0.735385,0.466652,-0.490537,0.329505,0.130039,-0.105901,-138.165416,-30.838263,-92.247411,-0.639367,-0.408049,0.651047,-0.572355,-0.311867,-0.75794,0.512616,-0.857648,-0.033658,0.407752,0.173459,-0.125992,-138.024931,-31.091352,92.634196,-0.6362,0.352624,-0.685491,-0.572336,0.379652,0.726577,0.516404,0.855066,-0.03934,0.279946,-0.16506,-0.098868,173.541871,-49.1198,-98.438316,-0.649712,-0.726575,-0.221707,0.073544,0.230473,-0.970101,0.75608,-0.646988,-0.095981,0.335645,-0.135368,-0.102217,151.258359,-22.591761,-156.699175,-0.808988,0.308195,-0.499442,0.443673,0.87849,-0.17702,0.384163,-0.364962,-0.8474,0.414672,-0.166622,-0.114719,167.601531,-20.704793,-27.030036,-0.91326,-0.348136,0.210021,0.200768,-0.83515,-0.511463,0.353553,-0.425092,0.833211
0.265435,0.157274,-0.106459,-168.077757,-47.340995,136.416494,-0.662532,0.346357,-0.66364,-0.139886,0.813635,0.56423,0.7354,0.466862,-0.490537,0.329282,0.129927,-0.105677,-138.154864,-30.797509,-92.251517,-0.639652,-0.407502,0.651319,-0.572822,-0.311662,-0.757816,0.512006,-0.85811,-0.033738,0.407752,0.173348,-0.125992,-138.063804,-31.104512,92.652879,-0.63655,0.352821,-0.685149,-0.57187,0.379727,0.726935,0.516601,0.854978,-0.039615,0.280057,-0.16506,-0.098757,173.568825,-49.035345,-98.505645,-0.650805,-0.725468,-0.221978,0.073358,0.231207,-0.969925,0.755114,-0.647944,-0.096901,0.335979,-0.135368,-0.102105,151.286515,-22.531457,-156.681184,-0.809659,0.307983,-0.498692,0.443523,0.878376,-0.177996,0.383191,-0.365434,-0.847761,0.41523,-0.167292,-0.114942,167.521664,-20.656865,-27.064321,-0.913161,-0.349062,0.208421,0.202081,-0.834325,-0.5121,0.35277,-0.425721,0.833211
0.265435,0.157274,-0.106459,-168.077757,-47.340995,136.416494,-0.662532,0.346357,-0.66364,-0.139886,0.813635,0.56423,0.7354,0.466862,-0.490537,0.329171,0.129927,-0.105342,-138.143011,-30.735992,-92.241739,-0.639937,-0.406644,0.651566,-0.573316,-0.311252,-0.757604,0.511083,-0.85866,-0.033613,0.40764,0.173459,-0.126216,-138.039413,-31.152076,92.625898,-0.63593,0.353491,-0.685283,-0.571802,0.38007,0.726774,0.517311,0.854519,-0.039191,0.280057,-0.16506,-0.098645,173.547261,-49.018219,-98.511773,-0.651148,-0.725182,-0.222344,0.073645,0.231433,-0.969896,0.754918,-0.648254,-0.097018,0.336203,-0.13548,-0.102217,151.309483,-22.529789,-156.656753,-0.8098,0.307409,-0.498719,0.443178,0.87843,-0.17857,0.383164,-0.365778,-0.847566,0.415342,-0.167404,-0.115388,167.487898,-20.756537,-27.069557,-0.91282,-0.35035,0.209492,0.20257,-0.834299,-0.512629,0.354398,-0.425533,0.832654
0.265323,0.157163,-0.106459,-168.095165,-47.347174,136.42428,-0.662532,0.346567,-0.663567,-0.139676,0.813605,0.564329,0.735473,0.466763,-0.490566,0.329059,0.129927,-0.105231,-138.119507,-30.709185,-92.260117,-0.639884,-0.406423,0.651763,-0.573742,-0.310914,-0.757426,0.510681,-0.858891,-0.033898,0.40764,0.173348,-0.125992,-138.066648,-31.134581,92.674732,-0.636361,0.352907,-0.685254,-0.571643,0.380302,0.726803,0.51705,0.854678,-0.039928,0.280057,-0.16506,-0.098645,173.572349,-49.005682,-98.541142,-0.651211,-0.725013,-0.222313,0.073363,0.231714,-0.969808,0.754775,-0.648279,-0.097362,0.336314,-0.13548,-0.102217,151.305538,-22.537982,-156.627821,-0.809941,0.307259,-0.499046,0.443328,0.878288,-0.17898,0.383296,-0.366286,-0.847566,0.415342,-0.167627,-0.115612,167.407653,-20.828743,-27.035356,-0.911775,-0.35187,0.210016,0.203678,-0.833667,-0.512639,0.355576,-0.424819,0.832484
0.265323,0.157274,-0.106459,-168.086606,-47.338791,136.404224,-0.662112,0.346552,-0.663467,-0.139691,0.813605,0.564256,0.735374,0.46669,-0.490145,0.328947,0.130039,-0.105119,-138.088421,-30.683365,-92.259952,-0.639546,-0.4061,0.651945,-0.574065,-0.310576,-0.757079,0.510293,-0.858954,-0.033898,0.40764,0.173459,-0.125992,-138.073356,-31.122864,92.67479,-0.636361,0.352772,-0.685079,-0.571508,0.380302,0.726822,0.516875,0.85466,-0.039928,0.280169,-0.16506,-0.098534,173.570549,-48.963503,-98.543586,-0.651835,-0.72453,-0.222279,0.073454,0.231659,-0.969838,0.754292,-0.648874,-0.09748,0.336314,-0.135592,-0.102329,151.290492,-22.522339,-156.56624,-0.809766,0.306982,-0.499184,0.443509,0.878004,-0.179863,0.383044,-0.367169,-0.847107,0.41523,-0.167627,-0.115835,167.394278,-20.892749,-27.044356,-0.911434,-0.352574,0.210746,0.203825,-0.833497,-0.513026,0.35662,-0.424773,0.83207
0.265323,0.157274,-0.106459,-168.098361,-47.346212,136.399129,-0.662258,0.346862,-0.66338,-0.139579,0.81343,0.564565,0.735461,0.466801,-0.490175,0.328947,0.130039,-0.105008,-138.079641,-30.644319,-92.283251,-0.639778,-0.405839,0.651989,-0.574451,-0.310033,-0.757084,0.509707,-0.859339,-0.034263,0.40764,0.173348,-0.125881,-138.147361,-31.118175,92.71608,-0.637331,0.352784,-0.684508,-0.570894,0.380107,0.727526,0.516805,0.854844,-0.040554,0.280281,-0.16506,-0.098534,173.574026,-48.933869,-98.579082,-0.652242,-0.724074,-0.222613,0.07346,0.232166,-0.969721,0.753952,-0.649209,-0.097941,0.336314,-0.135703,-0.102329,151.261048,-22.51872,-156.501041,-0.809592,0.306898,-0.499587,0.443954,0.877622,-0.180639,0.382985,-0.368157,-0.846745,0.415342,-0.167627,-0.115835,167.394466,-20.880793,-27.060262,-0.911556,-0.35255,0.210479,0.203849,-0.833424,-0.513221,0.356425,-0.425039,0.832022
