Sensor #1 X,Sensor #1 Y,Sensor #1 Z,"Sensor #1 Euler Angles (Z Y'X"") Z","Sensor #1 Euler Angles (Z Y'X"") Y'","Sensor #1 Euler Angles (Z Y'X"") X""","Sensor #1 Rotation Matrix M0,0","Sensor #1 Rotation Matrix M0,1","Sensor #1 Rotation Matrix M0,2","Sensor #1 Rotation Matrix M1,0","Sensor #1 Rotation Matrix M1,1","Sensor #1 Rotation Matrix M1,2","Sensor #1 Rotation Matrix M2,0","Sensor #1 Rotation Matrix M2,1","Sensor #1 Rotation Matrix M2,2",Sensor #2 X,Sensor #2 Y,Sensor #2 Z,"Sensor #2 Euler Angles (Z Y'X"") Z","Sensor #2 Euler Angles (Z Y'X"") Y'","Sensor #2 Euler Angles (Z Y'X"") X""","Sensor #2 Rotation Matrix M0,0","Sensor #2 Rotation Matrix M0,1","Sensor #2 Rotation Matrix M0,2","Sensor #2 Rotation Matrix M1,0","Sensor #2 Rotation Matrix M1,1","Sensor #2 Rotation Matrix M1,2","Sensor #2 Rotation Matrix M2,0","Sensor #2 Rotation Matrix M2,1","Sensor #2 Rotation Matrix M2,2",Sensor #3 X,Sensor #3 Y,Sensor #3 Z,"Sensor #3 Euler Angles (Z Y'X"") Z","Sensor #3 Euler Angles (Z Y'X"") Y'","Sensor #3 Euler Angles (Z Y'X"") X""","Sensor #3 Rotation Matrix M0,0","Sensor #3 Rotation Matrix M0,1","Sensor #3 Rotation Matrix M0,2","Sensor #3 Rotation Matrix M1,0","Sensor #3 Rotation Matrix M1,1","Sensor #3 Rotation Matrix M1,2","Sensor #3 Rotation Matrix M2,0","Sensor #3 Rotation Matrix M2,1","Sensor #3 Rotation Matrix M2,2",Sensor #4 X,Sensor #4 Y,Sensor #4 Z,"Sensor #4 Euler Angles (Z Y'X"") Z","Sensor #4 Euler Angles (Z Y'X"") Y'","Sensor #4 Euler Angles (Z Y'X"") X""","Sensor #4 Rotation Matrix M0,0","Sensor #4 Rotation Matrix M0,1","Sensor #4 Rotation Matrix M0,2","Sensor #4 Rotation Matrix M1,0","Sensor #4 Rotation Matrix M1,1","Sensor #4 Rotation Matrix M1,2","Sensor #4 Rotation Matrix M2,0","Sensor #4 Rotation Matrix M2,1","Sensor #4 Rotation Matrix M2,2",Sensor #5 X,Sensor #5 Y,Sensor #5 Z,"Sensor #5 Euler Angles (Z Y'X"") Z","Sensor #5 Euler Angles (Z Y'X"") Y'","Sensor #5 Euler Angles (Z Y'X"") X""","Sensor #5 Rotation Matrix M0,0","Sensor #5 Rotation Matrix M0,1","Sensor #5 Rotation Matrix M0,2","Sensor #5 Rotation Matrix M1,0","Sensor #5 Rotation Matrix M1,1","Sensor #5 Rotation Matrix M1,2","Sensor #5 Rotation Matrix M2,0","Sensor #5 Rotation Matrix M2,1","Sensor #5 Rotation Matrix M2,2",Sensor #6 X,Sensor #6 Y,Sensor #6 Z,"Sensor #6 Euler Angles (Z Y'X"") Z","Sensor #6 Euler Angles (Z Y'X"") Y'","Sensor #6 Euler Angles (Z Y'X"") X""","Sensor #6 Rotation Matrix M0,0","Sensor #6 Rotation Matrix M0,1","Sensor #6 Rotation Matrix M0,2","Sensor #6 Rotation Matrix M1,0","Sensor #6 Rotation Matrix M1,1","Sensor #6 Rotation Matrix M1,2","Sensor #6 Rotation Matrix M2,0","Sensor #6 Rotation Matrix M2,1","Sensor #6 Rotation Matrix M2,2"
0.270130,0.159283,-0.096564,178.452180,-25.433795,-174.003590,-0.902441,-0.017971,-0.429776,0.024384,0.995375,-0.092859,0.429462,-0.094315,-0.897827,0.323006,0.139561,-0.082824,-150.221110,-20.827811,56.716939,-0.810790,0.530379,-0.245734,-0.463951,-0.328180,0.822392,0.355559,0.781211,0.512837,0.403015,0.182285,-0.124529,-163.140994,-43.922624,-71.074715,-0.688924,-0.534069,0.489423,-0.208776,-0.500243,-0.840008,0.693686,-0.681171,0.233553,0.264210,-0.155119,-0.104053,100.974965,-16.558183,-19.073359,-0.956556,-0.080760,0.274217,-0.012679,-0.944306,-0.323778,0.284931,-0.313199,0.905501,0.318852,-0.144455,-0.086827,165.108948,-6.085367,3.132596,-0.960804,-0.250998,0.116292,0.255489,-0.966025,0.025603,0.106009,0.054332,0.992609,0.398989,-0.180683,-0.113014,122.234540,-55.073081,-175.467726,-0.304984,0.808097,-0.503013,0.483612,0.587023,0.648976,0.819878,-0.045168,-0.569830
0.270134,0.159283,-0.096580,178.450472,-25.436532,-174.009173,-0.902431,-0.017904,-0.429823,0.024411,0.995385,-0.092749,0.429505,-0.094226,-0.897827,0.323006,0.139610,-0.082865,-150.205229,-20.829078,56.701543,-0.810524,0.530500,-0.245780,-0.464096,-0.328096,0.822218,0.355580,0.781033,0.513019,0.403023,0.182323,-0.124538,-163.122670,-43.914351,-71.079834,-0.689025,-0.533827,0.489655,-0.209048,-0.500394,-0.839907,0.693582,-0.681320,0.233535,0.264210,-0.155120,-0.104053,100.990500,-16.562869,-19.084366,-0.956601,-0.080579,0.274358,-0.012938,-0.944339,-0.323887,0.285010,-0.313366,0.905423,0.318852,-0.144411,-0.086832,165.120890,-6.088580,3.135521,-0.960806,-0.250776,0.116355,0.255275,-0.966032,0.025662,0.106065,0.054383,0.992600,0.398885,-0.180711,-0.113023,122.207625,-55.085497,-175.474761,-0.304651,0.808417,-0.502684,0.483591,0.586587,0.649385,0.820002,-0.045082,-0.569636
0.270126,0.159283,-0.096562,178.456065,-25.424861,-174.019195,-0.902417,-0.017907,-0.429635,0.024322,0.995399,-0.092612,0.429322,-0.094067,-0.897827,0.323006,0.139605,-0.082873,-150.191634,-20.831828,56.684111,-0.810390,0.530682,-0.245790,-0.464276,-0.328191,0.822069,0.355625,0.780859,0.513246,0.403035,0.182290,-0.124490,-163.105608,-43.896988,-71.090679,-0.689175,-0.533568,0.489744,-0.209319,-0.500348,-0.839876,0.693364,-0.681568,0.233476,0.264210,-0.155120,-0.104053,100.999522,-16.561410,-19.084196,-0.956593,-0.080422,0.274386,-0.013088,-0.944339,-0.323840,0.284985,-0.313366,0.905430,0.318846,-0.144392,-0.086811,165.126070,-6.084432,3.126735,-0.960802,-0.250700,0.116246,0.255181,-0.966022,0.025543,0.105993,0.054231,0.992615,0.398853,-0.180642,-0.113018,122.241575,-55.103023,-175.493607,-0.304857,0.808300,-0.502861,0.483284,0.586792,0.649455,0.820178,-0.044884,-0.569524
0.270120,0.159283,-0.096562,178.457327,-25.425327,-174.018593,-0.902418,-0.017934,-0.429640,0.024303,0.995398,-0.092632,0.429329,-0.094077,-0.897827,0.323006,0.139600,-0.082840,-150.197097,-20.825836,56.683188,-0.810623,0.530646,-0.245785,-0.464307,-0.328475,0.822088,0.355527,0.780922,0.513306,0.403015,0.182290,-0.124396,-163.102522,-43.874437,-71.098625,-0.689386,-0.533368,0.489605,-0.209425,-0.500137,-0.839945,0.693080,-0.681842,0.233464,0.264210,-0.155120,-0.104053,100.994143,-16.561195,-19.085407,-0.956604,-0.080516,0.274350,-0.012998,-0.944333,-0.323885,0.284981,-0.313386,0.905425,0.318830,-0.144424,-0.086859,165.124481,-6.083775,3.112579,-0.960795,-0.250755,0.116173,0.255208,-0.966017,0.025304,0.105982,0.053986,0.992627,0.398891,-0.180522,-0.113060,122.282195,-55.119036,-175.508048,-0.305054,0.807972,-0.503217,0.482837,0.587240,0.649369,0.820339,-0.044718,-0.569256
0.270123,0.159283,-0.096562,178.455828,-25.430409,-174.016761,-0.902421,-0.017930,-0.429721,0.024326,0.995395,-0.092655,0.429409,-0.094106,-0.897827,0.322996,0.139600,-0.082839,-150.203405,-20.824243,56.687225,-0.810723,0.530590,-0.245754,-0.464246,-0.328533,0.822139,0.355501,0.780977,0.513263,0.403063,0.182374,-0.124395,-163.109920,-43.866606,-71.090705,-0.689531,-0.533264,0.489556,-0.209372,-0.500189,-0.839950,0.692982,-0.681911,0.233594,0.264210,-0.155120,-0.104053,100.998035,-16.565777,-19.093364,-0.956693,-0.080510,0.274431,-0.013062,-0.944408,-0.324000,0.285058,-0.313505,0.905365,0.318873,-0.144452,-0.086931,165.122787,-6.083974,3.109104,-0.960793,-0.250793,0.116161,0.255238,-0.966016,0.025242,0.105985,0.053925,0.992629,0.398863,-0.180459,-0.113135,122.275335,-55.135527,-175.495302,-0.304850,0.807898,-0.503419,0.482645,0.587322,0.649428,0.820504,-0.044824,-0.568969
0.270123,0.159283,-0.096562,178.457473,-25.427359,-174.023382,-0.902411,-0.017904,-0.429672,0.024300,0.995405,-0.092550,0.429361,-0.094002,-0.897827,0.323017,0.139600,-0.082844,-150.201989,-20.818240,56.688172,-0.810670,0.530494,-0.245813,-0.464242,-0.328462,0.822098,0.355403,0.780998,0.513258,0.402996,0.182401,-0.124546,-163.100960,-43.896115,-71.086544,-0.689219,-0.533460,0.489877,-0.209394,-0.500509,-0.839802,0.693353,-0.681585,0.233537,0.264210,-0.155120,-0.104053,101.010381,-16.565389,-19.101909,-0.956729,-0.080344,0.274478,-0.013267,-0.944415,-0.324082,0.285051,-0.313642,0.905323,0.318959,-0.144431,-0.086927,165.130120,-6.083068,3.111502,-0.960795,-0.250656,0.116155,0.255107,-0.966015,0.025302,0.105969,0.053967,0.992629,0.398839,-0.180448,-0.113184,122.258383,-55.146819,-175.483961,-0.304603,0.807945,-0.503458,0.482573,0.587241,0.649546,0.820616,-0.044921,-0.568761
0.270121,0.159280,-0.096564,178.459800,-25.429215,-174.030340,-0.902400,-0.017895,-0.429700,0.024263,0.995416,-0.092446,0.429390,-0.093892,-0.897827,0.323050,0.139601,-0.082844,-150.210593,-20.814522,56.689036,-0.810679,0.530364,-0.245709,-0.464085,-0.328462,0.822109,0.355343,0.781004,0.513245,0.402858,0.182350,-0.124579,-163.092647,-43.911771,-71.071055,-0.688987,-0.533440,0.490191,-0.209431,-0.500844,-0.839575,0.693550,-0.681333,0.233657,0.264210,-0.155125,-0.104053,101.003794,-16.561032,-19.106588,-0.956497,-0.080460,0.274360,-0.013161,-0.944122,-0.324189,0.284979,-0.313719,0.905309,0.318973,-0.144404,-0.086923,165.138194,-6.086632,3.104554,-0.960789,-0.250522,0.116182,0.254960,-0.966017,0.025185,0.106031,0.053846,0.992627,0.398816,-0.180478,-0.113150,122.249333,-55.147340,-175.486251,-0.304526,0.808062,-0.503325,0.482620,0.587085,0.649656,0.820621,-0.044898,-0.568762
0.270117,0.159262,-0.096563,178.460105,-25.430073,-174.038145,-0.902388,-0.017842,-0.429716,0.024258,0.995428,-0.092312,0.429403,-0.093768,-0.897827,0.323017,0.139619,-0.082835,-150.218133,-20.826549,56.686355,-0.810668,0.530470,-0.245480,-0.463936,-0.328479,0.822178,0.355539,0.780916,0.513239,0.402794,0.182376,-0.124591,-163.077248,-43.923024,-71.072753,-0.688696,-0.533492,0.490383,-0.209544,-0.500880,-0.839442,0.693691,-0.681165,0.233577,0.264204,-0.155139,-0.104053,100.995603,-16.561487,-19.105546,-0.956264,-0.080600,0.274320,-0.013028,-0.943883,-0.324210,0.284986,-0.313698,0.905301,0.318902,-0.144406,-0.086904,165.138370,-6.084401,3.099144,-0.960776,-0.250526,0.116121,0.254953,-0.966000,0.025104,0.105993,0.053753,0.992634,0.398748,-0.180493,-0.113152,122.238929,-55.153774,-175.475075,-0.304424,0.808115,-0.503377,0.482654,0.587024,0.649704,0.820685,-0.045008,-0.568740
0.270126,0.159292,-0.096549,178.457115,-25.414058,-174.042234,-0.902380,-0.017734,-0.429470,0.024305,0.995435,-0.092213,0.429151,-0.093703,-0.897827,0.322996,0.139603,-0.082836,-150.217506,-20.836110,56.678162,-0.810606,0.530620,-0.245337,-0.463913,-0.328519,0.822170,0.355695,0.780791,0.513317,0.402836,0.182436,-0.124640,-163.058387,-43.934446,-71.094927,-0.688427,-0.533676,0.490458,-0.209709,-0.500692,-0.839459,0.693835,-0.681094,0.233258,0.264191,-0.155077,-0.104053,101.009516,-16.560027,-19.111017,-0.956305,-0.080387,0.274365,-0.013259,-0.943908,-0.324234,0.284962,-0.313788,0.905281,0.318837,-0.144413,-0.086890,165.139989,-6.079880,3.094496,-0.960759,-0.250503,0.116024,0.254920,-0.965976,0.025050,0.105914,0.053672,0.992647,0.398744,-0.180469,-0.113210,122.231293,-55.156734,-175.452164,-0.304356,0.808015,-0.503617,0.482687,0.587154,0.649570,0.820715,-0.045236,-0.568720
0.270171,0.159373,-0.096553,178.458958,-25.413221,-174.040508,-0.902383,-0.017778,-0.429454,0.024276,0.995432,-0.092257,0.429138,-0.093730,-0.897827,0.323011,0.139522,-0.082887,-150.224941,-20.849498,56.680629,-0.810633,0.530740,-0.245158,-0.463789,-0.328507,0.822283,0.355913,0.780754,0.513244,0.402927,0.182485,-0.124544,-163.046732,-43.895056,-71.092907,-0.688941,-0.533064,0.490554,-0.210022,-0.500810,-0.839390,0.693340,-0.681583,0.233452,0.264238,-0.155031,-0.104053,101.023175,-16.556926,-19.111690,-0.956390,-0.080146,0.274393,-0.013486,-0.943997,-0.324179,0.284910,-0.313805,0.905295,0.318840,-0.144422,-0.086860,165.141296,-6.079803,3.085893,-0.960791,-0.250505,0.115985,0.254905,-0.966010,0.024907,0.105912,0.053524,0.992653,0.398711,-0.180581,-0.113178,122.205059,-55.141588,-175.445956,-0.304227,0.808203,-0.503343,0.482972,0.586877,0.649597,0.820564,-0.045311,-0.568877
0.270164,0.159389,-0.096566,178.471958,-25.423876,-174.041811,-0.902386,-0.018011,-0.429601,0.024072,0.995430,-0.092335,0.429306,-0.093710,-0.897826,0.323010,0.139493,-0.082943,-150.228522,-20.861595,56.690019,-0.810653,0.530844,-0.245112,-0.463733,-0.328387,0.822417,0.356111,0.780791,0.513084,0.403008,0.182565,-0.124413,-163.022464,-43.842876,-71.101963,-0.689524,-0.532306,0.490664,-0.210522,-0.500802,-0.839325,0.692683,-0.682248,0.233559,0.264300,-0.155107,-0.104053,101.020891,-16.558537,-19.107691,-0.956549,-0.080169,0.274415,-0.013445,-0.944183,-0.324124,0.284937,-0.313741,0.905316,0.318843,-0.144408,-0.086814,165.150795,-6.078679,3.087153,-0.961062,-0.250404,0.115970,0.254807,-0.966277,0.024949,0.105893,0.053545,0.992655,0.398694,-0.180682,-0.113114,122.187044,-55.128776,-175.448632,-0.304145,0.808381,-0.503051,0.483180,0.586620,0.649662,0.820436,-0.045293,-0.568999
0.270118,0.159371,-0.096581,178.473113,-25.425705,-174.040485,-0.902389,-0.018044,-0.429627,0.024053,0.995427,-0.092367,0.429334,-0.093731,-0.897826,0.322982,0.139511,-0.082902,-150.228236,-20.848588,56.694530,-0.810738,0.530680,-0.245263,-0.463787,-0.328427,0.822386,0.355898,0.780903,0.513071,0.403048,0.182549,-0.124466,-163.033514,-43.853725,-71.123409,-0.689356,-0.532746,0.490296,-0.210324,-0.500326,-0.839593,0.692819,-0.682174,0.233248,0.264296,-0.155138,-0.104053,101.011182,-16.563289,-19.109214,-0.956751,-0.080355,0.274435,-0.013280,-0.944386,-0.324198,0.285016,-0.313761,0.905296,0.318853,-0.144357,-0.086818,165.165819,-6.074025,3.085600,-0.961246,-0.250186,0.115882,0.254586,-0.966451,0.024972,0.105813,0.053519,0.992665,0.398860,-0.180623,-0.113055,122.228423,-55.116302,-175.464288,-0.304636,0.808160,-0.503201,0.483181,0.586958,0.649377,0.820311,-0.045160,-0.569293
0.270127,0.159370,-0.096564,178.460932,-25.416296,-174.044923,-0.902377,-0.017784,-0.429501,0.024245,0.995438,-0.092195,0.429186,-0.093661,-0.897827,0.322987,0.139514,-0.082890,-150.240423,-20.840838,56.699795,-0.810883,0.530497,-0.245199,-0.463641,-0.328523,0.822435,0.355771,0.780991,0.513027,0.403034,0.182446,-0.124620,-163.071459,-43.900879,-71.113471,-0.688980,-0.533519,0.490033,-0.209708,-0.500318,-0.839777,0.693413,-0.681606,0.233186,0.264296,-0.155121,-0.104053,101.009798,-16.557689,-19.109310,-0.956761,-0.080349,0.274339,-0.013257,-0.944365,-0.324205,0.284923,-0.313771,0.905322,0.318882,-0.144312,-0.086826,165.173478,-6.073583,3.072520,-0.961177,-0.250056,0.115815,0.254430,-0.966384,0.024770,0.105804,0.053292,0.992675,0.398920,-0.180573,-0.113047,122.255381,-55.119775,-175.488954,-0.304843,0.808108,-0.503173,0.483005,0.587053,0.649426,0.820346,-0.044912,-0.569277
0.270128,0.159370,-0.096483,178.468138,-25.406979,-174.056290,-0.902362,-0.017809,-0.429346,0.024131,0.995454,-0.092048,0.429040,-0.093481,-0.897827,0.323012,0.139505,-0.082938,-150.244316,-20.853390,56.699941,-0.810859,0.530627,-0.245049,-0.463553,-0.328485,0.822511,0.355976,0.780931,0.512983,0.402937,0.182433,-0.124645,-163.062065,-43.918708,-71.111831,-0.688840,-0.533583,0.490314,-0.209788,-0.500609,-0.839662,0.693637,-0.681441,0.233152,0.264303,-0.155120,-0.104057,101.007050,-16.542868,-19.101838,-0.956685,-0.080284,0.274101,-0.013212,-0.944250,-0.324090,0.284676,-0.313675,0.905427,0.318879,-0.144319,-0.086826,165.171541,-6.069651,3.071433,-0.961155,-0.250087,0.115745,0.254458,-0.966353,0.024766,0.105736,0.053274,0.992684,0.398805,-0.180501,-0.113272,122.245336,-55.186873,-175.475973,-0.304239,0.808064,-0.503604,0.482244,0.587106,0.649942,0.821016,-0.044965,-0.568303
0.270127,0.159370,-0.096435,178.480959,-25.400651,-174.059657,-0.902361,-0.017997,-0.429227,0.023929,0.995456,-0.092083,0.428940,-0.093428,-0.897826,0.323022,0.139517,-0.082937,-150.229534,-20.859710,56.693392,-0.810688,0.530808,-0.245147,-0.463734,-0.328380,0.822435,0.356080,0.780835,0.513048,0.402893,0.182441,-0.124578,-163.049952,-43.910015,-71.121473,-0.688832,-0.533487,0.490331,-0.209946,-0.500476,-0.839651,0.693528,-0.681551,0.233061,0.264313,-0.155120,-0.104062,100.998768,-16.538198,-19.093289,-0.956647,-0.080357,0.273996,-0.013075,-0.944223,-0.323988,0.284598,-0.313547,0.905492,0.318886,-0.144373,-0.086826,165.165066,-6.065444,3.085350,-0.961160,-0.250179,0.115737,0.254577,-0.966349,0.025006,0.105663,0.053515,0.992681,0.398801,-0.180386,-0.113450,122.256208,-55.227484,-175.460262,-0.303995,0.807765,-0.504180,0.481659,0.587493,0.650013,0.821422,-0.045071,-0.567659
0.270113,0.159370,-0.096469,178.480373,-25.405671,-174.051449,-0.902374,-0.018056,-0.429305,0.023939,0.995443,-0.092224,0.429019,-0.093557,-0.897826,0.323011,0.139556,-0.082932,-150.229900,-20.854897,56.691853,-0.810678,0.530740,-0.245156,-0.463721,-0.328393,0.822399,0.356001,0.780836,0.513079,0.403030,0.182395,-0.124468,-163.082882,-43.878430,-71.092451,-0.689302,-0.533174,0.489985,-0.209657,-0.500464,-0.839718,0.693130,-0.681787,0.233528,0.264266,-0.155123,-0.104051,100.996929,-16.540910,-19.092237,-0.956642,-0.080396,0.274031,-0.013044,-0.944235,-0.323980,0.284643,-0.313525,0.905485,0.318908,-0.144421,-0.086838,165.157172,-6.070488,3.083040,-0.961159,-0.250325,0.115814,0.254718,-0.966358,0.024928,0.105751,0.053475,0.992673,0.398920,-0.180351,-0.113349,122.267195,-55.194254,-175.453797,-0.304358,0.807628,-0.504207,0.482024,0.587679,0.649578,0.821090,-0.045175,-0.568161
0.270163,0.159370,-0.096553,178.470664,-25.416003,-174.042205,-0.902385,-0.017973,-0.429480,0.024092,0.995431,-0.092316,0.429182,-0.093703,-0.897826,0.322951,0.139532,-0.082932,-150.246010,-20.859582,56.695746,-0.810778,0.530684,-0.244924,-0.463476,-0.328449,0.822511,0.356077,0.780845,0.513009,0.403131,0.182375,-0.124380,-163.110414,-43.856798,-71.071151,-0.689614,-0.533002,0.489673,-0.209391,-0.500399,-0.839794,0.692858,-0.681930,0.233860,0.264231,-0.155136,-0.104026,101.005143,-16.542819,-19.095205,-0.956651,-0.080285,0.274102,-0.013181,-0.944250,-0.323990,0.284675,-0.313570,0.905461,0.318928,-0.144421,-0.086843,165.154155,-6.063890,3.069186,-0.961153,-0.250407,0.115642,0.254770,-0.966342,0.024717,0.105636,0.053235,0.992696,0.398992,-0.180470,-0.113244,122.222705,-55.159536,-175.420141,-0.304263,0.807821,-0.503984,0.482702,0.587395,0.649340,0.820743,-0.045551,-0.568659
0.270212,0.159370,-0.096583,178.459729,-25.412779,-174.036700,-0.902390,-0.017819,-0.429445,0.024264,0.995425,-0.092330,0.429131,-0.093791,-0.897827,0.322929,0.139504,-0.082932,-150.245858,-20.861368,56.694386,-0.810804,0.530726,-0.244908,-0.463494,-0.328497,0.822516,0.356107,0.780833,0.513028,0.403117,0.182409,-0.124384,-163.103677,-43.864060,-71.083991,-0.689467,-0.533153,0.489658,-0.209434,-0.500253,-0.839839,0.692950,-0.681881,0.233673,0.264292,-0.155093,-0.103961,101.020689,-16.531371,-19.096921,-0.956650,-0.079978,0.274004,-0.013440,-0.944207,-0.323941,0.284484,-0.313615,0.905504,0.318944,-0.144410,-0.086775,165.162475,-6.041092,3.069717,-0.961155,-0.250261,0.115261,0.254621,-0.966298,0.024846,0.105241,0.053246,0.992738,0.398987,-0.180615,-0.113194,122.182325,-55.147328,-175.409682,-0.303995,0.808120,-0.503624,0.483031,0.586966,0.649475,0.820621,-0.045665,-0.568774
0.270136,0.159370,-0.096565,178.458223,-25.413660,-174.033918,-0.902394,-0.017816,-0.429460,0.024288,0.995422,-0.092367,0.429145,-0.093835,-0.897827,0.322963,0.139513,-0.082932,-150.249870,-20.858422,56.696083,-0.810894,0.530677,-0.244898,-0.463469,-0.328577,0.822538,0.356058,0.780875,0.513022,0.403103,0.182429,-0.124504,-163.108226,-43.888101,-71.074080,-0.689347,-0.533321,0.489860,-0.209337,-0.500606,-0.839765,0.693252,-0.681629,0.233718,0.264300,-0.155073,-0.103979,101.021558,-16.527135,-19.097487,-0.956654,-0.079944,0.273941,-0.013455,-0.944187,-0.323945,0.284413,-0.313630,0.905521,0.318942,-0.144410,-0.086718,165.161667,-6.025842,3.079458,-0.961160,-0.250261,0.115048,0.254638,-0.966271,0.025077,0.104976,0.053416,0.992760,0.398931,-0.180622,-0.113113,122.194570,-55.138363,-175.437360,-0.304159,0.808232,-0.503330,0.483061,0.586829,0.649573,0.820532,-0.045399,-0.568907
0.270104,0.159370,-0.096562,178.459981,-25.424663,-174.035247,-0.902392,-0.017854,-0.429630,0.024260,0.995423,-0.092360,0.429318,-0.093814,-0.897827,0.322940,0.139514,-0.082932,-150.264500,-20.860857,56.703628,-0.811017,0.530596,-0.244743,-0.463265,-0.328609,0.822658,0.356098,0.780934,0.512914,0.403115,0.182401,-0.124614,-163.139240,-43.912179,-71.038764,-0.689314,-0.533508,0.489905,-0.208919,-0.501072,-0.839695,0.693555,-0.681268,0.234064,0.264289,-0.155104,-0.104037,101.015549,-16.530720,-19.095714,-0.956648,-0.080053,0.273967,-0.013355,-0.944200,-0.323945,0.284473,-0.313596,0.905514,0.318939,-0.144410,-0.086730,165.159490,-6.016050,3.080319,-0.961161,-0.250300,0.114888,0.254677,-0.966252,0.025131,0.104806,0.053432,0.992777,0.398920,-0.180644,-0.112971,122.217338,-55.098458,-175.466514,-0.304682,0.808304,-0.502948,0.483459,0.586763,0.649348,0.820132,-0.045158,-0.569553
0.270122,0.159370,-0.096570,178.460651,-25.429957,-174.031624,-0.902399,-0.017901,-0.429711,0.024250,0.995417,-0.092430,0.429401,-0.093871,-0.897827,0.322909,0.139514,-0.082932,-150.259457,-20.858797,56.711088,-0.810960,0.530558,-0.244895,-0.463327,-0.328438,0.822666,0.356065,0.781005,0.512815,0.403095,0.182452,-0.124670,-163.131634,-43.932555,-71.025589,-0.688993,-0.533584,0.490184,-0.208921,-0.501340,-0.839488,0.693811,-0.680956,0.234132,0.264306,-0.155045,-0.103992,101.018980,-16.521664,-19.086095,-0.956596,-0.079906,0.273860,-0.013413,-0.944161,-0.323767,0.284322,-0.313458,0.905604,0.318939,-0.144410,-0.086739,165.164909,-6.010658,3.077010,-0.961160,-0.250210,0.114782,0.254579,-0.966241,0.025110,0.104712,0.053375,0.992790,0.398952,-0.180670,-0.112941,122.229369,-55.082517,-175.476206,-0.304966,0.808352,-0.502824,0.483680,0.586736,0.649238,0.819973,-0.045090,-0.569921
0.270123,0.159370,-0.096583,178.459430,-25.420594,-174.024251,-0.902410,-0.017921,-0.429564,0.024270,0.995406,-0.092547,0.429254,-0.093988,-0.897827,0.322917,0.139514,-0.082932,-150.255966,-20.855660,56.727216,-0.810949,0.530473,-0.245119,-0.463387,-0.328196,0.822730,0.356013,0.781166,0.512606,0.403012,0.182470,-0.124733,-163.096014,-43.949974,-71.050048,-0.688484,-0.533754,0.490442,-0.209232,-0.501167,-0.839372,0.694030,-0.680777,0.233745,0.264298,-0.155012,-0.104025,101.023923,-16.528198,-19.083267,-0.956576,-0.079845,0.273997,-0.013496,-0.944198,-0.323699,0.284431,-0.313402,0.905588,0.318939,-0.144415,-0.086739,165.161209,-6.012804,3.076974,-0.961160,-0.250276,0.114819,0.254645,-0.966245,0.025092,0.104750,0.053374,0.992786,0.398995,-0.180643,-0.113014,122.225196,-55.098116,-175.464700,-0.304758,0.808217,-0.503055,0.483433,0.586884,0.649262,0.820129,-0.045178,-0.569574
0.270120,0.159370,-0.096514,178.459741,-25.406711,-174.022848,-0.902412,-0.017915,-0.429345,0.024265,0.995404,-0.092570,0.429035,-0.094010,-0.897827,0.322920,0.139514,-0.082932,-150.263634,-20.852627,56.740735,-0.810924,0.530294,-0.245135,-0.463228,-0.327975,0.822809,0.355964,0.781277,0.512414,0.403065,0.182345,-0.124751,-163.126342,-43.958829,-71.054623,-0.688456,-0.534176,0.489969,-0.208825,-0.500807,-0.839663,0.694141,-0.680678,0.233650,0.264275,-0.155034,-0.104071,101.023386,-16.538825,-19.087708,-0.956598,-0.079929,0.274154,-0.013486,-0.944248,-0.323778,0.284608,-0.313456,0.905516,0.318942,-0.144432,-0.086742,165.150302,-6.012939,3.078874,-0.961160,-0.250470,0.114832,0.254842,-0.966246,0.025101,0.104752,0.053407,0.992784,0.399020,-0.180697,-0.113013,122.206640,-55.098447,-175.455982,-0.304542,0.808255,-0.503007,0.483438,0.586795,0.649309,0.820132,-0.045254,-0.569434
0.270119,0.159375,-0.096440,178.460614,-25.402026,-174.020708,-0.902416,-0.017938,-0.429270,0.024251,0.995400,-0.092613,0.428962,-0.094044,-0.897827,0.322920,0.139514,-0.082932,-150.262602,-20.862843,56.737851,-0.810790,0.530405,-0.245027,-0.463171,-0.327857,0.822821,0.356131,0.781180,0.512407,0.403153,0.182221,-0.124730,-163.196740,-43.956844,-71.007137,-0.688842,-0.534319,0.489434,-0.208018,-0.500962,-0.839855,0.694116,-0.680553,0.234238,0.264222,-0.155048,-0.104068,101.014119,-16.533335,-19.086037,-0.956597,-0.080045,0.274018,-0.013332,-0.944214,-0.323793,0.284517,-0.313438,0.905550,0.318938,-0.144388,-0.086735,165.159891,-6.008741,3.078785,-0.961161,-0.250298,0.114759,0.254670,-0.966238,0.025138,0.104679,0.053406,0.992792,0.398972,-0.180766,-0.112949,122.176514,-55.083795,-175.436581,-0.304416,0.808422,-0.502851,0.483802,0.586559,0.649260,0.819986,-0.045467,-0.569664
0.270120,0.159392,-0.096514,178.451898,-25.406692,-174.014089,-0.902423,-0.017844,-0.429355,0.024388,0.995392,-0.092665,0.429035,-0.094149,-0.897827,0.322920,0.139526,-0.082942,-150.256721,-20.872573,56.733413,-0.810720,0.530585,-0.245001,-0.463241,-0.327834,0.822819,0.356290,0.781097,0.512440,0.403118,0.182285,-0.124609,-163.193569,-43.922595,-70.977464,-0.689158,-0.533676,0.489581,-0.208157,-0.501224,-0.839607,0.693686,-0.680793,0.234715,0.264193,-0.155039,-0.104071,101.014159,-16.527256,-19.084546,-0.956527,-0.080008,0.273924,-0.013334,-0.944121,-0.323766,0.284416,-0.313423,0.905583,0.318924,-0.144306,-0.086724,165.174353,-6.000982,3.074631,-0.961160,-0.250046,0.114608,0.254410,-0.966222,0.025133,0.104545,0.053334,0.992809,0.398959,-0.180756,-0.112911,122.154998,-55.073375,-175.406313,-0.304321,0.808389,-0.502974,0.484053,0.586583,0.649053,0.819881,-0.045781,-0.569801
0.270154,0.159345,-0.096583,178.434074,-25.420008,-174.004232,-0.902433,-0.017630,-0.429589,0.024669,0.995382,-0.092707,0.429245,-0.094305,-0.897828,0.322920,0.139528,-0.082913,-150.264057,-20.860905,56.735826,-0.810861,0.530402,-0.245014,-0.463184,-0.327968,0.822815,0.356100,0.781184,0.512450,0.403126,0.182394,-0.124499,-163.161935,-43.890969,-70.987909,-0.689377,-0.533142,0.489805,-0.208640,-0.501219,-0.839464,0.693288,-0.681183,0.234711,0.264201,-0.155030,-0.103999,101.018703,-16.522547,-19.081998,-0.956543,-0.079897,0.273880,-0.013409,-0.944135,-0.323701,0.284337,-0.313391,0.905619,0.318933,-0.144285,-0.086735,165.174591,-5.993816,3.073291,-0.961160,-0.250046,0.114482,0.254405,-0.966208,0.025142,0.104420,0.053312,0.992823,0.399028,-0.180749,-0.113000,122.142881,-55.087043,-175.386362,-0.304136,0.808362,-0.503177,0.483988,0.586618,0.649082,0.820018,-0.045969,-0.569641
0.270223,0.159257,-0.096570,178.423850,-25.428802,-173.997289,-0.902440,-0.017519,-0.429741,0.024830,0.995374,-0.092754,0.429383,-0.094414,-0.897829,0.322925,0.139449,-0.082889,-150.286630,-20.852930,56.738894,-0.811154,0.530190,-0.244796,-0.462927,-0.328264,0.822906,0.355969,0.781271,0.512446,0.403083,0.182380,-0.124556,-163.160449,-43.912549,-70.999650,-0.689266,-0.533414,0.489887,-0.208625,-0.501306,-0.839531,0.693559,-0.681049,0.234509,0.264188,-0.155033,-0.103929,101.016723,-16.513600,-19.080473,-0.956876,-0.079866,0.273734,-0.013371,-0.944429,-0.323684,0.284188,-0.313386,0.905685,0.318942,-0.144345,-0.086732,165.170197,-5.993048,3.078389,-0.961162,-0.250116,0.114492,0.254485,-0.966207,0.025223,0.104407,0.053400,0.992821,0.399089,-0.180749,-0.113147,122.138692,-55.103548,-175.381720,-0.303951,0.808326,-0.503298,0.483775,0.586652,0.649198,0.820183,-0.045992,-0.569350
0.270232,0.159271,-0.096568,178.428754,-25.415060,-174.000752,-0.902436,-0.017556,-0.429519,0.024753,0.995378,-0.092727,0.429167,-0.094360,-0.897829,0.322942,0.139405,-0.082928,-150.301742,-20.864473,56.737767,-0.811234,0.530252,-0.244483,-0.462689,-0.328365,0.823019,0.356157,0.781206,0.512426,0.403061,0.182314,-0.124664,-163.179074,-43.940752,-70.999892,-0.688939,-0.533929,0.489682,-0.208280,-0.501147,-0.839658,0.693914,-0.680697,0.234384,0.264235,-0.155033,-0.103971,101.019464,-16.516022,-19.082864,-0.957017,-0.079841,0.273785,-0.013414,-0.944574,-0.323711,0.284228,-0.313422,0.905667,0.318939,-0.144425,-0.086755,165.158979,-6.008025,3.081432,-0.961162,-0.250309,0.114759,0.254686,-0.966237,0.025184,0.104667,0.053452,0.992791,0.399043,-0.180745,-0.113163,122.129878,-55.106370,-175.376688,-0.303813,0.808314,-0.503311,0.483722,0.586641,0.649226,0.820211,-0.046031,-0.569211
0.270145,0.159355,-0.096564,178.440162,-25.398280,-174.003607,-0.902436,-0.017706,-0.429239,0.024573,0.995379,-0.092757,0.428903,-0.094314,-0.897828,0.322898,0.139479,-0.082940,-150.288777,-20.876663,56.735255,-0.811074,0.530486,-0.244553,-0.462841,-0.328211,0.823005,0.356357,0.781123,0.512420,0.403100,0.182318,-0.124765,-163.181028,-43.952296,-70.996147,-0.688691,-0.534096,0.489662,-0.208178,-0.501082,-0.839626,0.694059,-0.680495,0.234364,0.264319,-0.155022,-0.104051,101.023155,-16.524670,-19.086154,-0.956723,-0.079849,0.273933,-0.013480,-0.944310,-0.323750,0.284372,-0.313456,0.905595,0.318939,-0.144425,-0.086781,165.153522,-6.017409,3.070450,-0.961157,-0.250426,0.114869,0.254782,-0.966252,0.024945,0.104830,0.053261,0.992782,0.398937,-0.180807,-0.113185,122.087896,-55.116851,-175.352302,-0.303371,0.808516,-0.503241,0.483807,0.586343,0.649430,0.820316,-0.046260,-0.569025
0.270138,0.159393,-0.096527,178.438123,-25.398014,-173.993372,-0.902452,-0.017747,-0.429235,0.024606,0.995363,-0.092921,0.428898,-0.094476,-0.897828,0.322821,0.139527,-0.082932,-150.261400,-20.880612,56.732928,-0.810786,0.530683,-0.244883,-0.463191,-0.327912,0.822885,0.356421,0.781070,0.512431,0.403129,0.182353,-0.124739,-163.169742,-43.951499,-70.976827,-0.688708,-0.533801,0.490032,-0.208332,-0.501523,-0.839361,0.694049,-0.680447,0.234605,0.264292,-0.155016,-0.104073,101.015490,-16.526961,-19.081535,-0.956546,-0.079970,0.273933,-0.013355,-0.944158,-0.323710,0.284411,-0.313376,0.905602,0.318939,-0.144416,-0.086745,165.160362,-6.005801,3.065696,-0.961155,-0.250314,0.114652,0.254659,-0.966229,0.024931,0.104629,0.053179,0.992807,0.398874,-0.180857,-0.113306,122.053585,-55.145933,-175.323188,-0.302916,0.808676,-0.503383,0.483729,0.586136,0.649708,0.820607,-0.046527,-0.568714
0.270214,0.159379,-0.096534,178.429845,-25.399571,-173.986611,-0.902459,-0.017657,-0.429270,0.024737,0.995355,-0.092978,0.428923,-0.094583,-0.897828,0.322813,0.139514,-0.082932,-150.252891,-20.880593,56.732099,-0.810721,0.530737,-0.244998,-0.463314,-0.327850,0.822844,0.356421,0.781064,0.512442,0.403127,0.182276,-0.124683,-163.193378,-43.953467,-70.957937,-0.688753,-0.533877,0.489858,-0.208035,-0.501564,-0.839396,0.694074,-0.680338,0.234818,0.264245,-0.155084,-0.104071,101.004929,-16.525040,-19.070650,-0.956797,-0.080075,0.273867,-0.013175,-0.944443,-0.323581,0.284379,-0.313211,0.905680,0.318944,-0.144379,-0.086733,165.165876,-5.990419,3.074118,-0.961160,-0.250203,0.114430,0.254562,-0.966201,0.025153,0.104362,0.053327,0.992829,0.398880,-0.180827,-0.113370,122.046033,-55.150000,-175.306689,-0.302839,0.808631,-0.503540,0.483749,0.586195,0.649648,0.820648,-0.046689,-0.568684
0.270228,0.159346,-0.096569,178.420520,-25.398316,-173.988765,-0.902452,-0.017476,-0.429266,0.024883,0.995361,-0.092870,0.428903,-0.094549,-0.897829,0.322814,0.139505,-0.082950,-150.258108,-20.882578,56.733009,-0.810793,0.530742,-0.244926,-0.463257,-0.327918,0.822888,0.356453,0.781072,0.512430,0.403079,0.182162,-0.124611,-163.230796,-43.941446,-70.950330,-0.689123,-0.533965,0.489390,-0.207657,-0.501396,-0.839667,0.693923,-0.680487,0.234971,0.264285,-0.155141,-0.104033,101.005948,-16.516007,-19.071825,-0.956978,-0.080012,0.273729,-0.013189,-0.944575,-0.323594,0.284228,-0.313246,0.905724,0.318961,-0.144321,-0.086735,165.168200,-5.978604,3.074319,-0.961161,-0.250163,0.114232,0.254520,-0.966179,0.025215,0.104156,0.053331,0.992850,0.398907,-0.180799,-0.113233,122.054021,-55.102197,-175.319290,-0.303216,0.808605,-0.503233,0.484196,0.586204,0.649276,0.820170,-0.046609,-0.569250
0.270232,0.159350,-0.096573,178.410102,-25.407430,-173.981588,-0.902461,-0.017364,-0.429424,0.025047,0.995353,-0.092920,0.429047,-0.094663,-0.897830,0.322847,0.139551,-0.082934,-150.259090,-20.873608,56.732820,-0.810782,0.530605,-0.244965,-0.463232,-0.327913,0.822839,0.356307,0.781099,0.512452,0.403019,0.182140,-0.124490,-163.231668,-43.922397,-70.947567,-0.689475,-0.533678,0.489404,-0.207753,-0.501514,-0.839676,0.693683,-0.680751,0.235099,0.264308,-0.155128,-0.103999,101.003304,-16.513798,-19.080838,-0.956957,-0.080088,0.273662,-0.013146,-0.944488,-0.323755,0.284191,-0.313392,0.905686,0.318917,-0.144380,-0.086732,165.159168,-5.985354,3.071548,-0.961159,-0.250329,0.114335,0.254682,-0.966191,0.025119,0.104273,0.053282,0.992840,0.398915,-0.180866,-0.113022,122.074401,-55.056937,-175.348430,-0.303752,0.808697,-0.502800,0.484662,0.586108,0.649023,0.819717,-0.046376,-0.569959
0.270188,0.159379,-0.096557,178.424425,-25.411656,-173.975084,-0.902477,-0.017669,-0.429465,0.024822,0.995337,-0.093143,0.429114,-0.094766,-0.897829,0.322934,0.139602,-0.082853,-150.263540,-20.854478,56.735359,-0.810789,0.530290,-0.245044,-0.463153,-0.327897,0.822764,0.355995,0.781187,0.512461,0.402921,0.182187,-0.124566,-163.204524,-43.950456,-70.957667,-0.688892,-0.533912,0.489723,-0.207931,-0.501528,-0.839494,0.694036,-0.680399,0.234843,0.264298,-0.155120,-0.104027,100.995662,-16.514828,-19.080423,-0.956948,-0.080218,0.273636,-0.013018,-0.944473,-0.323784,0.284208,-0.313384,0.905683,0.318837,-0.144425,-0.086738,165.135746,-5.995327,3.076306,-0.961160,-0.250741,0.114529,0.255103,-0.966212,0.025107,0.104447,0.053364,0.992819,0.398834,-0.180947,-0.113094,122.049939,-55.076173,-175.327402,-0.303454,0.808829,-0.502888,0.484649,0.585942,0.649213,0.819909,-0.046573,-0.569792
0.270112,0.159381,-0.096533,178.436031,-25.401615,-173.977097,-0.902478,-0.017839,-0.429290,0.024640,0.995337,-0.093192,0.428955,-0.094734,-0.897828,0.322929,0.139570,-0.082823,-150.276862,-20.847549,56.749801,-0.810963,0.530081,-0.245047,-0.463002,-0.327892,0.822878,0.355881,0.781360,0.512292,0.402921,0.182233,-0.124683,-163.184498,-43.976724,-70.964347,-0.688374,-0.534151,0.489975,-0.208036,-0.501543,-0.839346,0.694367,-0.680063,0.234638,0.264297,-0.155123,-0.104002,100.997095,-16.510006,-19.069620,-0.956890,-0.080120,0.273587,-0.013043,-0.944454,-0.323598,0.284128,-0.313220,0.905759,0.318819,-0.144411,-0.086704,165.129023,-5.985927,3.085691,-0.961165,-0.250848,0.114414,0.255225,-0.966196,0.025293,0.104284,0.053527,0.992830,0.398778,-0.180952,-0.113222,122.010883,-55.098290,-175.284635,-0.302989,0.808890,-0.503145,0.484645,0.585846,0.649322,0.820131,-0.046979,-0.569519
0.270108,0.159360,-0.096552,178.427045,-25.398693,-173.978505,-0.902472,-0.017668,-0.429259,0.024781,0.995342,-0.093099,0.428910,-0.094712,-0.897828,0.322864,0.139514,-0.082841,-150.286282,-20.856874,56.762330,-0.811142,0.530143,-0.244990,-0.462927,-0.327912,0.823059,0.356034,0.781464,0.512116,0.402949,0.182222,-0.124739,-163.192020,-43.993025,-70.958686,-0.688316,-0.534309,0.490042,-0.207920,-0.501734,-0.839344,0.694571,-0.679900,0.234657,0.264297,-0.155116,-0.104004,100.995878,-16.513762,-19.059490,-0.956836,-0.080112,0.273659,-0.013023,-0.944474,-0.323437,0.284191,-0.313053,0.905793,0.318854,-0.144433,-0.086713,165.139435,-5.987830,3.088350,-0.961166,-0.250654,0.114456,0.255038,-0.966200,0.025351,0.104317,0.053573,0.992825,0.398864,-0.180927,-0.113230,122.010530,-55.082532,-175.282945,-0.303057,0.808819,-0.503113,0.484758,0.585914,0.649150,0.819973,-0.047005,-0.569630
0.270123,0.159335,-0.096569,178.425906,-25.400570,-173.978988,-0.902471,-0.017647,-0.429290,0.024799,0.995343,-0.093083,0.428939,-0.094704,-0.897829,0.322852,0.139484,-0.082844,-150.296451,-20.859924,56.766081,-0.811252,0.530122,-0.244865,-0.462799,-0.327982,0.823146,0.356084,0.781493,0.512062,0.402924,0.182180,-0.124685,-163.226519,-43.976792,-70.944819,-0.688784,-0.534245,0.489693,-0.207610,-0.501740,-0.839541,0.694367,-0.680098,0.234910,0.264297,-0.155115,-0.104061,100.992387,-16.510991,-19.062997,-0.956858,-0.080172,0.273589,-0.012965,-0.944457,-0.323511,0.284144,-0.313113,0.905788,0.318927,-0.144487,-0.086750,165.134390,-5.998624,3.088152,-0.961165,-0.250743,0.114637,0.255129,-0.966221,0.025289,0.104504,0.053569,0.992805,0.398869,-0.180923,-0.113269,122.021651,-55.077744,-175.299811,-0.303115,0.808758,-0.503021,0.484642,0.585969,0.649148,0.819925,-0.046830,-0.569551
0.270123,0.159310,-0.096562,178.421218,-25.400517,-173.969213,-0.902485,-0.017639,-0.429294,0.024873,0.995329,-0.093218,0.428938,-0.094859,-0.897829,0.322835,0.139531,-0.082844,-150.292087,-20.845939,56.772452,-0.811217,0.529925,-0.245078,-0.462861,-0.327859,0.823089,0.355855,0.781603,0.512009,0.402915,0.182162,-0.124582,-163.234832,-43.939601,-70.940599,-0.689180,-0.533887,0.489426,-0.207621,-0.501519,-0.839619,0.693899,-0.680477,0.235097,0.264297,-0.155106,-0.104047,100.991218,-16.502851,-19.064624,-0.956870,-0.080157,0.273450,-0.012945,-0.944416,-0.323541,0.284009,-0.313151,0.905818,0.318956,-0.144510,-0.086744,165.123240,-5.991029,3.089039,-0.961166,-0.250945,0.114516,0.255329,-0.966207,0.025315,0.104372,0.053585,0.992818,0.398781,-0.180961,-0.113218,122.020163,-55.070817,-175.309625,-0.303173,0.808887,-0.502817,0.484762,0.585810,0.649213,0.819855,-0.046744,-0.569698
0.270123,0.159278,-0.096562,178.408845,-25.399977,-173.959548,-0.902496,-0.017496,-0.429302,0.025068,0.995317,-0.093294,0.428930,-0.095012,-0.897829,0.322823,0.139611,-0.082844,-150.266620,-20.848110,56.769268,-0.810917,0.530079,-0.245379,-0.463168,-0.327561,0.822956,0.355891,0.781542,0.512031,0.402914,0.182183,-0.124588,-163.205668,-43.951809,-70.949033,-0.688884,-0.533861,0.489794,-0.207914,-0.501653,-0.839427,0.694053,-0.680351,0.234941,0.264297,-0.155080,-0.104042,100.993648,-16.513159,-19.060494,-0.956844,-0.080150,0.273635,-0.012986,-0.944469,-0.323464,0.284181,-0.313070,0.905791,0.318943,-0.144500,-0.086728,165.121797,-5.979864,3.093817,-0.961169,-0.250965,0.114350,0.255356,-0.966187,0.025443,0.104178,0.053669,0.992835,0.398830,-0.180998,-0.113120,122.016101,-55.045395,-175.306297,-0.303362,0.808951,-0.502664,0.485138,0.585734,0.649015,0.819601,-0.046812,-0.570124
0.270123,0.159272,-0.096562,178.409654,-25.399987,-173.962870,-0.902491,-0.017485,-0.429302,0.025055,0.995322,-0.093242,0.428930,-0.094959,-0.897829,0.322820,0.139619,-0.082844,-150.252106,-20.856178,56.762192,-0.810776,0.530296,-0.245463,-0.463361,-0.327497,0.822893,0.356022,0.781442,0.512104,0.402945,0.182257,-0.124633,-163.193186,-43.967095,-70.948922,-0.688735,-0.533893,0.490081,-0.208032,-0.501910,-0.839301,0.694246,-0.680208,0.234893,0.264297,-0.155102,-0.104039,100.993191,-16.517038,-19.055213,-0.956815,-0.080153,0.273704,-0.012979,-0.944489,-0.323380,0.284245,-0.312980,0.905800,0.318939,-0.144491,-0.086726,165.125596,-5.982736,3.097402,-0.961193,-0.250895,0.114413,0.255294,-0.966216,0.025498,0.104228,0.053731,0.992827,0.398883,-0.181086,-0.113112,121.989010,-55.031170,-175.291112,-0.303262,0.809129,-0.502483,0.485488,0.585487,0.648988,0.819458,-0.046984,-0.570361
0.270122,0.159264,-0.096562,178.412870,-25.401741,-173.963062,-0.902492,-0.017542,-0.429325,0.025005,0.995322,-0.093263,0.428957,-0.094956,-0.897829,0.322830,0.139601,-0.082844,-150.257002,-20.848047,56.770863,-0.810951,0.530171,-0.245557,-0.463368,-0.327577,0.822943,0.355889,0.781585,0.512029,0.402985,0.182320,-0.124633,-163.198330,-43.956302,-70.948792,-0.688890,-0.533810,0.489971,-0.208012,-0.501839,-0.839357,0.694110,-0.680336,0.234939,0.264297,-0.155130,-0.104024,100.982517,-16.508035,-19.048122,-0.956788,-0.080251,0.273514,-0.012802,-0.944438,-0.323312,0.284095,-0.312881,0.905878,0.318939,-0.144486,-0.086740,165.128007,-5.984867,3.096783,-0.961229,-0.250861,0.114446,0.255260,-0.966256,0.025482,0.104265,0.053720,0.992824,0.398866,-0.181178,-0.113073,121.972966,-55.015154,-175.295162,-0.303262,0.809355,-0.502151,0.485789,0.585186,0.649042,0.819297,-0.046965,-0.570623
0.270104,0.159296,-0.096562,178.412003,-25.401462,-173.952538,-0.902509,-0.017606,-0.429318,0.025019,0.995305,-0.093441,0.428953,-0.095123,-0.897829,0.322833,0.139600,-0.082841,-150.264079,-20.839601,56.781986,-0.811109,0.530005,-0.245637,-0.463326,-0.327603,0.823010,0.355751,0.781744,0.511916,0.403006,0.182267,-0.124600,-163.209020,-43.951781,-70.952645,-0.688923,-0.533911,0.489727,-0.207882,-0.501600,-0.839488,0.694053,-0.680378,0.234902,0.264297,-0.155121,-0.104019,100.980168,-16.506372,-19.049752,-0.956799,-0.080288,0.273471,-0.012762,-0.944428,-0.323349,0.284067,-0.312909,0.905877,0.318939,-0.144524,-0.086741,165.115915,-5.983977,3.090867,-0.961046,-0.251043,0.114407,0.255428,-0.966073,0.025364,0.104250,0.053617,0.992830,0.398883,-0.181127,-0.113024,122.003945,-55.004772,-175.309581,-0.303581,0.809140,-0.502256,0.485715,0.585480,0.648819,0.819193,-0.046829,-0.570734
