Sensor #1 X,Sensor #1 Y,Sensor #1 Z,"Sensor #1 Euler Angles (Z Y'X"") Z","Sensor #1 Euler Angles (Z Y'X"") Y'","Sensor #1 Euler Angles (Z Y'X"") X""","Sensor #1 Rotation Matrix M0,0","Sensor #1 Rotation Matrix M0,1","Sensor #1 Rotation Matrix M0,2","Sensor #1 Rotation Matrix M1,0","Sensor #1 Rotation Matrix M1,1","Sensor #1 Rotation Matrix M1,2","Sensor #1 Rotation Matrix M2,0","Sensor #1 Rotation Matrix M2,1","Sensor #1 Rotation Matrix M2,2",Sensor #2 X,Sensor #2 Y,Sensor #2 Z,"Sensor #2 Euler Angles (Z Y'X"") Z","Sensor #2 Euler Angles (Z Y'X"") Y'","Sensor #2 Euler Angles (Z Y'X"") X""","Sensor #2 Rotation Matrix M0,0","Sensor #2 Rotation Matrix M0,1","Sensor #2 Rotation Matrix M0,2","Sensor #2 Rotation Matrix M1,0","Sensor #2 Rotation Matrix M1,1","Sensor #2 Rotation Matrix M1,2","Sensor #2 Rotation Matrix M2,0","Sensor #2 Rotation Matrix M2,1","Sensor #2 Rotation Matrix M2,2",Sensor #3 X,Sensor #3 Y,Sensor #3 Z,"Sensor #3 Euler Angles (Z Y'X"") Z","Sensor #3 Euler Angles (Z Y'X"") Y'","Sensor #3 Euler Angles (Z Y'X"") X""","Sensor #3 Rotation Matrix M0,0","Sensor #3 Rotation Matrix M0,1","Sensor #3 Rotation Matrix M0,2","Sensor #3 Rotation Matrix M1,0","Sensor #3 Rotation Matrix M1,1","Sensor #3 Rotation Matrix M1,2","Sensor #3 Rotation Matrix M2,0","Sensor #3 Rotation Matrix M2,1","Sensor #3 Rotation Matrix M2,2",Sensor #4 X,Sensor #4 Y,Sensor #4 Z,"Sensor #4 Euler Angles (Z Y'X"") Z","Sensor #4 Euler Angles (Z Y'X"") Y'","Sensor #4 Euler Angles (Z Y'X"") X""","Sensor #4 Rotation Matrix M0,0","Sensor #4 Rotation Matrix M0,1","Sensor #4 Rotation Matrix M0,2","Sensor #4 Rotation Matrix M1,0","Sensor #4 Rotation Matrix M1,1","Sensor #4 Rotation Matrix M1,2","Sensor #4 Rotation Matrix M2,0","Sensor #4 Rotation Matrix M2,1","Sensor #4 Rotation Matrix M2,2",Sensor #5 X,Sensor #5 Y,Sensor #5 Z,"Sensor #5 Euler Angles (Z Y'X"") Z","Sensor #5 Euler Angles (Z Y'X"") Y'","Sensor #5 Euler Angles (Z Y'X"") X""","Sensor #5 Rotation Matrix M0,0","Sensor #5 Rotation Matrix M0,1","Sensor #5 Rotation Matrix M0,2","Sensor #5 Rotation Matrix M1,0","Sensor #5 Rotation Matrix M1,1","Sensor #5 Rotation Matrix M1,2","Sensor #5 Rotation Matrix M2,0","Sensor #5 Rotation Matrix M2,1","Sensor #5 Rotation Matrix M2,2",Sensor #6 X,Sensor #6 Y,Sensor #6 Z,"Sensor #6 Euler Angles (Z Y'X"") Z","Sensor #6 Euler Angles (Z Y'X"") Y'","Sensor #6 Euler Angles (Z Y'X"") X""","Sensor #6 Rotation Matrix M0,0","Sensor #6 Rotation Matrix M0,1","Sensor #6 Rotation Matrix M0,2","Sensor #6 Rotation Matrix M1,0","Sensor #6 Rotation Matrix M1,1","Sensor #6 Rotation Matrix M1,2","Sensor #6 Rotation Matrix M2,0","Sensor #6 Rotation Matrix M2,1","Sensor #6 Rotation Matrix M2,2"
0.266886,0.161851,-0.101994,-165.045174,-45.773017,-109.394285,-0.673502,-0.738699,0.013260,-0.179896,0.146762,-0.972534,0.716583,-0.657652,-0.231523,0.333188,0.148681,-0.105893,-137.073367,-7.115321,-111.406746,-0.726286,-0.333064,0.600633,-0.675536,0.189097,-0.712397,0.123867,-0.923541,-0.362057,0.398381,0.198484,-0.120981,-143.731505,-54.315254,-105.348220,-0.469844,-0.788266,0.396500,-0.344737,-0.249252,-0.904687,0.812239,-0.562085,-0.154277,0.279379,-0.165725,-0.100206,174.157961,-29.175875,-34.569976,-0.868099,-0.358998,0.341554,0.088822,-0.790498,-0.605303,0.487492,-0.495381,0.718901,0.338665,-0.157121,-0.098654,172.945476,-15.963461,-13.919353,-0.953882,-0.184840,0.235387,0.118043,-0.954886,-0.271515,0.275024,-0.231277,0.933196,0.419134,-0.197170,-0.123299,151.974047,-55.679646,161.934624,-0.496957,0.672359,-0.547735,0.264526,0.719221,0.642315,0.825898,0.174573,-0.535202
0.266963,0.161836,-0.102009,-165.073476,-45.594793,-109.433863,-0.675786,-0.736685,0.012961,-0.180157,0.148308,-0.972270,0.714438,-0.659638,-0.232719,0.333525,0.148605,-0.106847,-136.854781,-6.229043,-112.125688,-0.725824,-0.330283,0.602797,-0.680166,0.206733,-0.705273,0.108656,-0.922181,-0.374606,0.398398,0.198540,-0.120908,-143.622496,-54.450613,-105.330031,-0.467643,-0.788776,0.398176,-0.344533,-0.251825,-0.904087,0.813634,-0.560298,-0.153590,0.279671,-0.165490,-0.100207,174.327676,-28.789550,-35.068635,-0.871831,-0.356666,0.335240,0.086679,-0.786877,-0.610678,0.481688,-0.503537,0.717737,0.338955,-0.156996,-0.098888,173.186364,-15.633875,-13.521260,-0.956083,-0.177736,0.232867,0.114296,-0.958036,-0.263194,0.269527,-0.225320,0.936579,0.418923,-0.197280,-0.123169,151.708923,-56.025197,161.909959,-0.491323,0.676917,-0.547546,0.264656,0.715443,0.646667,0.829407,0.173286,-0.530409
0.266943,0.161832,-0.101992,-165.066123,-45.627417,-109.394881,-0.675217,-0.737044,0.013364,-0.180096,0.147599,-0.972330,0.714829,-0.659298,-0.232101,0.333424,0.148611,-0.106649,-136.947149,-6.427776,-111.962208,-0.726446,-0.330753,0.601843,-0.678588,0.202949,-0.707293,0.112062,-0.922480,-0.371758,0.398355,0.198424,-0.120841,-143.633945,-54.378453,-105.346625,-0.468557,-0.788351,0.397953,-0.345048,-0.251020,-0.904120,0.812894,-0.561256,-0.154029,0.279632,-0.165562,-0.100221,174.284549,-28.887581,-34.918599,-0.871024,-0.357112,0.336998,0.087237,-0.788186,-0.608996,0.483161,-0.501184,0.718249,0.338861,-0.157079,-0.098760,173.109852,-15.644390,-13.564677,-0.955900,-0.179273,0.232436,0.115554,-0.957554,-0.264262,0.269695,-0.225978,0.936294,0.419019,-0.197439,-0.123291,151.707276,-55.936670,161.968700,-0.492388,0.676083,-0.547455,0.265188,0.716208,0.645534,0.828507,0.173107,-0.531731
0.266560,0.161908,-0.101945,-164.928834,-46.519589,-109.192648,-0.663885,-0.747116,0.014903,-0.178758,0.139756,-0.973707,0.725563,-0.649441,-0.226086,0.331775,0.148994,-0.101899,-138.055052,-10.835636,-108.380224,-0.728984,-0.344449,0.590867,-0.655294,0.115278,-0.742953,0.187710,-0.929275,-0.309242,0.398300,0.198023,-0.121156,-144.201772,-53.697674,-105.438118,-0.479817,-0.785842,0.389312,-0.345968,-0.237917,-0.907271,0.805878,-0.570310,-0.157503,0.278225,-0.166777,-0.100217,173.440087,-30.819788,-32.437508,-0.852532,-0.368792,0.368548,0.097904,-0.806357,-0.582275,0.512188,-0.460571,0.723985,0.337353,-0.157776,-0.097576,171.887945,-17.260703,-15.534017,-0.945006,-0.214866,0.244516,0.134603,-0.941864,-0.305521,0.296654,-0.255458,0.919616,0.420097,-0.197008,-0.123942,152.998268,-54.205637,162.108896,-0.520296,0.653476,-0.548244,0.264782,0.734947,0.623811,0.810928,0.179348,-0.555630
0.266342,0.161976,-0.101932,-164.843841,-47.042289,-109.105455,-0.657414,-0.753044,0.015603,-0.178074,0.135453,-0.974520,0.731853,-0.643672,-0.222964,0.330864,0.149226,-0.099145,-138.669088,-13.378710,-106.314403,-0.730146,-0.352439,0.584797,-0.642169,0.064601,-0.763295,0.231358,-0.933211,-0.273185,0.398267,0.197833,-0.121518,-144.538766,-53.361392,-105.491011,-0.485675,-0.784909,0.383988,-0.345926,-0.230479,-0.909243,0.802411,-0.574718,-0.159288,0.277398,-0.167473,-0.100208,172.962324,-31.931678,-31.051145,-0.841938,-0.375657,0.386522,0.103927,-0.816472,-0.567424,0.528892,-0.437723,0.726948,0.336447,-0.158184,-0.096999,171.188491,-18.255967,-16.706678,-0.938217,-0.235692,0.252408,0.145429,-0.932419,-0.330040,0.313259,-0.272983,0.909544,0.420640,-0.196646,-0.124210,153.778054,-53.211937,162.163762,-0.536502,0.640269,-0.548823,0.264227,0.745864,0.611288,0.800837,0.183163,-0.569283
0.266426,0.161990,-0.101932,-164.869366,-46.843993,-109.148833,-0.659928,-0.750818,0.015374,-0.178432,0.137093,-0.974221,0.729467,-0.645877,-0.224286,0.331249,0.149160,-0.100185,-138.441334,-12.418451,-107.087465,-0.729722,-0.349371,0.587033,-0.647049,0.083713,-0.755660,0.214877,-0.931737,-0.286679,0.398177,0.197912,-0.121623,-144.402089,-53.538495,-105.489805,-0.482773,-0.785779,0.385698,-0.345572,-0.233320,-0.908591,0.804240,-0.572267,-0.158600,0.277741,-0.167174,-0.100228,173.153896,-31.517189,-31.607816,-0.846093,-0.373161,0.379706,0.101505,-0.812568,-0.573439,0.522664,-0.446759,0.725546,0.336758,-0.158030,-0.097313,171.446138,-17.916416,-16.278420,-0.940414,-0.228135,0.249918,0.141394,-0.935700,-0.321130,0.307593,-0.266548,0.913099,0.420204,-0.196810,-0.124078,153.432661,-53.590819,162.169944,-0.530117,0.645687,-0.548388,0.264910,0.741448,0.616171,0.804685,0.181436,-0.564184
0.266452,0.162027,-0.101916,-164.875333,-46.781440,-109.161652,-0.660689,-0.750119,0.015330,-0.178562,0.137593,-0.974117,0.728715,-0.646559,-0.224686,0.331384,0.149117,-0.100514,-138.388257,-12.123732,-107.316701,-0.729749,-0.348337,0.587525,-0.648305,0.089605,-0.753474,0.209817,-0.931284,-0.290682,0.398190,0.197947,-0.121550,-144.354904,-53.572275,-105.509258,-0.482187,-0.785955,0.386215,-0.345746,-0.233978,-0.908404,0.804588,-0.571830,-0.158690,0.277901,-0.167086,-0.100199,173.217464,-31.380181,-31.777455,-0.847379,-0.372244,0.377543,0.100691,-0.811337,-0.575220,0.520606,-0.449557,0.725191,0.336929,-0.158035,-0.097425,171.525539,-17.796354,-16.147719,-0.941312,-0.225760,0.248892,0.140184,-0.936849,-0.318372,0.305591,-0.264607,0.914269,0.419723,-0.196920,-0.124291,153.241156,-53.779648,162.196508,-0.526880,0.648446,-0.548253,0.265479,0.739285,0.618502,0.806623,0.180364,-0.561761
0.266452,0.162037,-0.101934,-164.859584,-46.777823,-109.167691,-0.660462,-0.750107,0.015374,-0.178694,0.137720,-0.973991,0.728672,-0.646418,-0.224713,0.331384,0.149049,-0.100514,-138.412315,-12.138200,-107.295474,-0.730076,-0.348245,0.587399,-0.648049,0.089176,-0.753817,0.210063,-0.931424,-0.290347,0.398280,0.197944,-0.121352,-144.369331,-53.525412,-105.504954,-0.482826,-0.785594,0.386175,-0.346017,-0.233603,-0.908407,0.804099,-0.572490,-0.158828,0.277959,-0.167123,-0.100118,173.222729,-31.361640,-31.774027,-0.847352,-0.372006,0.377376,0.100610,-0.811218,-0.575100,0.520332,-0.449586,0.725338,0.337060,-0.158155,-0.097482,171.522878,-17.799437,-16.154591,-0.941455,-0.225866,0.248895,0.140251,-0.936961,-0.318506,0.305642,-0.264714,0.914227,0.419431,-0.196911,-0.124646,153.197655,-53.883115,162.214990,-0.525414,0.649146,-0.548904,0.265257,0.738837,0.619151,0.807703,0.179750,-0.560475
0.266452,0.162025,-0.101981,-164.845210,-46.782270,-109.178036,-0.660336,-0.750191,0.015446,-0.178837,0.137721,-0.973955,0.728725,-0.646305,-0.224804,0.331313,0.148987,-0.100514,-138.428088,-12.156000,-107.268237,-0.730157,-0.348180,0.587247,-0.647764,0.088772,-0.754049,0.210365,-0.931444,-0.289872,0.398358,0.197940,-0.121258,-144.420645,-53.499687,-105.462274,-0.483402,-0.785312,0.385968,-0.345770,-0.233388,-0.908537,0.803831,-0.572931,-0.158489,0.278005,-0.167124,-0.100110,173.224934,-31.349400,-31.782450,-0.847394,-0.371939,0.377185,0.100581,-0.811087,-0.575184,0.520151,-0.449745,0.725361,0.337133,-0.158243,-0.097578,171.506696,-17.817231,-16.158375,-0.941304,-0.226229,0.249064,0.140499,-0.936847,-0.318683,0.305937,-0.264745,0.914114,0.419405,-0.196944,-0.124685,153.185644,-53.894542,162.239610,-0.525183,0.649080,-0.549166,0.265281,0.738962,0.618982,0.807822,0.179446,-0.560366
0.266452,0.162025,-0.101937,-164.842111,-46.783095,-109.192829,-0.660595,-0.750226,0.015500,-0.178945,0.137652,-0.974050,0.728734,-0.646439,-0.225036,0.331256,0.148967,-0.100514,-138.430833,-12.156234,-107.262039,-0.730022,-0.348160,0.587063,-0.647584,0.088923,-0.754037,0.210368,-0.931318,-0.289726,0.398385,0.197990,-0.121416,-144.417567,-53.547427,-105.459422,-0.482922,-0.785644,0.386058,-0.345468,-0.233876,-0.908584,0.804329,-0.572372,-0.158302,0.278003,-0.167119,-0.100141,173.214396,-31.351321,-31.784720,-0.847387,-0.372120,0.377092,0.100738,-0.811022,-0.575291,0.520179,-0.449767,0.725332,0.337082,-0.158269,-0.097617,171.485845,-17.820856,-16.154197,-0.940928,-0.226533,0.249022,0.140790,-0.936481,-0.318710,0.305996,-0.264669,0.914101,0.419390,-0.197026,-0.124652,153.149429,-53.886742,162.274544,-0.525038,0.649152,-0.549131,0.265629,0.738971,0.618807,0.807740,0.179108,-0.560499
0.266452,0.162025,-0.101895,-164.844675,-46.764570,-109.191532,-0.660784,-0.750016,0.015510,-0.178965,0.137765,-0.974013,0.728514,-0.646634,-0.225088,0.331266,0.149033,-0.100514,-138.418371,-12.144760,-107.277715,-0.730018,-0.348166,0.587285,-0.647862,0.089047,-0.753887,0.210174,-0.931382,-0.290022,0.398365,0.197967,-0.121614,-144.400108,-53.589294,-105.470066,-0.482267,-0.786012,0.385998,-0.345226,-0.234083,-0.908576,0.804765,-0.571711,-0.158234,0.278033,-0.167119,-0.100089,173.206559,-31.347280,-31.779654,-0.847549,-0.372166,0.377002,0.100875,-0.811163,-0.575270,0.520119,-0.449733,0.725420,0.337041,-0.158258,-0.097509,171.481664,-17.800657,-16.156302,-0.941008,-0.226512,0.248672,0.140872,-0.936447,-0.318712,0.305662,-0.264734,0.914197,0.419277,-0.197146,-0.124712,153.070182,-53.917085,162.316119,-0.524267,0.649855,-0.549029,0.266165,0.738492,0.619151,0.808056,0.178560,-0.560199
0.266452,0.162025,-0.101903,-164.844153,-46.755721,-109.184631,-0.660712,-0.749910,0.015515,-0.178952,0.137845,-0.973936,0.728409,-0.646638,-0.225003,0.331256,0.149051,-0.100514,-138.412021,-12.158335,-107.267592,-0.730010,-0.348209,0.587502,-0.647998,0.088587,-0.753905,0.210404,-0.931475,-0.289870,0.398370,0.197965,-0.121620,-144.409732,-53.578292,-105.469530,-0.482357,-0.785989,0.385752,-0.345167,-0.233756,-0.908619,0.804651,-0.571775,-0.158246,0.278088,-0.167119,-0.100029,173.219046,-31.330044,-31.780972,-0.847756,-0.371866,0.376900,0.100714,-0.811274,-0.575178,0.519864,-0.449833,0.725550,0.337097,-0.158319,-0.097484,171.482493,-17.778185,-16.161610,-0.941322,-0.226437,0.248301,0.140908,-0.936625,-0.318743,0.305290,-0.264857,0.914299,0.419210,-0.197321,-0.124688,152.991498,-53.933977,162.354588,-0.523777,0.650604,-0.548735,0.266834,0.737960,0.619521,0.808232,0.178137,-0.560190
0.266464,0.162025,-0.101907,-164.840167,-46.768376,-109.192509,-0.660686,-0.750066,0.015533,-0.178994,0.137748,-0.973996,0.728559,-0.646557,-0.225074,0.331286,0.148973,-0.100514,-138.431501,-12.179454,-107.229571,-0.730114,-0.348073,0.587347,-0.647650,0.088036,-0.754195,0.210762,-0.931525,-0.289213,0.398358,0.198040,-0.121491,-144.380776,-53.562077,-105.504542,-0.482470,-0.785939,0.385907,-0.345617,-0.233656,-0.908541,0.804481,-0.571991,-0.158684,0.278159,-0.167119,-0.100016,173.231471,-31.307777,-31.782496,-0.847951,-0.371530,0.376731,0.100553,-0.811330,-0.575081,0.519534,-0.449956,0.725711,0.337224,-0.158404,-0.097635,171.480766,-17.789999,-16.165014,-0.941272,-0.226538,0.248461,0.140929,-0.936608,-0.318836,0.305485,-0.264892,0.914221,0.418920,-0.197406,-0.124841,152.927346,-53.989856,162.389208,-0.522779,0.651259,-0.548931,0.267076,0.737530,0.619937,0.808813,0.177560,-0.559552
0.266466,0.162025,-0.101907,-164.834720,-46.777261,-109.200176,-0.660733,-0.750186,0.015614,-0.179073,0.137609,-0.974066,0.728665,-0.646545,-0.225166,0.331368,0.148935,-0.100514,-138.453727,-12.186209,-107.195408,-0.730324,-0.347789,0.587217,-0.647333,0.087666,-0.754472,0.210877,-0.931642,-0.288644,0.398382,0.198044,-0.121440,-144.351849,-53.560073,-105.534038,-0.482294,-0.786012,0.385934,-0.345862,-0.233536,-0.908463,0.804460,-0.571913,-0.158981,0.278265,-0.167104,-0.099977,173.238670,-31.297944,-31.784140,-0.848156,-0.371364,0.376672,0.100471,-0.811471,-0.575044,0.519388,-0.450032,0.725789,0.337307,-0.158503,-0.097763,171.468369,-17.822894,-16.170626,-0.941128,-0.226927,0.248881,0.141114,-0.936565,-0.319064,0.306030,-0.264930,0.914024,0.418227,-0.197321,-0.125246,152.847950,-54.103896,162.438366,-0.520945,0.652113,-0.549654,0.267068,0.737016,0.620555,0.809994,0.176582,-0.558140
0.266400,0.162025,-0.101907,-164.839093,-46.772731,-109.194805,-0.660773,-0.750124,0.015607,-0.179031,0.137618,-0.974061,0.728611,-0.646599,-0.225117,0.331386,0.148884,-0.100514,-138.466089,-12.200433,-107.171362,-0.730410,-0.347709,0.587140,-0.647130,0.087278,-0.754663,0.211118,-0.931691,-0.288234,0.398408,0.198008,-0.121456,-144.357734,-53.566501,-105.524127,-0.482240,-0.786028,0.385940,-0.345748,-0.233627,-0.908472,0.804527,-0.571839,-0.158853,0.278352,-0.167138,-0.099940,173.240896,-31.295897,-31.777169,-0.848056,-0.371271,0.376709,0.100425,-0.811434,-0.574922,0.519358,-0.449944,0.725843,0.337316,-0.158616,-0.097786,171.444808,-17.833503,-16.168449,-0.940905,-0.227339,0.248920,0.141474,-0.936367,-0.319156,0.306206,-0.264877,0.913974,0.417769,-0.197182,-0.125469,152.817435,-54.152157,162.449246,-0.520137,0.652503,-0.549899,0.267011,0.736746,0.620895,0.810493,0.176251,-0.557460
0.266327,0.162025,-0.101907,-164.836456,-46.779568,-109.202647,-0.660630,-0.750204,0.015487,-0.179024,0.137747,-0.974026,0.728692,-0.646450,-0.225164,0.331356,0.148833,-0.100516,-138.480391,-12.203531,-107.154031,-0.730512,-0.347569,0.586991,-0.646897,0.087164,-0.754822,0.211171,-0.931715,-0.287935,0.398386,0.197991,-0.121442,-144.370795,-53.573228,-105.517294,-0.482328,-0.786060,0.385926,-0.345644,-0.233723,-0.908545,0.804597,-0.571847,-0.158782,0.278418,-0.167189,-0.099938,173.235757,-31.285748,-31.770676,-0.848078,-0.371223,0.376570,0.100505,-0.811413,-0.574846,0.519208,-0.449905,0.725965,0.337283,-0.158642,-0.097839,171.429510,-17.840195,-16.166489,-0.940710,-0.227598,0.248946,0.141700,-0.936191,-0.319206,0.306317,-0.264834,0.913942,0.417843,-0.197023,-0.125370,152.877501,-54.131354,162.409912,-0.520654,0.652032,-0.549926,0.266577,0.737040,0.620724,0.810278,0.176718,-0.557590
0.266362,0.162025,-0.101907,-164.836573,-46.783081,-109.207917,-0.660510,-0.750239,0.015348,-0.178991,0.137903,-0.973981,0.728734,-0.646332,-0.225189,0.331351,0.148845,-0.100531,-138.488436,-12.187415,-107.150515,-0.730694,-0.347315,0.587009,-0.646875,0.087283,-0.754870,0.210897,-0.931834,-0.287907,0.398386,0.197992,-0.121539,-144.367261,-53.597426,-105.526985,-0.481996,-0.786321,0.385748,-0.345453,-0.233707,-0.908599,0.804849,-0.571461,-0.158779,0.278454,-0.167138,-0.099947,173.233515,-31.280964,-31.770713,-0.848219,-0.371219,0.376491,0.100556,-0.811503,-0.574858,0.519137,-0.449936,0.726015,0.337240,-0.158617,-0.097866,171.419977,-17.843713,-16.166689,-0.940748,-0.227780,0.248944,0.141865,-0.936229,-0.319262,0.306375,-0.264833,0.913927,0.417983,-0.196959,-0.125245,152.909538,-54.124527,162.401481,-0.521070,0.651780,-0.550041,0.266418,0.737246,0.620578,0.810207,0.176892,-0.557854
0.266464,0.162025,-0.101907,-164.846222,-46.775726,-109.190364,-0.660634,-0.750132,0.015444,-0.178905,0.137751,-0.974019,0.728647,-0.646491,-0.225023,0.331363,0.148853,-0.100511,-138.478880,-12.180181,-107.154127,-0.730675,-0.347256,0.587212,-0.647073,0.087264,-0.754766,0.210775,-0.931906,-0.287992,0.398324,0.197976,-0.121608,-144.341278,-53.610509,-105.536966,-0.481548,-0.786438,0.385803,-0.345465,-0.233769,-0.908484,0.804986,-0.571126,-0.158793,0.278456,-0.167108,-0.099947,173.243457,-31.281127,-31.778707,-0.848159,-0.371133,0.376536,0.100400,-0.811413,-0.574902,0.519139,-0.450030,0.725943,0.337276,-0.158619,-0.097820,171.419834,-17.837117,-16.168346,-0.940789,-0.227759,0.248833,0.141874,-0.936229,-0.319274,0.306266,-0.264869,0.913954,0.418040,-0.197123,-0.125205,152.855314,-54.117447,162.422688,-0.520861,0.652233,-0.549655,0.266939,0.736891,0.620772,0.810134,0.176698,-0.557965
0.266434,0.162025,-0.101907,-164.846179,-46.778088,-109.177343,-0.660547,-0.750151,0.015566,-0.178882,0.137579,-0.974026,0.728675,-0.646471,-0.224853,0.331352,0.148840,-0.100428,-138.471359,-12.178853,-107.150580,-0.730620,-0.347205,0.587367,-0.647195,0.087151,-0.754696,0.210752,-0.931952,-0.287942,0.398279,0.197973,-0.121493,-144.322740,-53.578502,-105.542098,-0.481802,-0.786136,0.386101,-0.345883,-0.233756,-0.908328,0.804652,-0.571544,-0.158965,0.278443,-0.167122,-0.099947,173.256315,-31.290203,-31.794129,-0.848120,-0.371122,0.376678,0.100203,-0.811358,-0.575050,0.519274,-0.450185,0.725756,0.337358,-0.158615,-0.097839,171.430536,-17.841947,-16.172692,-0.940754,-0.227622,0.248953,0.141689,-0.936209,-0.319308,0.306346,-0.264930,0.913906,0.417995,-0.197337,-0.125303,152.769771,-54.139087,162.470621,-0.520020,0.652845,-0.549537,0.267502,0.736480,0.620992,0.810357,0.176076,-0.557636
0.266348,0.162025,-0.101907,-164.841351,-46.785682,-109.177416,-0.660254,-0.750236,0.015487,-0.178862,0.137677,-0.973946,0.728765,-0.646246,-0.224775,0.331375,0.148848,-0.100398,-138.470162,-12.176829,-107.151559,-0.730588,-0.347197,0.587357,-0.647194,0.087212,-0.754670,0.210718,-0.931932,-0.287953,0.398428,0.198007,-0.121375,-144.329313,-53.547507,-105.548254,-0.482363,-0.785894,0.386209,-0.346199,-0.233638,-0.908350,0.804330,-0.572099,-0.159187,0.278367,-0.167095,-0.099951,173.261339,-31.302926,-31.801110,-0.848161,-0.371193,0.376848,0.100133,-0.811457,-0.575140,0.519462,-0.450224,0.725621,0.337360,-0.158589,-0.097792,171.437200,-17.834122,-16.175372,-0.940783,-0.227486,0.248858,0.141582,-0.936197,-0.319302,0.306216,-0.264985,0.913933,0.417881,-0.197445,-0.125388,152.721120,-54.167109,162.506581,-0.519395,0.653180,-0.549687,0.267747,0.736296,0.621098,0.810647,0.175589,-0.557320
0.266364,0.162025,-0.101907,-164.832658,-46.798048,-109.195301,-0.660216,-0.750402,0.015455,-0.178959,0.137690,-0.973980,0.728912,-0.646130,-0.224960,0.331436,0.148903,-0.100458,-138.458486,-12.174867,-107.172809,-0.730402,-0.347418,0.587321,-0.647294,0.087528,-0.754505,0.210684,-0.931784,-0.288286,0.398542,0.197970,-0.121363,-144.349980,-53.551486,-105.543721,-0.482435,-0.785981,0.385923,-0.345986,-0.233439,-0.908476,0.804371,-0.572052,-0.159125,0.278323,-0.167099,-0.099965,173.258681,-31.301018,-31.793328,-0.848069,-0.371164,0.376845,0.100161,-0.811414,-0.575041,0.519434,-0.450126,0.725683,0.337347,-0.158581,-0.097712,171.441717,-17.817204,-16.171997,-0.941003,-0.227330,0.248632,0.141541,-0.936364,-0.319188,0.305936,-0.264960,0.914043,0.418004,-0.197491,-0.125349,152.735259,-54.170455,162.488969,-0.519504,0.653222,-0.549634,0.267638,0.736226,0.621244,0.810682,0.175778,-0.557314
0.266370,0.162025,-0.101907,-164.830892,-46.805821,-109.223227,-0.660337,-0.750509,0.015246,-0.179013,0.137898,-0.974025,0.729005,-0.646088,-0.225297,0.331406,0.148948,-0.100520,-138.434046,-12.182245,-107.193402,-0.730107,-0.347743,0.587494,-0.647586,0.087575,-0.754258,0.210810,-0.931658,-0.288613,0.398401,0.197956,-0.121397,-144.327241,-53.575837,-105.558783,-0.481939,-0.786217,0.385914,-0.345923,-0.233533,-0.908422,0.804624,-0.571607,-0.159163,0.278340,-0.167125,-0.099935,173.246514,-31.288116,-31.778645,-0.848079,-0.371142,0.376655,0.100344,-0.811406,-0.574891,0.519243,-0.449995,0.725886,0.337366,-0.158555,-0.097704,171.445915,-17.819565,-16.163576,-0.941119,-0.227249,0.248727,0.141489,-0.936546,-0.319041,0.305975,-0.264824,0.914077,0.418138,-0.197458,-0.125381,152.748173,-54.198933,162.487284,-0.519423,0.653270,-0.549916,0.267448,0.736224,0.621369,0.810976,0.175749,-0.557163
0.266352,0.162025,-0.101907,-164.828038,-46.795336,-109.249913,-0.660372,-0.750405,0.014923,-0.179058,0.138429,-0.973911,0.728880,-0.646048,-0.225619,0.331375,0.148941,-0.100526,-138.424236,-12.188758,-107.189130,-0.730009,-0.347781,0.587665,-0.647722,0.087345,-0.754191,0.210920,-0.931682,-0.288545,0.398170,0.197994,-0.121498,-144.285653,-53.611933,-105.582026,-0.481261,-0.786506,0.386151,-0.345970,-0.233921,-0.908296,0.805000,-0.571040,-0.159256,0.278345,-0.167122,-0.099863,173.241923,-31.284899,-31.762971,-0.848185,-0.371077,0.376674,0.100426,-0.811618,-0.574696,0.519195,-0.449817,0.726042,0.337355,-0.158565,-0.097716,171.436070,-17.832983,-16.151339,-0.941006,-0.227417,0.248931,0.141636,-0.936551,-0.318918,0.306197,-0.264608,0.914064,0.418101,-0.197354,-0.125433,152.749870,-54.218586,162.506592,-0.519171,0.653109,-0.550330,0.267299,0.736429,0.621184,0.811178,0.175471,-0.556943
0.266401,0.162025,-0.101907,-164.816105,-46.785481,-109.276102,-0.660344,-0.750328,0.014738,-0.179197,0.138859,-0.973783,0.728763,-0.645983,-0.225925,0.331395,0.148914,-0.100506,-138.427133,-12.191400,-107.196123,-0.730068,-0.347873,0.587613,-0.647708,0.087381,-0.754232,0.210965,-0.931671,-0.288665,0.398173,0.197908,-0.121527,-144.316285,-53.616255,-105.561252,-0.481397,-0.786525,0.385941,-0.345677,-0.233857,-0.908425,0.805046,-0.571040,-0.159032,0.278357,-0.167119,-0.099843,173.248212,-31.285137,-31.746275,-0.848221,-0.370876,0.376849,0.100336,-0.811851,-0.574417,0.519198,-0.449606,0.726171,0.337316,-0.158564,-0.097627,171.430986,-17.817075,-16.134171,-0.941083,-0.227349,0.248724,0.141734,-0.936646,-0.318622,0.305934,-0.264361,0.914230,0.418211,-0.197283,-0.125330,152.790495,-54.191439,162.484195,-0.519576,0.652655,-0.550326,0.267036,0.736738,0.620904,0.810898,0.175763,-0.557102
0.266400,0.162025,-0.101907,-164.808464,-46.786833,-109.287002,-0.660213,-0.750360,0.014654,-0.179255,0.139029,-0.973714,0.728779,-0.645859,-0.226019,0.331359,0.148954,-0.100493,-138.400983,-12.188238,-107.223740,-0.729697,-0.348166,0.587705,-0.647972,0.087742,-0.753902,0.210911,-0.931472,-0.289094,0.398295,0.197948,-0.121477,-144.312489,-53.598709,-105.574554,-0.481660,-0.786426,0.385974,-0.345912,-0.233723,-0.908426,0.804863,-0.571319,-0.159253,0.278371,-0.167119,-0.099857,173.254371,-31.271854,-31.729895,-0.848361,-0.370577,0.376850,0.100262,-0.812073,-0.574121,0.519002,-0.449462,0.726401,0.337335,-0.158476,-0.097492,171.452412,-17.784271,-16.124271,-0.941240,-0.226794,0.248377,0.141399,-0.936741,-0.318284,0.305390,-0.264255,0.914446,0.418454,-0.197329,-0.125163,152.813479,-54.168024,162.465719,-0.520034,0.652502,-0.550135,0.267003,0.736808,0.620844,0.810657,0.176063,-0.557422
0.266350,0.162025,-0.101907,-164.812214,-46.790547,-109.281893,-0.660164,-0.750389,0.014634,-0.179196,0.138995,-0.973724,0.728823,-0.645824,-0.225943,0.331356,0.149066,-0.100550,-138.354279,-12.184105,-107.253167,-0.729097,-0.348487,0.588059,-0.648499,0.088014,-0.753357,0.210841,-0.931264,-0.289554,0.398317,0.198054,-0.121499,-144.258280,-53.606188,-105.616075,-0.481251,-0.786546,0.386253,-0.346313,-0.233857,-0.908242,0.804940,-0.571105,-0.159642,0.278315,-0.167119,-0.099853,173.248353,-31.278108,-31.713423,-0.848282,-0.370599,0.376976,0.100342,-0.812179,-0.573936,0.519095,-0.449221,0.726476,0.337361,-0.158313,-0.097389,171.491195,-17.767241,-16.116187,-0.941381,-0.226042,0.248368,0.140771,-0.936910,-0.317939,0.305108,-0.264153,0.914572,0.418688,-0.197378,-0.125137,152.808480,-54.190021,162.467697,-0.519783,0.652635,-0.550277,0.266933,0.736722,0.620987,0.810883,0.175967,-0.557186
0.266428,0.162025,-0.101907,-164.814197,-46.788736,-109.287106,-0.660359,-0.750374,0.014657,-0.179224,0.138951,-0.973788,0.728802,-0.645945,-0.226051,0.331397,0.149128,-0.100615,-138.330244,-12.197362,-107.272851,-0.728901,-0.348845,0.588340,-0.648869,0.087834,-0.753165,0.211066,-0.931226,-0.289891,0.398306,0.198013,-0.121483,-144.248795,-53.610377,-105.619581,-0.481070,-0.786592,0.386244,-0.346305,-0.233843,-0.908198,0.804984,-0.570968,-0.159641,0.278202,-0.167124,-0.099865,173.229663,-31.317770,-31.694101,-0.847806,-0.371035,0.377416,0.100562,-0.812132,-0.573845,0.519682,-0.448782,0.726299,0.337344,-0.158154,-0.097331,171.514315,-17.764759,-16.109580,-0.941564,-0.225637,0.248489,0.140412,-0.937156,-0.317726,0.305067,-0.264054,0.914621,0.418948,-0.197352,-0.125180,152.866277,-54.205184,162.395205,-0.519768,0.652574,-0.550251,0.266258,0.736614,0.621394,0.811040,0.176583,-0.556656
0.266436,0.162025,-0.101907,-164.806143,-46.791830,-109.296008,-0.660414,-0.750435,0.014749,-0.179338,0.138870,-0.973823,0.728839,-0.645958,-0.226167,0.331411,0.149108,-0.100616,-138.322866,-12.205009,-107.276524,-0.728863,-0.348965,0.588466,-0.649002,0.087664,-0.753129,0.211196,-0.931243,-0.289960,0.398233,0.198064,-0.121360,-144.238992,-53.581030,-105.608778,-0.481332,-0.786245,0.386598,-0.346618,-0.233959,-0.908040,0.804679,-0.571383,-0.159641,0.278146,-0.167141,-0.099889,173.225648,-31.349637,-31.690099,-0.847605,-0.371305,0.377809,0.100597,-0.812213,-0.573867,0.520154,-0.448587,0.726089,0.337370,-0.158147,-0.097377,171.508606,-17.782309,-16.110327,-0.941533,-0.225824,0.248727,0.140503,-0.937193,-0.317808,0.305358,-0.264039,0.914529,0.418953,-0.197293,-0.125263,152.894562,-54.221766,162.351805,-0.519580,0.652610,-0.550255,0.265836,0.736491,0.621705,0.811211,0.176901,-0.556177
0.266355,0.162025,-0.101898,-164.801415,-46.791872,-109.299301,-0.660344,-0.750445,0.014747,-0.179378,0.138918,-0.973788,0.728839,-0.645905,-0.226190,0.331376,0.149134,-0.100610,-138.304434,-12.199195,-107.285899,-0.728603,-0.349027,0.588594,-0.649190,0.087833,-0.752893,0.211097,-0.931155,-0.290100,0.398181,0.198200,-0.121174,-144.209324,-53.528427,-105.612028,-0.481769,-0.785713,0.387168,-0.347311,-0.234033,-0.907769,0.804131,-0.572099,-0.159877,0.278172,-0.167098,-0.099870,173.238285,-31.353025,-31.707148,-0.847665,-0.371265,0.377867,0.100416,-0.812193,-0.574033,0.520204,-0.448793,0.725941,0.337362,-0.158217,-0.097355,171.502586,-17.778306,-16.118695,-0.941472,-0.225933,0.248596,0.140594,-0.937056,-0.317959,0.305292,-0.264177,0.914507,0.418790,-0.197209,-0.125383,152.857875,-54.270448,162.401023,-0.518877,0.652789,-0.550811,0.265904,0.736504,0.621673,0.811712,0.176239,-0.555762
0.266353,0.162025,-0.101886,-164.801963,-46.781605,-109.302726,-0.660308,-0.750325,0.014614,-0.179361,0.139176,-0.973693,0.728716,-0.645897,-0.226231,0.331354,0.149194,-0.100582,-138.290702,-12.189435,-107.297861,-0.728482,-0.349044,0.588741,-0.649394,0.088010,-0.752711,0.210932,-0.931139,-0.290307,0.398221,0.198224,-0.121125,-144.194823,-53.505877,-105.625411,-0.481985,-0.785545,0.387331,-0.347652,-0.233960,-0.907689,0.803896,-0.572410,-0.160110,0.278207,-0.167022,-0.099853,173.258689,-31.345317,-31.719551,-0.847631,-0.371001,0.377884,0.100108,-0.812070,-0.574055,0.520090,-0.448977,0.725889,0.337295,-0.158186,-0.097210,171.513246,-17.740344,-16.129678,-0.941625,-0.225620,0.248018,0.140439,-0.936985,-0.317996,0.304663,-0.264410,0.914650,0.418868,-0.197139,-0.125366,152.871218,-54.284861,162.419842,-0.518763,0.652479,-0.551291,0.265693,0.736834,0.621368,0.811861,0.175995,-0.555633
0.266364,0.162025,-0.101943,-164.793786,-46.789851,-109.311719,-0.660074,-0.750431,0.014528,-0.179398,0.139303,-0.973628,0.728815,-0.645684,-0.226269,0.331364,0.149254,-0.100622,-138.269827,-12.187297,-107.319223,-0.728290,-0.349248,0.588934,-0.649696,0.088142,-0.752479,0.210895,-0.931080,-0.290667,0.398224,0.198221,-0.121262,-144.182593,-53.532932,-105.635653,-0.481571,-0.785796,0.387279,-0.347512,-0.234074,-0.907691,0.804178,-0.571986,-0.160102,0.278135,-0.167018,-0.099860,173.253894,-31.341889,-31.717542,-0.847663,-0.371030,0.377807,0.100183,-0.812070,-0.574054,0.520039,-0.448968,0.725933,0.337249,-0.158060,-0.097075,171.530611,-17.715714,-16.118652,-0.941782,-0.225171,0.247778,0.140173,-0.937119,-0.317680,0.304254,-0.264274,0.914831,0.419329,-0.197112,-0.125065,152.962152,-54.210868,162.333584,-0.520015,0.651872,-0.550686,0.265277,0.737079,0.621235,0.811098,0.177121,-0.556249
0.266364,0.162025,-0.102011,-164.789332,-46.802902,-109.319217,-0.659991,-0.750590,0.014522,-0.179430,0.139241,-0.973666,0.728970,-0.645565,-0.226321,0.331377,0.149343,-0.100697,-138.231659,-12.201733,-107.364578,-0.727828,-0.349924,0.589124,-0.650152,0.088339,-0.752091,0.211140,-0.930819,-0.291392,0.398185,0.198213,-0.121316,-144.176356,-53.544281,-105.640200,-0.481374,-0.785904,0.387249,-0.347450,-0.234109,-0.907686,0.804296,-0.571792,-0.160096,0.278003,-0.167033,-0.099860,173.227809,-31.344943,-31.699680,-0.847640,-0.371303,0.377707,0.100569,-0.812126,-0.573982,0.520085,-0.448731,0.726052,0.337187,-0.157966,-0.096962,171.546748,-17.702426,-16.100058,-0.941929,-0.224768,0.247739,0.139925,-0.937337,-0.317275,0.304034,-0.264000,0.914991,0.419718,-0.197278,-0.124759,152.993985,-54.126968,162.259789,-0.521296,0.651980,-0.549427,0.265556,0.736730,0.621549,0.810233,0.178229,-0.557232
0.266364,0.162025,-0.102006,-164.797919,-46.793155,-109.317812,-0.660224,-0.750468,0.014492,-0.179388,0.139275,-0.973701,0.728854,-0.645750,-0.226369,0.331366,0.149452,-0.100688,-138.186817,-12.199600,-107.399643,-0.727282,-0.350317,0.589456,-0.650684,0.088618,-0.751575,0.211104,-0.930615,-0.291952,0.398173,0.198178,-0.121315,-144.159069,-53.543716,-105.654739,-0.481269,-0.785930,0.387316,-0.347596,-0.234103,-0.907628,0.804290,-0.571753,-0.160242,0.277918,-0.167033,-0.099860,173.227885,-31.349221,-31.683102,-0.847584,-0.371223,0.377870,0.100561,-0.812269,-0.573751,0.520148,-0.448499,0.726142,0.337160,-0.157901,-0.096877,171.568535,-17.685201,-16.091123,-0.942124,-0.224298,0.247630,0.139590,-0.937537,-0.316993,0.303748,-0.263885,0.915125,0.419783,-0.197260,-0.124874,153.006191,-54.153812,162.262054,-0.521068,0.651904,-0.549798,0.265300,0.736832,0.621546,0.810510,0.178111,-0.556937
0.266364,0.162025,-0.101994,-164.797070,-46.788264,-109.331390,-0.660239,-0.750418,0.014316,-0.179403,0.139550,-0.973644,0.728796,-0.645725,-0.226531,0.331310,0.149503,-0.100682,-138.156170,-12.190243,-107.408235,-0.726935,-0.350331,0.589808,-0.651071,0.088685,-0.751213,0.210946,-0.930582,-0.292094,0.398206,0.198256,-0.121273,-144.135436,-53.529699,-105.657130,-0.481352,-0.785714,0.387782,-0.347960,-0.234408,-0.907456,0.804144,-0.571998,-0.160337,0.277887,-0.167033,-0.099860,173.229671,-31.353164,-31.672871,-0.847509,-0.371158,0.378003,0.100525,-0.812336,-0.573597,0.520206,-0.448347,0.726183,0.337178,-0.157905,-0.096814,171.565604,-17.670935,-16.072879,-0.942038,-0.224182,0.247466,0.139625,-0.937486,-0.316671,0.303512,-0.263616,0.915279,0.419821,-0.196986,-0.125100,153.091810,-54.214425,162.231756,-0.520709,0.651261,-0.550906,0.264132,0.737383,0.621386,0.811135,0.178153,-0.556038
0.266364,0.162019,-0.101994,-164.795960,-46.797275,-109.352795,-0.660181,-0.750526,0.014059,-0.179401,0.139818,-0.973627,0.728903,-0.645572,-0.226747,0.331283,0.149434,-0.100707,-138.162012,-12.195631,-107.404788,-0.727072,-0.350333,0.589831,-0.651059,0.088500,-0.751318,0.211037,-0.930659,-0.292055,0.398216,0.198376,-0.121291,-144.119824,-53.519763,-105.657181,-0.481413,-0.785556,0.388110,-0.348204,-0.234628,-0.907336,0.804040,-0.572172,-0.160387,0.277902,-0.167033,-0.099860,173.221814,-31.354471,-31.661131,-0.847465,-0.371200,0.378018,0.100637,-0.812381,-0.573484,0.520226,-0.448190,0.726259,0.337181,-0.157893,-0.096839,171.565212,-17.676561,-16.072293,-0.941973,-0.224208,0.247555,0.139622,-0.937449,-0.316676,0.303605,-0.263597,0.915251,0.419855,-0.196853,-0.125091,153.155012,-54.212679,162.172282,-0.521034,0.651016,-0.550895,0.263566,0.737454,0.621545,0.811117,0.178748,-0.555887
0.266364,0.162014,-0.101994,-164.794870,-46.802797,-109.361225,-0.660169,-0.750593,0.013988,-0.179411,0.139872,-0.973640,0.728968,-0.645515,-0.226833,0.331333,0.149399,-0.100673,-138.178278,-12.185721,-107.390842,-0.727349,-0.350035,0.589809,-0.650936,0.088436,-0.751486,0.210869,-0.930825,-0.291857,0.398143,0.198375,-0.121317,-144.106482,-53.511539,-105.680322,-0.481333,-0.785622,0.387899,-0.348318,-0.234257,-0.907324,0.803954,-0.572132,-0.160627,0.277911,-0.167035,-0.099860,173.227882,-31.359363,-31.649372,-0.847389,-0.371071,0.378214,0.100537,-0.812490,-0.573281,0.520298,-0.448014,0.726304,0.337178,-0.157822,-0.096928,171.586905,-17.685457,-16.084135,-0.942019,-0.223953,0.247770,0.139265,-0.937503,-0.316796,0.303752,-0.263772,0.915151,0.419894,-0.196952,-0.125012,153.132289,-54.182824,162.175495,-0.521191,0.651133,-0.550470,0.263907,0.737321,0.621538,0.810809,0.178804,-0.556174
0.266361,0.162060,-0.101994,-164.776179,-46.806243,-109.366011,-0.659927,-0.750670,0.014129,-0.179575,0.139836,-0.973562,0.729010,-0.645353,-0.226836,0.331378,0.149461,-0.100614,-138.183794,-12.169286,-107.376244,-0.727449,-0.349682,0.589870,-0.650900,0.088470,-0.751503,0.210590,-0.930946,-0.291635,0.398119,0.198305,-0.121161,-144.120534,-53.462660,-105.672543,-0.481960,-0.785232,0.387877,-0.348589,-0.233881,-0.907305,0.803444,-0.572799,-0.160730,0.277911,-0.167037,-0.099860,173.242389,-31.369902,-31.645796,-0.847283,-0.370919,0.378512,0.100308,-0.812575,-0.573147,0.520454,-0.447916,0.726243,0.337185,-0.157807,-0.096904,171.590756,-17.681091,-16.082544,-0.942007,-0.223858,0.247731,0.139199,-0.937486,-0.316741,0.303680,-0.263753,0.915179,0.419905,-0.197087,-0.125062,153.086561,-54.180810,162.232839,-0.520968,0.651147,-0.550622,0.264322,0.737441,0.621209,0.810788,0.178238,-0.556339
0.266355,0.162051,-0.101989,-164.779922,-46.798598,-109.355752,-0.659979,-0.750573,0.014191,-0.179543,0.139787,-0.973555,0.728919,-0.645447,-0.226740,0.331378,0.149435,-0.100652,-138.191315,-12.172843,-107.374220,-0.727444,-0.349718,0.589681,-0.650725,0.088557,-0.751571,0.210650,-0.930868,-0.291577,0.398201,0.198194,-0.121104,-144.192896,-53.441973,-105.619040,-0.482768,-0.784948,0.387689,-0.348240,-0.233815,-0.907546,0.803228,-0.573352,-0.160306,0.277911,-0.167018,-0.099860,173.251383,-31.380006,-31.652857,-0.847331,-0.370913,0.378687,0.100179,-0.812679,-0.573207,0.520604,-0.447968,0.726125,0.337196,-0.157809,-0.096831,171.591731,-17.673956,-16.102512,-0.942112,-0.223903,0.247542,0.139199,-0.937443,-0.317046,0.303562,-0.264082,0.915123,0.419865,-0.197088,-0.125047,153.086137,-54.180427,162.247506,-0.521062,0.651061,-0.550743,0.264374,0.737556,0.621064,0.810784,0.178127,-0.556490
0.266389,0.162033,-0.101972,-164.795554,-46.776510,-109.358731,-0.660401,-0.750303,0.014043,-0.179466,0.140009,-0.973576,0.728656,-0.645775,-0.226894,0.331352,0.149380,-0.100688,-138.196964,-12.170548,-107.371424,-0.727441,-0.349675,0.589548,-0.650595,0.088678,-0.751604,0.210611,-0.930821,-0.291514,0.398264,0.198095,-0.121136,-144.252459,-53.444990,-105.590337,-0.483133,-0.785006,0.387179,-0.347735,-0.233527,-0.907837,0.803259,-0.573427,-0.160015,0.277911,-0.167013,-0.099854,173.257877,-31.384850,-31.665794,-0.847285,-0.370945,0.378727,0.100077,-0.812576,-0.573355,0.520675,-0.448108,0.725987,0.337185,-0.157866,-0.096810,171.591900,-17.664353,-16.129092,-0.942274,-0.223983,0.247282,0.139221,-0.937408,-0.317457,0.303403,-0.264521,0.915052,0.419854,-0.197056,-0.125036,153.086307,-54.188095,162.228858,-0.520980,0.651267,-0.550597,0.264331,0.737341,0.621344,0.810864,0.178282,-0.556344
0.266414,0.162112,-0.102016,-164.771894,-46.805246,-109.423742,-0.660034,-0.750690,0.013523,-0.179656,0.140657,-0.973471,0.728998,-0.645216,-0.227515,0.331402,0.149449,-0.100686,-138.191089,-12.161492,-107.368470,-0.727393,-0.349543,0.589666,-0.650685,0.088713,-0.751515,0.210458,-0.930861,-0.291473,0.398226,0.198123,-0.121150,-144.225594,-53.434851,-105.629462,-0.482912,-0.785137,0.386861,-0.347922,-0.232958,-0.907792,0.803153,-0.573292,-0.160402,0.277911,-0.167011,-0.099840,173.260595,-31.389001,-31.680215,-0.847174,-0.371036,0.378709,0.100023,-0.812370,-0.573546,0.520737,-0.448265,0.725834,0.337178,-0.157942,-0.096816,171.581151,-17.663428,-16.129682,-0.942263,-0.224157,0.247203,0.139399,-0.937372,-0.317512,0.303387,-0.264532,0.915054,0.419848,-0.196998,-0.125151,153.095755,-54.229848,162.198907,-0.520458,0.651528,-0.550744,0.263961,0.737084,0.621806,0.811294,0.178383,-0.555647
0.266371,0.162097,-0.102092,-164.742876,-46.866525,-109.510170,-0.659137,-0.751438,0.012608,-0.179768,0.141612,-0.973295,0.729725,-0.644098,-0.228208,0.331465,0.149483,-0.100691,-138.188023,-12.158716,-107.373784,-0.727402,-0.349558,0.589723,-0.650763,0.088748,-0.751479,0.210411,-0.930880,-0.291573,0.398195,0.198238,-0.121175,-144.188837,-53.417676,-105.667145,-0.482845,-0.785115,0.386917,-0.348347,-0.232706,-0.907667,0.802974,-0.573382,-0.160836,0.277905,-0.167025,-0.099883,173.254382,-31.406828,-31.688265,-0.847106,-0.371313,0.378824,0.100107,-0.812340,-0.573734,0.521001,-0.448291,0.725645,0.337179,-0.157922,-0.096827,171.586226,-17.672772,-16.127808,-0.942182,-0.224106,0.247387,0.139302,-0.937354,-0.317481,0.303542,-0.264487,0.915012,0.419778,-0.196881,-0.125260,153.128128,-54.263286,162.168621,-0.520152,0.651476,-0.551058,0.263436,0.737091,0.622016,0.811639,0.178524,-0.555066
